0	0	0	0.69314718055914625871594125783304
3	2200	0	0.58613808370122910673671867698431
6	4400	1	0.51708954021804542922069458654732
9	6600	1	0.46834722327968147936871901038103
12	8800	2	0.43514435392563832749601715477183
15	11000	2	0.4093330832092826887524950052466
18	13200	3	0.39068203197193229758710231180885
21	15401	4	0.37612386582389534250836504725157
24	17601	4	0.36506515774818121267131232343672
27	19801	5	0.35588497279871245115856481788796
30	22001	6	0.3482283087941198673753717685031
33	24201	6	0.34196171458233071138721470560995
36	26401	7	0.33714095794639292735794811051164
39	28602	7	0.33301103056097314247807616993668
42	30802	8	0.3290339553484449286457902417169
45	33002	8	0.32551780229878068961824055804755
48	35202	9	0.32244577325188622518581382792036
51	37402	10	0.31981646563076154832216957402125
54	39602	10	0.31755742382376805910126904564095
57	41803	11	0.31563698389956756917840152709687
60	44003	11	0.3135311495073124787857921091927
63	46203	12	0.31173371175400094168495002122654
66	48403	13	0.31011154199512597218202358817507
69	50603	13	0.30845237810714837278780464657757
72	52803	14	0.30674446187428799914798105419322
75	55004	14	0.30545237793901613976288444973761
78	57204	15	0.30416458032528331800747878332913
81	59404	15	0.30305430278877643068824454530841
84	61604	16	0.30190348078703282963530796223495
87	63804	17	0.30077746751674500069739792706969
90	66004	17	0.29973680736125390966506643053435
93	68204	18	0.29861115667988719080128134919505
96	70405	18	0.29764186324125302407495041734364
99	72605	19	0.29687240919311691511595086012676
102	74805	19	0.29592838810666471927035559019714
105	77005	20	0.29494570614674181507908201638202
108	79205	20	0.29405085503857436579622230965469
111	81405	21	0.29337471110991597544881415160489
114	83606	22	0.29264874513039779158063424802094
117	85806	22	0.29166312491114187999130535899894
120	88006	23	0.29090305898637625059421907280921
123	90206	23	0.28991228043841738015728992650111
126	92406	24	0.28907408395236267040218081092462
129	94606	24	0.28817659271683737642888445407152
132	96807	25	0.28734025744422519998977350041969
135	99007	25	0.28654584218289547159486119198846
138	101207	26	0.28579936481254741842406019713962
141	103407	26	0.28504154723213154243310896163166
144	105607	27	0.284313969736113392183796122481
147	107807	28	0.2836412409423068603508966134541
150	110008	28	0.28286822907925590619981903728331
153	112208	28	0.28220151012365662923642162240867
156	114408	29	0.28156433271060926637474608469347
159	116608	29	0.28096027832807152213590029532497
162	118808	30	0.28023518551920256758336336133652
165	121008	31	0.27960650141563664350385920442932
168	123208	31	0.27890411408780957369657471645041
171	125409	32	0.2782789025204763788678974378854
174	127609	32	0.27762241921898428431703109708906
177	129809	33	0.27702418809316403658371541496308
180	132009	33	0.27632209396341073093239515401365
183	134209	34	0.27566288520313297905062199788517
186	136409	35	0.27516188939279317970942884130636
189	138610	35	0.27458377050348242720545499651053
192	140810	36	0.27393826643804958242967018122727
195	143010	36	0.27333841248668377943431551102549
198	145210	37	0.27279100876965306499144503504795
201	147410	37	0.27226045077835092644846781695378
204	149610	38	0.27170503292629905045529881135735
207	151811	38	0.27116438677526227829517324607878
210	154011	39	0.27056764071138339478039824825828
213	156211	39	0.27003222933738940669812222949986
216	158411	40	0.26943629062812030072748825659801
219	160611	40	0.26886817811542934597568432764092
222	162811	41	0.26831272903033814847262306102493
225	165012	41	0.26782640203696994607440728941583
228	167212	42	0.26720229901446707065915120438149
231	169412	43	0.2666413579995043359183171105542
234	171612	43	0.26618639020126444449942937353626
237	173812	44	0.26571372910148477464176153262088
240	176012	44	0.26528068564617146574136086201179
243	178212	45	0.26482553882831161295996480475878
246	180413	45	0.26431147812553229536902676954924
249	182613	46	0.26379126089295307222570841076958
252	184813	47	0.26332599093709957438491642278677
255	187013	47	0.26278073823540110121044222069031
258	189213	48	0.26227070908475352828403970306681
261	191413	48	0.26174152346242840483370173387812
264	193614	49	0.26128529136501038587780954003392
267	195814	49	0.26073267697206237158980002277531
270	198014	50	0.26023571120114669108502880590095
273	200214	50	0.25981594949283709494736172018747
276	202414	51	0.25934886741758550465775101656618
279	204614	51	0.25883667742316568416427458032558
282	206815	52	0.25840567726899010825292180015822
285	209015	52	0.25802034573873167122570748688304
288	211215	52	0.25755026607423142648300995460886
291	213415	53	0.25712911803314913994356061266444
294	215615	53	0.25668661786950125458517391052737
297	217815	54	0.25627626885266296952181619417388
300	220016	55	0.25586996735030953509237860998837
303	222216	55	0.25549459035771016068849803559715
306	224416	56	0.25507795578650438450551973801339
309	226616	56	0.25466510480147541706230640556896
312	228816	56	0.25431104624158246130249949601421
315	231016	57	0.25393101233754516998786243675568
318	233216	58	0.25357068855375863858370166781242
321	235417	58	0.25311794554521532818469609082968
324	237617	59	0.25273803076933915034985034253623
327	239817	59	0.25233784588422536465657231019577
330	242017	60	0.25196721025202778454499252802634
333	244217	60	0.25159087795816825749994904981577
336	246417	61	0.25122951324572340148222338029882
339	248618	62	0.25088326589873644056893908782513
342	250818	62	0.25050255815437827422442751412746
345	253018	63	0.25010927770711471884723664516059
348	255218	63	0.24968013344168446532300720264175
351	257418	64	0.24936829992788314691587459037692
354	259618	64	0.24908858906732936344674556039536
357	261819	65	0.24879845421904853153272085819481
360	264019	66	0.24845395999417721477620091263816
363	266219	66	0.24817867211912431057996286654088
366	268419	67	0.24789061173379103864000683188351
369	270619	67	0.24753522265818941883175341445167
372	272819	68	0.24721227031232814730365987543337
375	275020	69	0.24693778374094102479041623610101
378	277220	69	0.2466823336278965161927345661752
381	279420	70	0.24632162105745014635260758950608
384	281620	70	0.24599575476773752336079326141771
387	283820	71	0.24560546192883853100497049126716
390	286020	71	0.24530195179056102361414559709374
393	288220	72	0.24500395990740150842235323125351
396	290421	72	0.24470460299437268858468996768352
399	292621	73	0.24442129532126574686934361579915
402	294821	73	0.24411598003904794174090397973487
405	297021	74	0.24383767666907610327520217197161
408	299221	74	0.24353935332069576169544689037139
411	301421	75	0.24322912755892323044548675170518
414	303622	75	0.24295250487543199047202335805196
417	305822	76	0.24267752619766572164117235388403
420	308022	76	0.2423904928912762601900254821885
423	310222	77	0.2421267277968994768855282018194
426	312422	77	0.24190231017906480004420188834047
429	314622	78	0.24163639523228930272580328164622
432	316823	79	0.24141266277603043444166530662187
435	319023	79	0.2411148140154739105689429834456
438	321223	80	0.24084716445048381938676129720989
441	323423	80	0.24055999002468711478464058473037
444	325623	81	0.2403189310971016734441718654125
447	327823	81	0.24003836909178591363378529877082
450	330024	82	0.2398293024888353275336783099192
453	332224	82	0.23960726621536601599338212054136
456	334424	83	0.23937047071530512254433631369466
459	336624	83	0.23913465482094770075960354915878
462	338824	84	0.23884698413649749215714734873472
465	341024	84	0.23862416619807402806685558971367
468	343224	85	0.23835864218800342784199131074274
471	345425	86	0.2381498990652711755799941784062
474	347625	86	0.23788392959960458217238965517026
477	349825	87	0.23767945928890749085482525515545
480	352025	87	0.23746840310675668139772653830732
483	354225	88	0.23723232129647656152293677678244
486	356425	88	0.23700798578099607771818568835442
489	358626	89	0.2367908956557354949179483583066
492	360826	89	0.23655935333539129805657807992247
495	363026	90	0.23635769217307428524676993220055
498	365226	90	0.23618556273815324852982655556843
501	367426	91	0.23598670457436976555243290931685
504	369626	91	0.23581341367410932341464047112822
507	371827	92	0.23561829643183121452132411377534
510	374027	93	0.23537216121215606690064703343523
513	376227	93	0.23515691971759949963072244827345
516	378427	94	0.23490934399567034440714508036763
519	380627	95	0.23466775655693811186708330751571
522	382827	95	0.23446594045755056456847853496583
525	385028	96	0.23431379526579268479657969237451
528	387228	97	0.23409137785848205259853216375632
531	389428	97	0.23389036200141191668144813320396
534	391628	98	0.2336321607483440587760270545914
537	393828	99	0.23342216286842495942543962428317
540	396028	99	0.23326223869106521568994594417745
543	398228	100	0.23308045203235636111394057934376
546	400429	101	0.23289276964927421720297218143969
549	402629	101	0.23272782088166585334754188352235
552	404829	102	0.23256491702496545626033253029163
555	407029	103	0.23237370815585545180681492638541
558	409229	103	0.23217686044019464342014202884457
561	411429	104	0.23199012548292577418074245088064
564	413630	105	0.23187396962763834329379619703104
567	415830	105	0.23172891255800193155423016833083
570	418030	106	0.23155211068989745015755943313707
573	420230	106	0.231374324185715185553391393114
576	422430	107	0.23120959907755303519572009918193
579	424630	108	0.23104247374084091459778278476733
582	426831	108	0.23092292548023454767935902509635
585	429031	109	0.23075264495122083108213928426267
588	431231	109	0.23057870711165651123053521587281
591	433431	110	0.23041664128323346982796238080482
594	435631	111	0.23027073074203296965123399786535
597	437831	111	0.23007203754497893011254916473263
600	440032	112	0.22993247826477566930769569353288
603	442232	113	0.22978412666848921364071145490016
606	444432	113	0.22962687857149072234719255902746
609	446632	114	0.22947252621573013819933350987412
612	448832	115	0.22933082982198388366512631364458
615	451032	115	0.22915827004395211696774481424654
618	453232	116	0.22899287835757739517639208770561
621	455433	117	0.22887121905178375858014305777033
624	457633	117	0.22873987180579544165048844206467
627	459833	118	0.22858254700087571320565871246799
630	462033	118	0.22843934163351839461419956478494
633	464233	119	0.22830295472741909956759798205894
636	466433	119	0.22815657223056715063869148707454
639	468634	120	0.22801944875414847935246598353842
642	470834	120	0.22793036092710222684232235224044
645	473034	121	0.22778925607399916342110657296871
648	475234	121	0.2276351183276317524661891411597
651	477434	122	0.22751374786886091605708770657657
654	479634	122	0.22734373710285504799344380444381
657	481835	123	0.22722437530458350352091656532139
660	484035	124	0.2271210655068593708971746991665
663	486235	124	0.22701166682581025435538890633325
666	488435	125	0.22684235076615008597222811204119
669	490635	125	0.2267342874960051879451583545233
672	492835	126	0.22658444537697197684877892243094
675	495036	127	0.22648932046256953221075036708498
678	497236	127	0.22637354174017371155613886912761
681	499436	128	0.22626495772877852630244888132438
684	501636	128	0.22614032744408169017802379130444
687	503836	129	0.22597860037683917266981836746709
690	506036	129	0.2258792544601039564700073469794
693	508236	130	0.22575568773599638539018030769512
696	510437	130	0.22562469194004594608138347666682
699	512637	131	0.22549011533831295195362542926887
702	514837	131	0.22535237233540450496604989893967
705	517037	132	0.22518860254109793195276267852023
708	519237	132	0.22507001604589066401373997905466
711	521437	133	0.22497859794630664653780627304513
714	523638	133	0.22486846367538490532034245461546
717	525838	134	0.22475969416612368023677959172346
720	528038	134	0.22459556837765548564789241936523
723	530238	135	0.22447202261211063323287362436531
726	532438	135	0.22437081050762802680864638205094
729	534638	136	0.2243021767478238226445341751969
732	536839	136	0.22423126366424031563617802476074
735	539039	137	0.22414971173413053562306629373779
738	541239	137	0.22404974323632481647550207526365
741	543439	138	0.22394528954374331997101421620755
744	545639	138	0.22385977413288077331188219432079
747	547839	139	0.22373098584234027419448409546021
750	550040	139	0.22361833201201286591697225958342
753	552240	140	0.22353018136297131412959515728289
756	554440	140	0.22342285221009347551124335495842
759	556640	141	0.22329099580894520848950435265579
762	558840	141	0.2231890677645878562351811069675
765	561040	142	0.22309077367716131923280897808581
768	563240	143	0.22299847088767821290389292698819
771	565441	143	0.22288428761081702234037038579118
774	567641	144	0.22279679884683667445699484233046
777	569841	144	0.22272517996210383639521523946314
780	572041	145	0.22262222234887737992714562551555
783	574241	145	0.22255375567711913054047556670412
786	576441	146	0.22249134040399573541968436529714
789	578642	146	0.22238722757912326999374386105046
792	580842	147	0.22229984221409282429959830551525
795	583042	147	0.22220277013399908350166356285627
798	585242	148	0.22211637941473935664582484150742
801	587442	149	0.22203676395822632971821519731748
804	589642	149	0.22193964288672340945396399547462
807	591843	150	0.22183867203097534792632927747036
810	594043	150	0.22172948078260315551979431347718
813	596243	151	0.22162994753963341509894746650389
816	598443	151	0.22156760292985777649477086015395
819	600643	152	0.22147117653334741360637849538762
822	602843	152	0.2213922066193635129760508561958
825	605044	153	0.22132542574596505979833693800174
828	607244	153	0.22123562002595412168126642882271
831	609444	153	0.22113825873511008812677403057023
834	611644	154	0.22103951774593219581355185709981
837	613844	154	0.22095256610485314308078841349925
840	616044	155	0.2208624874301141904897605172664
843	618244	155	0.22079213189215307622248474217486
846	620445	156	0.22070168609602616727194401846646
849	622645	156	0.22063904065955264321985396236414
852	624845	157	0.22059762288239603833517321618274
855	627045	157	0.22052697394898870819623937222786
858	629245	158	0.22045091751171536076370216505893
861	631445	158	0.2203598318163526859070344698921
864	633646	159	0.2202875913124532347708850466006
867	635846	159	0.22018461577061523848364288369339
870	638046	160	0.22009649950718301880669969250448
873	640246	161	0.22003091794910406564511617943936
876	642446	161	0.2199557598396576496568854963698
879	644646	162	0.21989033274077671165080971604766
882	646847	162	0.21981752603675722146370219434175
885	649047	163	0.21975117923228695837600810136792
888	651247	163	0.21965966269092362939119311704417
891	653447	164	0.21958375383759060062160983761714
894	655647	164	0.21953268079849216909416043108649
897	657847	165	0.21946293603015129547451067537622
900	660048	166	0.21940482810942513181018398427113
