0	0	0	0.69314718055914625871594125783304
3	2199	0	0.58569691731304485138309701142134
6	4399	0	0.51745164920829334054275250309729
9	6599	0	0.46963461865297423392107134532125
12	8799	1	0.4349116044794384960958666397346
15	10999	1	0.40999765714707742114697452961991
18	13199	1	0.39167328295609582511360713397153
21	15399	2	0.37617866329743432363130750673008
24	17598	2	0.36439243600965348646170127722144
27	19798	2	0.35492380901109493729350674584566
30	21998	3	0.34774104517485915355479164645658
33	24198	3	0.34098818587987611561374023949611
36	26398	3	0.33577748888806613347668417191016
39	28598	3	0.3318278451803747808313005407399
42	30798	4	0.32810533276137032743235977250151
45	32997	4	0.32485295384506090998755212240212
48	35197	5	0.32196437885777001719489476272429
51	37397	5	0.31918425828767443830358274681203
54	39597	5	0.31667292879977393393886586636654
57	41797	6	0.31476240616554457263376320952375
60	43997	6	0.31256718040578673756257899185584
63	46197	7	0.31090519641611713552720175357535
66	48396	7	0.30926846838151711427400414322619
69	50596	8	0.30778664406274020004516955850704
72	52796	8	0.30635283441109828483916999175563
75	54996	8	0.30494407454167826720947687135777
78	57196	9	0.30354443934295205487217117479304
81	59396	9	0.30231658027718655290527749457397
84	61596	9	0.30111594437572181126583359400684
87	63795	10	0.29989761847408658024249916707049
90	65995	10	0.29879452090921826412639461523213
93	68195	10	0.29780474045114374570530912933464
96	70395	11	0.29698095735096563529964441841003
99	72595	11	0.29604844357361859152888428070582
102	74795	11	0.29532327281237713556549806526164
105	76995	12	0.29429473556282709223452798141807
108	79194	12	0.29357792388521547488622331911756
111	81394	12	0.29276029226636307578601758905279
114	83594	13	0.29190462147207907328549936210038
117	85794	13	0.29108369980168824486810308371787
120	87994	13	0.29001944430539183805706215935061
123	90194	14	0.28941398461158485133637441322207
126	92394	14	0.28864635718741282754962185208569
129	94593	15	0.28790888680067505678294992321753
132	96793	15	0.28707944304244142896820335408847
135	98993	15	0.28619666761057216408659087392152
138	101193	16	0.2854081046515120623219274875737
141	103393	16	0.28464481853596962368513345609244
144	105593	16	0.28389914763163387467770348848717
147	107793	16	0.28315055986398252052538282441674
150	109993	17	0.28239770120422946764193738999893
153	112192	17	0.2817479400791311761054203088861
156	114392	17	0.28099236392664406203323324007215
159	116592	17	0.28019838325784185428801720263436
162	118792	18	0.27956060114478126221726483890961
165	120992	18	0.27888434560694141950420998909976
168	123192	18	0.27824365146112456370630638957664
171	125392	18	0.27765296050552512596709675563034
174	127591	19	0.27697730287978472585308509223978
177	129791	19	0.27641053660260950231020160572371
180	131991	19	0.27567364363981938790715275899856
183	134191	20	0.27501713314492515216613810480339
186	136391	20	0.27444178648182709912006771446613
189	138591	20	0.27388157703909493667637775615731
192	140791	21	0.2732004683329031236027617524087
195	142990	21	0.27259304612270368606274928424682
198	145190	21	0.27195934946011307564717185414338
201	147390	21	0.27134475070818159236907263220928
204	149590	22	0.27073592522302680762891213817056
207	151790	22	0.27012221584351991943151460873196
210	153990	22	0.2695137748869022575881615466642
213	156190	23	0.2689348763376197548602419828967
216	158389	23	0.26841223269100150661259363005229
219	160589	23	0.2678422086228488541159720170981
222	162789	24	0.26726511693820248494191105237405
225	164989	24	0.26669993415466436426086715982819
228	167189	24	0.26614160810012393865164881390228
231	169389	25	0.26582330383227825709724356784136
234	171589	25	0.26531063243038627286196629029291
237	173788	25	0.26466550486645551432118850243569
240	175988	25	0.26409757951077850179899542126805
243	178188	26	0.26366376254901557896204167263932
246	180388	26	0.26310861116332617815061212240835
249	182588	26	0.26265514619816610064617634634487
252	184788	27	0.26213252213009413660316226923896
255	186988	27	0.26160149420373340900525249708153
258	189187	28	0.26116083761731279100359870426473
261	191387	28	0.26066044339854804734457616177679
264	193587	28	0.26019439493048235334526907536201
267	195787	28	0.25974869553940571620387345319614
270	197987	29	0.25934141186397208223013421957148
273	200187	29	0.2588767659926152764349183144077
276	202387	29	0.25849900631482469748334551695734
279	204586	29	0.25806352737171267541782526677707
282	206786	30	0.25765706826907619486632938787807
285	208986	30	0.25712192296203301156154452655755
288	211186	30	0.25672781460140020604043797902705
291	213386	31	0.25634245592305826555445946723921
294	215586	31	0.25593202318949914708667847662582
297	217786	31	0.25549542190661356233505330237676
300	219986	31	0.2550294802330245746979642262886
303	222185	32	0.25469245477870239291462439723546
306	224385	32	0.25431422872566084025791610656597
309	226585	32	0.25403630062279042300943387999723
312	228785	33	0.25360849971334353814000905913417
315	230985	33	0.25318368084111364524346754478756
318	233185	33	0.25290660882144178067676421051146
321	235385	33	0.25257311370189045041101394417637
324	237584	34	0.25222325654009808415523252733692
327	239784	34	0.2518812148270686002149432169972
330	241984	35	0.25149825710464729366933056553535
333	244184	35	0.25110302607035905886334603565047
336	246384	35	0.25071330000416414129915665398585
339	248584	35	0.25034743220030414301291443734954
342	250784	36	0.2500036089677756256932639189472
345	252983	36	0.24958660172172350555364062074659
348	255183	36	0.24915221061880857278403311738657
351	257383	37	0.24884797242296693986496336492564
354	259583	37	0.24857133527879066159371745925455
357	261783	37	0.24821390500299950199192267064063
360	263983	38	0.24791615283599224839328201142052
363	266183	38	0.24754420076039457265792975704244
366	268382	38	0.24720317952198098132576831176266
369	270582	39	0.24687180345443079931833096907212
372	272782	39	0.24656110551493398697076031567121
375	274982	39	0.24622954655223736053493155395699
378	277182	39	0.24590565916639103849483660724218
381	279382	40	0.2455713426751597039388030907503
384	281582	40	0.2452650768741760356483894156554
387	283781	40	0.24500237303384753140278462524293
390	285981	41	0.24473580063269570472606062594423
393	288181	41	0.24446677493277615966782434497873
396	290381	41	0.24419691172434257464551876637415
399	292581	41	0.24391201342548468611326484278834
402	294781	42	0.24362853176771170904402197265881
405	296981	42	0.24324378158438170194344252195151
408	299180	42	0.24300202137685461556415589257085
411	301380	42	0.24272883088408320206852408773557
414	303580	43	0.24242138141182109634108599038882
417	305780	43	0.24221443750068380462714401346602
420	307980	43	0.2419408975142349482734260845973
423	310180	44	0.24164490102618399469669441259612
426	312380	44	0.2413891545706735308751689217388
429	314579	44	0.24113523003776568542910752057651
432	316779	45	0.24085242218618055365375596466038
435	318979	45	0.24052627626680708750050996513892
438	321179	45	0.24028020776834935201549114935915
441	323379	46	0.24001133497942578332029484045052
444	325579	46	0.23975677925530633483042208808911
447	327779	46	0.23948382808647500352705606019299
450	329979	47	0.23924430954751499389665525541204
453	332178	47	0.23903874178159564833912043013697
456	334378	47	0.23876204019086949559280697030772
459	336578	48	0.23852941739457445002869917516364
462	338778	48	0.23834875368240873716452199460036
465	340978	48	0.2380794485242121172330342915302
468	343178	49	0.23778621085727258410713602643227
471	345378	49	0.23758378501136648286440333777136
474	347577	49	0.23731665833810663968073129126424
477	349777	50	0.23711420111750219907875703029276
480	351977	50	0.23689178325588297613357724458183
483	354177	50	0.23665521737975561689104608831258
486	356377	51	0.23637118497390496862919917475665
489	358577	51	0.23608334938845715322841556371714
492	360777	51	0.23586122903641812409425426722009
495	362976	52	0.23563692858226256698905842767999
498	365176	52	0.23541063049305438470426565800153
501	367376	52	0.23520233437435875134546847675665
504	369576	52	0.23497439814869219842918823815126
507	371776	53	0.23472994778837713569785705658433
510	373976	53	0.23453038385823854472533867010497
513	376176	53	0.23428034694184049491205712456576
516	378375	54	0.23412073308597464160740742045164
519	380575	54	0.23393022560987822289213511339767
522	382775	54	0.23378224523988549998776420579816
525	384975	55	0.2335549674393815888784331491479
528	387175	55	0.2333472960665460005369453710955
531	389375	55	0.23316049567361649130781131589174
534	391575	55	0.23300431343030664210758118315425
537	393774	56	0.23282084976846412205375713710964
540	395974	56	0.23264153132685413960523135301628
543	398174	56	0.23246157443104920048426720313728
546	400374	56	0.23230661713355965636296218690404
549	402574	57	0.23211325759612719266122837780131
552	404774	57	0.23191558475015838780564081389457
555	406974	57	0.23173533081597003091545161623799
558	409173	58	0.23152624350514400264344772040204
561	411373	58	0.23135205065366748478083991358289
564	413573	58	0.23120408001792075447511365382525
567	415773	59	0.23105286597136287518594599532662
570	417973	59	0.23087828895763298775456462408329
573	420173	59	0.23070463140759700504389684283524
576	422373	59	0.23054637695115604012485732710047
579	424572	60	0.23038757625739378354090547418309
582	426772	60	0.23025513601308519873178681791615
585	428972	60	0.23011584120314018675479417197494
588	431172	61	0.22997192149778294956163904316782
591	433372	61	0.22979911843657155334774699895206
594	435572	61	0.22961966344352485736024505058595
597	437772	62	0.22945550464615596664152974426543
600	439972	62	0.22929340392867425535428083094303
603	442171	62	0.22913157723759414174935500341235
606	444371	63	0.22900219360086015996103014913388
609	446571	63	0.22885435509136303755539643134398
612	448771	63	0.22869822946688575515672425808589
615	450971	64	0.22851906639851093938631265700678
618	453171	64	0.22838716554689897364482931152452
621	455371	64	0.22820908210549475936268493114767
624	457570	65	0.22807556000435588727803803976713
627	459770	65	0.22794421334465508888200702131144
630	461970	65	0.22780421406945078333095011657861
633	464170	66	0.22766259627610760385429955476866
636	466370	66	0.2275401386271082571077783995861
639	468570	66	0.22743077089097801790629205243022
642	470770	66	0.22728157855361555417239571852406
645	472969	67	0.22717600915499980285261472090497
648	475169	67	0.227028854035872251770911134372
651	477369	67	0.22692651305259509131317940955341
654	479569	67	0.22680388627284031599629088304937
657	481769	68	0.22669396054764631709410593884968
660	483969	68	0.22654261261759181533825824317319
663	486169	68	0.22638378353021110234166712871229
666	488368	69	0.22625556104614624741699913101911
669	490568	69	0.22612311015925481982868916475127
672	492768	69	0.22598863999228860355295012141141
675	494968	69	0.22590243901882264832003954779793
678	497168	70	0.2257725235017100096079900595214
681	499368	70	0.22564469848698942566755931693478
684	501568	70	0.22553176677682507111910581443226
687	503767	71	0.22536522491241658960881011353194
690	505967	71	0.22525332587122429139903090344887
693	508167	71	0.22516339005865540490169962595246
696	510367	72	0.22505893029155199513979823677801
699	512567	72	0.22493340078093687628424390823056
702	514767	72	0.22480850420119488641823579655465
705	516967	73	0.22466639465190454960641375237174
708	519166	73	0.22453047213058285880293851732858
711	521366	73	0.22441548571672065293114428641275
714	523566	74	0.22432559127573989399273557410197
717	525766	74	0.22423791503389997603612471266388
720	527966	74	0.22416164127119139748423037872271
723	530166	75	0.22404586829772160649909551466408
726	532366	75	0.22394093415865473639669858130219
729	534565	75	0.22384846768326527310932760883588
732	536765	76	0.22372693638881557820496936983545
735	538965	76	0.22361787952123257650072218893911
738	541165	76	0.22350231787443913811230800092744
741	543365	77	0.22342249846737144425290466642764
744	545565	77	0.2233552349244437851272238049205
747	547765	77	0.22325146726057987223157397238538
750	549965	77	0.22313818355680956062592201760708
753	552164	78	0.22307628931595593901882068621489
756	554364	78	0.22292866678140338398961262100784
759	556564	78	0.22283683899476650069892968986096
762	558764	79	0.22272006444603265062909258631407
765	560964	79	0.22262375603872880391875810346392
768	563164	79	0.22254055604654676692177872610046
771	565364	79	0.22243949527831854973136671560496
774	567563	80	0.22237981407909784836718358747021
777	569763	80	0.22230963580554707892389387779986
780	571963	80	0.22220432040043372468041127376637
783	574163	81	0.2221306975205258882333225756156
786	576363	81	0.22205920461060493775740098953975
789	578563	81	0.22196958430164609454848800851323
792	580763	82	0.22191747062888278474446224208805
795	582962	82	0.22182011722424060939928835978208
798	585162	82	0.22174038449073116274767869526841
801	587362	83	0.22165213334579950132940950879856
804	589562	83	0.2215517975775372350177860880649
807	591762	83	0.22146332404745863731143629138387
810	593962	84	0.2214067802544256169383629639924
813	596162	84	0.221310295222671649106871427648
816	598361	84	0.22122619607543314579345405945787
819	600561	85	0.22114681577399672440797928629763
822	602761	85	0.22105935198121018370187584878295
825	604961	85	0.22099028258796921120321599119052
828	607161	86	0.22093086455733260131673034720734
831	609361	86	0.22085201228219702995758666475012
834	611561	86	0.2207796159612449571341130649671
837	613760	87	0.22074108143505791201910426480026
840	615960	87	0.220654923420845611170548750124
843	618160	87	0.22057610177522640748648541375587
846	620360	88	0.22050063549354684266923243285419
849	622560	88	0.22046355244970353148836750278861
852	624760	88	0.22039073953861507138007880257646
855	626960	89	0.2202789428151091799534810888872
858	629159	89	0.22018906395400150710628395245294
861	631359	89	0.22010441863096494308216222179908
864	633559	90	0.22004701237131371605038054894976
867	635759	90	0.21996845169933307295728752706054
870	637959	90	0.21990185356533978322524092163803
873	640159	90	0.21984333885708232103617376651528
876	642359	91	0.21973691620304280913700267774402
879	644558	91	0.21963749338844928971070658008102
882	646758	91	0.21956142748199886094440103079251
885	648958	92	0.21951697882192366950704354167101
888	651158	92	0.21942713099038615998104262416746
891	653358	92	0.21935808836570788726838543425401
894	655558	93	0.21928274967526081851154629021039
897	657758	93	0.21921226793467937787873722754739
900	659958	93	0.21914065997223308723818036014563
