0	0	0	0.69314718055914625871594125783304
3	440	0	0.61158620777312433514083522823057
6	881	0	0.53661242061813885229071274807211
9	1321	1	0.48686412782496041318225366012484
12	1762	2	0.43583575498237026035752705865889
15	2202	2	0.40872702104132041522888130202773
18	2643	3	0.38963616808566325921958650724264
21	3083	3	0.37424373147105061132577930038678
24	3524	4	0.3627162649043487174793654048699
27	3964	4	0.35493287069730949934154295988264
30	4405	5	0.34707094825643647340029929182492
33	4845	5	0.34014138571236701702460436536057
36	5286	6	0.33475650157639275095178277297236
39	5726	6	0.33028005290898737600358003874135
42	6167	7	0.32824276995975742998723490018165
45	6607	7	0.32462211088248121848565119762497
48	7048	8	0.32138258276803971513757574030024
51	7488	8	0.31852129298451398176084126134811
54	7929	9	0.31588485225187212801500891146134
57	8369	9	0.31468637354848577603050330253609
60	8810	10	0.31279035190178922087866908441356
63	9250	10	0.31077658073045227871133988628571
66	9691	11	0.30914055954403396597740538709331
69	10131	12	0.30740137678997531134328369262221
72	10572	12	0.30644266221028249042035440652398
75	11012	12	0.30543260348314604790687099011848
78	11453	13	0.3041469172532836329203576042346
81	11893	14	0.30287909990939265725273799034767
84	12334	14	0.30156991041145758680741550961102
87	12774	14	0.30061209417928280718257383341552
90	13215	15	0.29974135569102167142574444369529
93	13655	16	0.29867079544840791083260000959854
96	14096	16	0.29788458961831715265944353632221
99	14536	17	0.29674338148628048861255024348793
102	14977	17	0.29570725618896792630252434719296
105	15417	18	0.29496006086470477614014384926122
108	15858	18	0.29418620336475165277789756146376
111	16298	19	0.29329889564121436329457992542302
114	16739	19	0.29222744077973650256296878069406
117	17179	20	0.29116872163416357421894531398721
120	17620	20	0.29055355988329628624811107329151
123	18060	21	0.28995024485673526193352245172719
126	18501	21	0.28916137406911190943503697781125
129	18942	22	0.28817312708013670397022565339284
132	19382	22	0.28731861031426625396889562580327
135	19823	23	0.28684957732791216411527557283989
138	20263	23	0.2861253845466246725770531611488
141	20704	24	0.28546833065256282946364763120073
144	21144	24	0.284590184671073220812331783236
147	21585	25	0.28355504947415299810131728008855
150	22025	25	0.28307635420580573581972316787869
153	22466	26	0.28254247132421028698701093162526
156	22906	26	0.2818759711980284854426770380087
159	23347	27	0.28115319839416447189606174106302
162	23787	27	0.28018150613715203656184371538984
165	24228	28	0.2797201786919069621539790659881
168	24668	28	0.27931807406645364766362149566703
171	25109	29	0.2786912404276487564835917964956
174	25549	29	0.27796811741898380665460877025907
177	25990	30	0.27702823968160689149797804020636
180	26430	30	0.27657926556024731157279461513099
183	26871	31	0.27607757224747719870805440223194
186	27311	32	0.2755130295991127797883279981761
189	27752	32	0.27481305178602649652574996252952
192	28192	33	0.27386956026675973729922475286003
195	28633	33	0.2734480004869028757497062542825
198	29073	34	0.27306671322302067395071389910299
201	29514	35	0.27249298568056234959300354603329
204	29954	35	0.27184680520945214698969039091025
207	30395	36	0.27100382649717413841017332742922
210	30835	36	0.27053421284135031887885247670056
213	31276	37	0.27014824158070888104887785630126
216	31716	37	0.26951352370699699356748624268221
219	32157	38	0.26889408211673798687613157198939
222	32597	39	0.26803420088988516578609733187477
225	33038	39	0.26770805811503539661799777604756
228	33478	40	0.26733137790376759745925028255442
231	33919	40	0.26688558679036195053768665275129
234	34359	41	0.26630560253089624600519869090931
237	34800	41	0.26552478064492929243911589765048
240	35240	42	0.26516855846482439984512780029036
243	35681	43	0.2648196545006751834172575854609
246	36121	43	0.26438794716144370378074768268561
249	36562	44	0.26377854187291183141184092164622
252	37003	44	0.26313983800785528677224078819563
255	37443	45	0.26280052490523214681061858755129
258	37884	45	0.26249428266855873159713041786745
261	38324	46	0.26202694103637941269724365156435
264	38765	46	0.26146299838031539231053557159612
267	39205	47	0.26086753389045980178195804910501
270	39646	48	0.26057117683433922428193341147562
273	40086	48	0.26022706656247907019974263675977
276	40527	48	0.25971657791121993685834468124085
279	40967	49	0.25920974011081571175552085151139
282	41408	49	0.25853529997933621942252102599014
285	41848	50	0.25815656278392423716994130700186
288	42289	50	0.25785368013665960207347893629048
291	42729	51	0.2573994372408758835035769152455
294	43170	51	0.25695263731989020916657295856567
297	43610	52	0.25629059948574556271339019986044
300	44051	52	0.25599859210674003051622094062623
303	44491	53	0.2556966485049439463672626970947
306	44932	53	0.25528974944126647805830998549936
309	45372	54	0.25487243390575547996590444199683
312	45813	54	0.25429921431830893041592389636207
315	46253	55	0.25395255389782450672342406505777
318	46694	55	0.25368149357234609508893186102796
321	47134	56	0.25327263515434006446724879424437
324	47575	56	0.25288667439907264178344803440268
327	48015	57	0.25230772054405548043831686300109
330	48456	58	0.25206758545843005459019536829146
333	48896	58	0.25182429191263444590020981195266
336	49337	58	0.25142244050458806281511670022155
339	49777	59	0.25104193741765185032832619071996
342	50218	59	0.25043543633473525078514398956031
345	50658	60	0.25015176751757906004058895632625
348	51099	60	0.2499176755980558051195572488723
351	51539	61	0.24958026004629363381326356829959
354	51980	61	0.24918258406230936463643388378841
357	52420	62	0.2486429485057050636775954899349
360	52861	62	0.24839699385308680601447406388615
363	53301	63	0.2481837737827012335678489307611
366	53742	63	0.24783269257474646596328682335297
369	54182	64	0.24747788840794646136878043307661
372	54623	64	0.24693980237549670309071814244817
375	55064	65	0.24670872281949127180489256261353
378	55504	65	0.24647523325012732353656019768096
381	55945	66	0.24615568050083624918045188678661
384	56385	66	0.24583460217006719572552242425445
387	56826	67	0.24542450898955922578004162915022
390	57266	67	0.24521490440824109113826523298485
393	57707	68	0.24499838267127455049276818499493
396	58147	68	0.24464961674777715994189009052207
399	58588	69	0.24436563245453779558147289208136
402	59028	69	0.24390303279462977048552829728578
405	59469	70	0.24368826077597538493080264743185
408	59909	70	0.243485637557246864526305785148
411	60350	71	0.2431899675147587147616690117502
414	60790	71	0.24297332829658568886799230313045
417	61231	72	0.24254155055966891696428433533583
420	61671	72	0.24235477021457452195818405016325
423	62112	73	0.24215120743138512926506678013538
426	62552	73	0.24182356282635547595205594006984
429	62993	73	0.24154114640970858474133819981944
432	63433	74	0.24118678840648843930694056325592
435	63874	74	0.24104635707068652883400261544011
438	64314	75	0.24090276025526369263474180115736
441	64755	75	0.24062191330259638522015563921741
444	65195	76	0.24042134207194221229286767993472
447	65636	76	0.2400271417758804148867568528658
450	66076	77	0.23986278699508273293261595426884
453	66517	77	0.23971565436255501402307288572047
456	66957	78	0.23944050457083934646540512858337
459	67398	78	0.23918530717367370019843519912683
462	67838	78	0.23883411395010784028514194687887
465	68279	79	0.23867148035695465169148121731268
468	68719	80	0.23854861494037185587480109916214
471	69160	80	0.23824788700696244991839023441571
474	69600	80	0.23798791050429302096347328188131
477	70041	81	0.23757698756688810926007704438234
480	70481	81	0.23739482073012826979230283086508
483	70922	82	0.23725419518723381284708295879682
486	71362	82	0.23695784973931210970476968213916
489	71803	83	0.2367608270834863082310306481304
492	72243	83	0.23642649491307521358862686611246
495	72684	84	0.236273288893989796832784122671
498	73124	84	0.23616943732770925845620979544037
501	73565	85	0.23594796117487520925593003084941
504	74006	85	0.23573056847721365891779043977294
507	74446	86	0.23540274490640797355744950891676
510	74887	86	0.23527170455691592820812729769386
513	75327	87	0.23511878549287162920577998193039
516	75768	87	0.23489221230499876535979808522825
519	76208	88	0.23474021825667967799944335638429
522	76649	88	0.23444581560425664656932553953084
525	77089	89	0.23431289779898828440352076540876
528	77530	89	0.23420486542676544061691856768448
531	77970	90	0.23397835741221895133890029683243
534	78411	90	0.23382832880554751953106062956067
537	78851	91	0.2335635818449356138071237865006
540	79292	91	0.23343814671815504846463795729505
543	79732	92	0.23334383793615262603360349658033
546	80173	92	0.23311525933564697377065044747724
549	80613	93	0.23291506594540545282967514140182
552	81054	93	0.2326672481392820512891006501377
555	81494	94	0.23251605076870676680478311482148
558	81935	94	0.23241082116559610981632033599453
561	82375	95	0.2321722339720831418397040124546
564	82816	95	0.23199981722529963712453593416285
567	83256	96	0.23172326024796233157054814455478
570	83697	96	0.23158313751292014526228513204842
573	84137	97	0.23145994056142443762169591536804
576	84578	98	0.23126595610743777564621836972947
579	85018	98	0.23119744773928418979380694509018
582	85459	99	0.23094442198557738055164634261018
585	85899	99	0.23081774092439777401608580476022
588	86340	100	0.23070811769453572481758385492867
591	86780	100	0.23053521397549800453496970931155
594	87221	101	0.23038659775149369912661256876163
597	87661	101	0.23018736510180162757599475753523
600	88102	102	0.23004910791599364472403976833448
603	88542	102	0.22990948197677710251873861579952
606	88983	103	0.22972009121286895982905207347358
609	89423	104	0.22960358666216296175122124623158
612	89864	104	0.22937811032703889213557602033688
615	90304	105	0.22926558667732793717064510019554
618	90745	105	0.22915257715269296556748201965092
621	91185	106	0.22898115158831822135709899157519
624	91626	106	0.22881731365312552028967729711439
627	92067	107	0.22859403199506123094408849283354
630	92507	107	0.228461848982479703851211638721
633	92948	108	0.22838068269731043313797158589296
636	93388	109	0.22821541312808132917488990187849
639	93829	109	0.22810212539083574156961731205229
642	94269	109	0.22793578540583481206738269975176
645	94710	110	0.22778983773703045945246969949949
648	95150	110	0.22768014675425576887057843578077
651	95591	111	0.22753453066273487959136900826707
654	96031	112	0.22743371845390619734317283473501
657	96472	112	0.22720659298331416509064695219422
660	96912	113	0.22704107831962710983830788791238
663	97353	113	0.22693935227131753484819398636319
666	97793	114	0.22676095407480328924876289420354
669	98234	114	0.22668049505846457614133271363244
672	98674	115	0.22648260069409278938401541836356
675	99115	115	0.22635852889542548704859825647873
678	99555	116	0.22625677615758660321532147463586
681	99996	116	0.22612771421437291574640937596996
684	100436	117	0.22605026417942866712174065924046
687	100877	117	0.22587251595972673845480471754854
690	101317	118	0.22576306616099395263574933778727
693	101758	119	0.22569465543326200362983513514337
696	102198	119	0.22556903880622211633344420533831
699	102639	120	0.22545082003472163845181341912394
702	103079	120	0.22530908495100354649309792876011
705	103520	121	0.22518770586297429114885915168998
708	103960	121	0.22512148210305826800947670562891
711	104401	122	0.22500510218031904985380720063404
714	104841	122	0.22492447020647846067653574664291
717	105282	123	0.22473571843523362789873942801933
720	105722	123	0.22465482008647102984966181793425
723	106163	124	0.22458188799726938600365144793614
726	106603	124	0.22450444029669558432260600966401
729	107044	125	0.2244249020056200694117620741963
732	107484	125	0.22426982419218052799969598254393
735	107925	126	0.22415957862503202435711102680216
738	108365	127	0.22409008474050592929494030158821
741	108806	127	0.22395504660149451181538893251854
744	109246	128	0.2239195238341406823945334281234
747	109687	128	0.22377475099063984242953040393331
750	110128	129	0.22368211806688320653080381816835
753	110568	129	0.2235939069124034395130706798227
756	111009	130	0.22346685070171296016994233468722
759	111449	130	0.22339903993243812041491480613331
762	111890	131	0.22325195820482332531575764278386
765	112330	131	0.22318020981269651170642021043022
768	112771	132	0.22312922476502061730485593216144
771	113211	133	0.22302623330928147971086161760468
774	113652	133	0.22296111976882351801698689541809
777	114092	134	0.22279474540182236941276983088756
780	114533	134	0.22270319179427947031690848689323
783	114973	135	0.22262177586921133576325360081682
786	115414	135	0.22249869062637095407097831412102
789	115854	136	0.22248010222316699779909754397522
792	116295	136	0.22233764213369522355634444465977
795	116735	137	0.22225448223501495514931036723283
798	117176	137	0.22221276271695730719635264449607
801	117616	138	0.22211081641493538030296406304842
804	118057	138	0.22206034542235664197562527988339
807	118497	139	0.22191075445063326854189256209793
810	118938	140	0.22183391807792371408503129259771
813	119378	140	0.22179677305313172386291853399598
816	119819	141	0.22166772457834207910032375821174
819	120259	141	0.2216091171845998852862891226323
822	120700	142	0.22147785287077334515082327470736
825	121140	142	0.22139149263045310167541401824565
828	121581	143	0.22132688301411748699187853617332
831	122021	143	0.22121517223355033343601405704248
834	122462	144	0.22117908393738258676641805777763
837	122902	145	0.22104929794965727518629705627973
840	123343	146	0.22096099500629082235114708510082
843	123783	146	0.22092668014028088441236263861356
846	124224	147	0.22080976840720109577453911242628
849	124664	147	0.22080783681004922947010982170468
852	125105	148	0.22069034603049950127306999547727
855	125545	149	0.22061097505647453420607462248881
858	125986	149	0.22056362612167665360196622259537
861	126426	150	0.22047659607309461060609123705945
864	126867	151	0.22042937214630836662010437976278
867	127307	152	0.22031324894288695226407526206458
870	127748	152	0.22023391250264656715529554276145
873	128188	153	0.22017806945736975721139572215179
876	128629	154	0.22007919049371793551728160309722
879	129070	154	0.22004185639141193853163258609129
882	129510	155	0.21992991386670596165586744064058
885	129951	156	0.21986707487974629926519298805943
888	130391	157	0.2198228469557033382120181386199
891	130832	158	0.21972748574843881108620280429022
894	131272	158	0.21969569987792650356261958677351
897	131713	159	0.2195752948263005599471853201976
900	132153	160	0.21950202838753929412973775470164
