0	0	0	0.6931471805595997848215006342798
3	8748	169	0.53240771421415622466355443975772
6	17496	367	0.49484763561772143747319319118105
9	26244	562	0.4722649603572403043116878507135
12	34993	731	0.45516287498527180366281186252309
15	43741	900	0.4416410936635052908449949882197
18	52489	1096	0.43070198828343653207895158629981
21	61237	1267	0.42175381267665590367954564499087
24	69986	1436	0.4143019155175589052220175290131
27	78734	1633	0.40802769523940779494708408492443
30	87482	1819	0.40269207977017906774364064403926
33	96230	1987	0.39809022571209667917813135318283
36	104979	2185	0.39409556400641060358580602951406
39	113727	2383	0.39059177732931799065241307289398
42	122475	2556	0.38749033017164341563542961921485
45	131223	2725	0.38472876387553561761123432916065
48	139972	2924	0.38225060311810715729663456841081
51	148720	3093	0.38001048567021178392622005048906
54	157468	3269	0.37797698937683599229586661749636
57	166216	3472	0.37612062143037983119597811310086
60	174970	3644	0.37441693780332130359056463930756
63	183719	3813	0.37284891342613502018821236561053
66	192467	4013	0.37139888966679146520277754461858
69	201215	4212	0.37005214941798342254131171102927
72	209963	4383	0.36879828033216049965048455305805
75	218712	4535	0.36762632624928437419242754913284
78	227466	4686	0.36652889399865351549578917911276
81	236214	4855	0.36549795579922217392265793023398
84	244962	5026	0.36452840920665829926861079002265
87	253711	5264	0.36361372172266387403638532305195
90	262459	5470	0.36274899291651147015258516148606
93	271207	5671	0.36192973006898482291049390369153
96	279955	5845	0.36115335171014273374368030999904
99	288704	5995	0.36041571458959981155700802446518
102	297452	6144	0.35971357674618292810109210222436
105	306200	6314	0.35904504152391059079718615976162
108	314948	6486	0.35840691968070464978879385853361
111	323697	6724	0.35779711331228719606301069688925
114	332445	6938	0.35721448982285730622265873535071
117	341193	7139	0.35665659973478103239585834671743
120	349941	7310	0.35612201507348906215355555104907
123	358690	7481	0.35560897380778538900969465430535
126	367438	7679	0.35511653845786500527381690517359
129	376186	7849	0.3546435277327963930815712956246
132	384934	8021	0.35418871310488353465473210235359
135	393683	8170	0.35375094044403943005505652763532
138	402431	8319	0.3533296278949334956465122559166
141	411179	8489	0.35292344776763034941424734824977
144	419927	8661	0.35253226899263745419688120819046
147	428676	8903	0.35215467399190641950568192442006
150	437424	9104	0.35179033618850813480705141955696
153	446172	9302	0.35143823003243612745905011252034
156	454920	9472	0.35109832940957158564643236786651
159	463669	9635	0.35076940704881454102803672867594
162	472417	9784	0.35045146970043927758808877115371
165	481165	9953	0.35014404605772436740451780678995
168	489913	10124	0.34984640040235059910145309913787
171	498662	10376	0.34955822600040481473726572403393
174	507410	10606	0.34927908242711591668694381951354
177	516164	10804	0.34900855526745655499354370476794
180	524912	10978	0.34874625318296781362192859887728
183	533661	11151	0.34849178851188544747685682523297
186	542409	11305	0.34824494775912395727601733597112
189	551157	11457	0.34800536439630957996627103057108
192	559905	11631	0.34777278061528338337637933364022
195	568654	11784	0.34754676902320208453645022927958
198	577402	11936	0.34732733112472713443708016711753
201	586150	12106	0.3471140830562587931140683394915
204	594898	12275	0.34690676349664179012322051676165
207	603647	12512	0.34670519789645221075957692846714
210	612395	12712	0.34650912526919785960899389465339
213	621143	12914	0.34631845909860053955853231855144
216	629897	13084	0.346132885908187137857794368756
219	638646	13256	0.34595231938528830939461045090866
222	647394	13453	0.34577646600374412066969398438232
225	656142	13623	0.34560519433763664531866766083112
228	664890	13793	0.34543843246545080649667625039001
231	673639	13942	0.34527596106646241125304186425637
234	682387	14093	0.34511760928816204163638303725747
237	691135	14263	0.34496326864602072648224861950439
240	699883	14433	0.34481268220134769775242489231459
243	708632	14670	0.34466586114454061950951313519909
246	717380	14867	0.34452267826248589299709124134097
249	726128	15065	0.34438296896501868760154252413486
252	734876	15235	0.34424668454776036208286882356333
255	743625	15404	0.34411360790771688966671604248404
258	752373	15601	0.34398376043212053332354116719216
261	761121	15771	0.34385695484470873983795513595396
264	769869	15941	0.34373310393373662785521105433872
267	778618	16139	0.34361213799117268363758626037452
270	787366	16320	0.34349397307210749463735055542202
273	796114	16489	0.34337857340624533541983964823885
276	804862	16685	0.34326576708290229555942119077372
279	813611	16883	0.34315549149444007914766530120687
282	822359	17053	0.3430476615094680270523497256363
285	831107	17223	0.3429421997840597646778348916996
288	839855	17419	0.34283907543165442755039862277044
291	848604	17588	0.34273824185117679474998908517591
294	857352	17758	0.34263961277253274229082080637454
297	866100	17908	0.34254310834249224182457282950054
300	874848	18057	0.34244862838724171583137945162889
303	883597	18226	0.3423562083324053761934635531361
306	892345	18398	0.34226569432324843722525997691264
309	901093	18547	0.34217704794275766166933294698538
312	909841	18697	0.3420902651044259723533969008713
315	918590	18868	0.3420052943803205125483657411678
318	927338	19052	0.34192204932011321938389869501407
321	936086	19291	0.34184052084171390184508254606044
324	944834	19491	0.34176062058563183576609390001977
327	953583	19669	0.34168236000614882197368160632323
330	962337	19842	0.34160567178212036809625828936987
333	971085	19996	0.34153047244523898617885038220265
336	979833	20144	0.34145677637628624179200187427341
339	988581	20318	0.34138451170950268043213782220846
342	997336	20490	0.34131369324046406665829067605955
345	1006084	20640	0.34124420365647240016571117848798
348	1014832	20789	0.34117607480568507005713740909414
351	1023580	20959	0.34110922631271828331378515031247
354	1032329	21133	0.34104366660951157541603606659919
357	1041077	21370	0.34097932682825632388912140413595
360	1049825	21568	0.34091616565713622755140477238456
363	1058573	21739	0.34085419607082956261479012027849
366	1067322	21910	0.3407934015214492129430823297298
369	1076070	22059	0.340733717556548965088580871452
372	1084818	22208	0.34067513407971977690280596107186
375	1093566	22378	0.34061762168402603956351981651096
378	1102315	22547	0.34056114771341161606699188268976
381	1111063	22784	0.34050568797514702001905106953927
384	1119811	22981	0.34045122254019349883336076345586
387	1128559	23179	0.34039772752543806522140812376165
390	1137308	23348	0.34034518379666389709115037476295
393	1146056	23518	0.34029354839701064783241690747673
396	1154804	23668	0.34024281784027232689027187007014
399	1163552	23816	0.34019297952097915516134207791765
402	1172301	23988	0.34014398804775342055606301983062
405	1181055	24192	0.34009584922656632688386935114977
408	1189803	24433	0.34004853178185356910034897737205
411	1198551	24633	0.34000200801324043098361471493263
414	1207300	24802	0.33995628498780017245906037715031
417	1216048	24978	0.33991132949886188052701641026943
420	1224796	25127	0.3398671289499352599072778957634
423	1233544	25278	0.33982367362070903249460229744727
426	1242293	25448	0.33978093348532678596995992847951
429	1251041	25618	0.33973889650964583797332352332887
432	1259789	25855	0.33969754893376991056186398054706
435	1268537	26053	0.33965687327599886069506851526967
438	1277286	26251	0.33961685543383474117362652577867
441	1286034	26421	0.33957749702174561123868556933303
444	1294782	26590	0.33953877479222038804351768703782
447	1303530	26789	0.33950066603435774537089741897944
450	1312279	26960	0.3394631715077890410370287099795
453	1321027	27131	0.33942627284826226707892260492372
456	1329775	27280	0.3393899518726203878848934891721
459	1338523	27429	0.33935419994799048692968312934681
462	1347272	27600	0.33931901572528000432527051088982
465	1356020	27770	0.33928436812369172637104952627851
468	1364768	27920	0.33925026021470328085882783852867
471	1373516	28073	0.33921667530908905519027030095458
474	1382265	28243	0.33918361199756896784407445011311
477	1391013	28402	0.33915104551920516318119780407869
480	1399761	28551	0.33911897705323834628643453470431
483	1408509	28717	0.33908739858624209473347832499712
486	1417258	28890	0.33905629560991945581349682470318
489	1426012	29130	0.33902565791684918794501868433144
492	1434760	29371	0.33899547112492761646862504676392
495	1443514	29585	0.33896573818596847926798432126816
498	1452262	29754	0.33893644598570826786954057752155
501	1461011	29924	0.33890758954820898729565215035109
504	1469759	30122	0.33887914929886642223522130734636
507	1478507	30292	0.33885112704243519621272184849659
510	1487255	30462	0.33882352103269341991875762687414
513	1496004	30659	0.33879631087555678314870988288021
516	1504752	30861	0.33876949238505887906924840535794
519	1513500	31035	0.33874306165173845295512933262216
522	1522248	31188	0.33871700215346411955152916561929
525	1530997	31337	0.33869131575757244201341222833435
528	1539745	31508	0.33866599890361326341547965057543
531	1548493	31679	0.33864103500365344556755076155241
534	1557241	31830	0.33861642087692583880098595727759
537	1565990	31978	0.33859215519748048217607561127807
540	1574738	32149	0.33856822892796373247747965251619
543	1583486	32319	0.33854463345955276842857983865542
546	1592235	32468	0.33852136670744920055042825879354
549	1600983	32618	0.33849841827128390736589835796622
552	1609731	32788	0.33847578779277670557590340649767
555	1618479	32958	0.33845346770567991123712658918521
558	1627228	33195	0.33843144972663813385693742930016
561	1635976	33393	0.3384097335570764308876334780507
564	1644724	33584	0.33838831361864740721046018734341
567	1653472	33767	0.33836717933303200878114580518741
570	1662221	33918	0.33834633245829071057642067898996
573	1670969	34068	0.33832576408379372301382659316005
576	1679717	34238	0.33830547280064759974038679501973
579	1688465	34407	0.3382854486618884770621207280783
582	1697214	34645	0.33826568876877105562783754066913
585	1705962	34843	0.33824618883780838141106528382807
588	1714710	35040	0.33822694424430044257690042286413
591	1723458	35211	0.33820795713659179693166834113072
594	1732207	35381	0.33818921357422287998772958417248
597	1740955	35578	0.33817071864337899800290188068175
600	1749703	35747	0.33815245942736205098100299437647
603	1758451	35919	0.33813443783614072213339341033134
606	1767200	36069	0.33811664849244998931609984538227
609	1775948	36221	0.33809908307061947718707983767672
612	1784696	36392	0.33808174450568395652538811191334
615	1793444	36560	0.33806462703155226723339410455083
618	1802193	36797	0.33804772788673981276375002380519
621	1810941	37000	0.33803104416133683551848321258149
624	1819689	37200	0.33801456964670617555412945876014
627	1828437	37370	0.33799830249028545159362124650215
630	1837186	37568	0.3379822406184852523480799391109
633	1845934	37766	0.3379663743808855036476757049968
636	1854682	37938	0.33795070847292779658843642209831
639	1863430	38108	0.33793523852784923544589901212021
642	1872179	38259	0.33791995973438992972859296060051
645	1880927	38409	0.33790486710215622556674475163163
648	1889675	38579	0.33788996180622338227905743224255
651	1898423	38815	0.33787524045726008425916120359034
654	1907172	39053	0.33786069870830848227427622987307
657	1915920	39251	0.33784633108190048611518818688637
660	1924668	39422	0.33783213826157665327087897821912
663	1933416	39591	0.33781811733522459917367086745799
666	1942165	39741	0.33780426592486506587320604921842
669	1950913	39890	0.33779058067303380230583798038424
672	1959661	40059	0.33777705733049168124182415340329
675	1968409	40230	0.33776369778578213542985508865968
678	1977158	40467	0.33775049760150915867384924240469
681	1985906	40664	0.33773745402593530196000415344315
684	1994654	40863	0.33772456773235687288448048093414
687	2003402	41040	0.33771183359792800171561566457967
690	2012151	41210	0.33769924799137956972217011752946
693	2020899	41408	0.33768681153495694324817577580689
696	2029647	41578	0.33767452100435929596145001596597
699	2038395	41749	0.33766237278122424037007931474363
702	2047144	41899	0.33765036593322034219610827676661
705	2055892	42047	0.33763849812321078402987950539682
708	2064640	42218	0.33762676740891012228118484017614
711	2073388	42389	0.3376151727857787943065659419517
714	2082137	42627	0.3376037093973702218896448812302
717	2090885	42832	0.33759238006902464457326118463243
720	2099633	43030	0.3375811792042013315118254013214
723	2108381	43200	0.33757010787950203489771183740231
726	2117130	43349	0.33755916203227698257904876300017
729	2125878	43498	0.33754834132437683269500894311932
732	2134626	43668	0.33753764220813858853986744179565
735	2143374	43839	0.33752706396105042196964518552704
738	2152123	44076	0.33751660397821670045459541142918
741	2160871	44314	0.33750626021649082764142235646432
744	2169619	44512	0.33749603329551058905622085148934
747	2178367	44683	0.33748592031772073340789575013332
750	2187116	44856	0.3374759181862611034929955167172
753	2195864	45057	0.33746602953211207731598619830038
756	2204612	45226	0.33745625030228082463779060162778
759	2213360	45396	0.33744657959648904910210376328905
762	2222109	45544	0.3374370159637728461277106362104
765	2230857	45694	0.33742755568483795425294147207751
768	2239605	45867	0.3374181983317129374100318273122
771	2248353	46038	0.33740894363429729807535295549314
774	2257102	46283	0.33739978954449667547521585220238
777	2265850	46482	0.33739073594180263304664890711138
780	2274598	46679	0.3373817806120356088683820416918
783	2283346	46849	0.33737292133499618973502265362185
786	2292095	47019	0.33736415833949162657035003576311
789	2300843	47216	0.33735548967045658752539338820498
792	2309591	47387	0.33734691468798061464440252166241
795	2318339	47562	0.33733843166274529723480668508273
798	2327088	47761	0.33733003899086710930532717611641
801	2335836	47962	0.33732173560027095549074260816269
804	2344584	48132	0.33731352165920164276613490983436
807	2353332	48281	0.33730539413932825176800633926177
810	2362081	48431	0.33729735266856891717779376449471
813	2370829	48602	0.33728939537389718283932893427846
816	2379583	48772	0.33728152195788169143142454231565
819	2388331	49009	0.33727373207237859586982153814461
822	2397080	49217	0.33726602461784183084603228053311
825	2405828	49420	0.3372583964471106976468206539721
828	2414576	49592	0.33725084900798107945263382134726
831	2423324	49762	0.33724337850801949789669720303209
834	2432073	49914	0.33723598649916641800672323370236
837	2440821	50066	0.33722867193491334880661725037498
840	2449569	50237	0.33722143247054869874546056962572
843	2458317	50474	0.33721426799302844923289512735209
846	2467066	50710	0.33720717739401562251799759906135
849	2475814	50908	0.33720015976874134766561041942623
852	2484562	51078	0.33719321209823638341163132281508
855	2493310	51248	0.33718633569630945823192291754822
858	2502059	51399	0.33717952941332118843575926803169
861	2510807	51548	0.33717279354312301720142386329826
864	2519555	51718	0.33716612535885548407321721242624
867	2528303	51888	0.33715952695811540751336110588454
870	2537052	52148	0.33715299375892154865042016353982
873	2545800	52345	0.33714652558302632412434718389704
876	2554548	52544	0.33714012231623785575962415350659
879	2563296	52714	0.3371337832385630783882390915096
882	2572045	52884	0.33712750787475942448878640789189
885	2580793	53083	0.33712129590029654702121320042352
888	2589541	53253	0.33711514386324753500545625684026
891	2598289	53422	0.33710905436740218332758445285435
894	2607038	53620	0.33710302618000537178133413362957
897	2615786	53818	0.33709705683354423966235913212586
900	2624534	54016	0.33709114567733744483035707162344
