0	0.35678558965721468565490681612573
164219	0.0036591158907546827983026105357567
328437	0.00065602400858094656044272596773226
492657	0.0006296205375916907875932793103857
656884	0.00067485183654036884348670355393551
821101	0.00061520405521958698713547164516058
985322	0.00063300677757854861837927273882087
1149540	0.00063769693037935004653604664781597
1313756	0.00064108198942203209469425928546116
1477977	0.00061601242238246145532798436761368
1642195	0.00063326425022169896550394696532749
1806414	0.00064928335909691936578269633173477
1970638	0.00062913354952970346189999872876797
2134855	0.00063819947661453158005429031618405
2299081	0.00061732439125161686632736746105365
2463304	0.00064667908466059520478097510931548
2627529	0.00064014343201412859940546695725061
2791752	0.00061957246451943559506503333977889
2955972	0.00063331098353358594721385088632815
3120196	0.00060286103959794612450195927522145
3284415	0.00063293164185085348805159810581245
3448638	0.00063070473043519426070702138531487
3612858	0.00061084939440747554328936530509964
3777080	0.00065165959426122244124712779012043
3941303	0.00057075291467378885812422595336102
4105525	0.00064875236242251110851952944358345
4269743	0.00062501681762511251960745539690834
4433967	0.00063565094887901851805622754909564
4598185	0.00063204971223768113830487891391385
4762403	0.00065711392097750342955464475380722
4926626	0.00063141375020031587084190505265724
