0	0.35678558965721468565490681612573
168226	0.0019539445802936872276234225864755
336452	7.1524051896698637165172840468585e-06
504675	3.5367425932353313555722706951201e-08
672905	3.6173142259343649129732511937618e-10
841131	1.0098571978645054514345247298479e-10
1009359	9.9964314603795401126262731850147e-11
1177580	9.9951102949802361763431690633297e-11
1345805	9.9955821397657018678728491067886e-11
1514030	9.9957986332555037733982317149639e-11
1682251	9.9960983934721525656641460955143e-11
1850478	9.9961927624292457039700821042061e-11
2018701	9.9963315403073238485376350581646e-11
2186930	9.995848593291611905442550778389e-11
2355154	9.997203065381654596421867609024e-11
2523385	9.9985852930473129163146950304508e-11
2691609	9.997153105345546464377548545599e-11
2859831	9.9965757893727413829765282571316e-11
3028057	9.9974861722529340113396756350994e-11
3196285	9.9978358925056909356499090790749e-11
3364507	9.9978914036569221934769302606583e-11
3532734	9.9988906043790848343633115291595e-11
3700956	9.9982633283701716209179721772671e-11
3869180	9.998979422221054846886545419693e-11
4037408	9.999240324631841758673544973135e-11
4205628	9.9987240709253910608822479844093e-11
4373852	9.9999120095617399783805012702942e-11
4542076	1.0000150707512034387036692351103e-10
4710304	9.9995733915392293056356720626354e-11
4878532	1.0002204620107590926636476069689e-10
5046754	1.0000000827403709990903735160828e-10
