0	0.35678558965667117597320157074137
324429	0.0028076710292625484122197576652979
648857	0.00064817200817257614176014612894505
973285	0.00063902170235391464458984955854248
1297717	0.00063743759580020542543365991150495
1622151	0.00063210847940403658284935772826429
1946592	0.00063776134482773638723074327572249
2271034	0.00065667880166392356144910991133656
2595466	0.00063803558067626608973910151689779
2919898	0.00063140673618011788903459091670811
3244332	0.00070297405272307100787543276965152
3568768	0.00063184470576665985319664287089836
3893202	0.00060796307627919432547969336155802
4217634	0.00063322676093824359355721753672697
4542072	0.0006378155834620979902638282510452
4866509	0.00063808763108275101672006712760776
5190936	0.00063812372065580325042333242890891
5515374	0.00063812485759096038151483298861422
5839802	0.00063812589908224248702595104987267
6164236	0.00061937930563049636845107670524158
6488668	0.00063203783126480894694054768478964
6813109	0.00062831736969137796933182471548207
7137551	0.00063286474548884807944659769418649
7461987	0.00067900958624161900090143717534374
7786418	0.00063536624975507605128655086446088
8110855	0.00063832324722895572577385792101268
8435295	0.00063825706264103443388080449949484
8759722	0.00060024227797444984489061425847467
9084165	0.00063340359731739459547839032893535
9408595	0.00062655036658876284150210267398506
9733036	0.00063472317774326825201569590717554
10057469	0.00063818074451382766909546262468211
10381904	0.00061741189414749042541075141343754
10706335	0.00065038658177907215929280937416479
11030762	0.00063071378460333171744878200115636
11355188	0.00070315245976693141471969283884391
11679627	0.00062974402441007271136186318472028
12004064	0.00063841575198175792849042409216054
12328503	0.00063823866194012701669180387398228
12652938	0.00063826338627620549104335623269435
12977382	0.0006454974000520419252779902308248
13301825	0.00063037387376230213931194157339633
13626259	0.00063820160775607259751041056006216
13950691	0.00065358037478852049062538753787521
14275126	0.0005823733326801860954446965479292
14599554	0.00063221925267481493548871185339522
14923989	0.00064133409814148834016123146284372
15248417	0.00063598488367505590090900113864336
15572856	0.00063248279071825841413101443322375
15897294	0.00063789083332466134379501454532146
16221727	0.00063810330519403768434472112858202
16546162	0.00063812418908043566645460487052333
16870602	0.00063812702503202034520768393122125
17195034	0.00063812621681591519262610745499842
17519474	0.00064063820576359953307132855115924
17843911	0.00061952170912221715681766909256112
18168360	0.00063181089771258136522646964294836
18492790	0.00064190795543572765069484375999309
18817230	0.00063345948339421642714341942337342
19141665	0.00060558410838434939549301816441584
19466094	0.00064130404355267067728618712862954
19790523	0.00063594696458607602451706952706445
20114957	0.00063663412790920803630001501005609
20439386	0.00063022393444173152587950426095631
20763827	0.00059818385087845316050447763700504
21088263	0.00064242480690612779881121241487563
21412696	0.00062887561584334950026686783530749
21737132	0.00063811540518216025574815830623265
22061568	0.00059419946614047702837524411734194
22386011	0.00063203354186547322512979008024558
22710448	0.00063796876242866451534041516424622
23034879	0.00065159344623055837075753515819088
23359318	0.00063509653681670386049518128857017
23683754	0.00059728041453366298441096660098992
24008194	0.00063391388910144508272992425190751
24332627	0.00069240415937499300014223990729079
24657060	0.00061067338360554224152565438998863
24981496	0.00067200839838810200177476872340776
25305937	0.00063210965974846988757462895591743
25630370	0.00064730769791915276911709042906296
25954807	0.00064059964978641081856380878889468
26279244	0.00060602085416749940094405246782117
26603675	0.00063057127989191164019189272949006
26928110	0.00064173522361915535938692300987896
27252546	0.00063448348781458552281264928751625
27576984	0.00063824122982042430507476638013031
27901426	0.00063824011691321347328198498871643
28225860	0.00062843321351019332254850269237068
28550289	0.0006327093722260368480192482820712
28874720	0.00063805484218099062232454343757126
29199152	0.00065332805739193311467261082725599
29523591	0.00063165387682312390538186264166143
29848022	0.00062779265262957739679450241965242
30172456	0.00065261518963144471427995085832663
30496897	0.00062453710030674347564172421698458
30821330	0.00063392920047067313760180695680901
31145764	0.00066206257547540836583266354864463
31470204	0.00063393926699906177901766568538733
31794637	0.00061768082331475904211970373580698
32119072	0.00067397519649808890207509648462292
32443513	0.00063416081638500987338602499221452
