0	0.40843083942075830705675798526499
3	15.281599982871224341351990005933
6	1.1833556182710331938778836047277
9	0.22502664502012503788819230976515
12	0.16955113062451154792853458275204
15	1.0559707596360183856631920207292
18	0.39047103444689412743429102192749
21	2.0692086841397729912728209455963
24	0.43200466740849252644807165779639
27	3.8722850366067369520806096261367
30	0.44842412758696847951966901746346
33	4.2357744986139307385997199162375
36	0.44929122718437575212391266177292
39	4.3387555477944514947807874705177
42	0.46410896277862112579981612725533
45	5.2847294790824053123401427001227
48	0.48055973616030178696689745265758
51	5.1712278449279844849684195651207
54	0.4685635463521059529412582378427
57	5.2490515989095047899581913952716
60	0.4799194543819345071256066148635
63	5.2179502098877206250904237094801
66	0.47587613594745514777883954593563
69	5.3172766567711260421447150292806
72	0.45717963253251059363435615523485
75	4.3308407464669436137683078413829
78	0.46412383718860750203560883164755
81	5.2062087273734567460792277415749
84	0.46272955651469149795929070023703
87	4.8501794158585500582603344810195
90	0.47241945777209715107147758317296
