0	0	0	0.69314718055914625871594125783304
3	2241	2	0.50604612512506241817078489475534
6	4483	4	0.42303340560688890148455243434
9	6725	7	0.38072203907064483541233812502469
12	8967	9	0.35590852206735035245799281256041
15	11209	12	0.34023022360325927415658497920958
18	13450	14	0.32956368285945480955945185996825
21	15692	17	0.32188021106157638229205986135639
24	17934	19	0.31600490726166985400169551212457
27	20176	21	0.31134985904973511150473086672719
30	22418	24	0.30747524947602289380199636070756
33	24659	26	0.30417446932940950254931067320285
36	26901	29	0.30127358432952877631549881698447
39	29143	31	0.29867238258586459309640304127242
42	31385	34	0.29628879225820275999936370681098
45	33627	36	0.29407535500840353837048724017222
48	35868	38	0.2919899877181413305748947095708
51	38110	41	0.29001719193863084722551093364018
54	40352	43	0.28813135156765673494660973119608
57	42594	46	0.28632067799863880619426481644041
60	44836	48	0.28457693071762329983798167631903
63	47077	50	0.28289427542451950348123546064016
66	49319	53	0.28126124242975508726871680664772
69	51561	55	0.27968011220589428234006845741533
72	53803	58	0.27814098053590269321588834827708
75	56045	60	0.2766459052157297371365984872682
78	58286	63	0.27518954451432137142674605456705
81	60528	65	0.27377067144620281791134175364277
84	62770	67	0.27239264543778451965749809460249
87	65012	70	0.27104695275932122466855389575358
90	67254	72	0.26973084997493135261947827530093
93	69495	75	0.26844957359578758282481203423231
96	71737	77	0.26719694708535829397177963073773
99	73979	80	0.26597589321634396153370971660479
102	76221	82	0.26478331636750684907610775553621
105	78463	84	0.26362275189865336244565696688369
108	80704	87	0.26248622713646663218156618313515
111	82946	89	0.26138091094532156510865661402931
114	85188	92	0.26030031740617642910251561261248
117	87430	94	0.25924439287165590428685391088948
120	89672	97	0.25821732481529163782951741268334
123	91913	99	0.25721177789639032562618581323477
126	94155	101	0.25623034979293279889134282711893
129	96397	104	0.25527332190556917268509096174967
132	98639	106	0.25433712109048772775921065658622
135	100881	109	0.25342573184453098811275140178623
138	103122	111	0.25253388942295573738050507017761
141	105364	114	0.25166326010928241618813672175747
144	107606	116	0.25081415293146225309328656294383
147	109848	119	0.24998547489034378399352931410249
150	112090	121	0.24917853695567118710307852325059
153	114331	123	0.24838694723640417083565523626021
156	116573	126	0.24761417327958584744251879783405
159	118815	128	0.2468600950047634134953966622561
162	121057	131	0.24612258699548211771102046441229
165	123299	133	0.24540345435655713801637034521264
168	125540	136	0.24470039421952430314100013220013
171	127782	138	0.24401481533644034382923848625069
174	130024	140	0.24334445380103464362520071517793
177	132266	143	0.24268932717417074362842299706244
180	134508	145	0.24204860931211102936799761664588
183	136749	148	0.2414227014729002640525123979387
186	138991	150	0.24081050479819049447982592937478
189	141233	153	0.2402140311212402346008332187921
192	143475	155	0.23963079787323793290454432280967
195	145717	157	0.23905966426957353521132176865649
198	147959	160	0.23850139538864115196226123316592
201	150201	162	0.23795496529879295311005193980236
204	152442	165	0.23742103051702143079459972341283
207	154684	167	0.23689922303860566632494055738789
210	156926	170	0.23638938925783514743983459993615
213	159168	172	0.2358913189302912771783127254821
216	161410	174	0.23540407325850745690054566239269
219	163651	177	0.23492786769120246881392688464985
222	165893	179	0.23446082607612320214407475305052
225	168135	182	0.23400420422163539790894049019698
228	170377	184	0.23355685659913114071706274899043
231	172619	187	0.23312074266173868353213549653447
234	174860	189	0.23269341327543344166706162923219
237	177102	191	0.23227505111203666787744737121102
240	179344	194	0.23186482925619117390070300643856
243	181586	196	0.23146409365874520691619409262785
246	183828	199	0.23107079344869654868865893604379
249	186070	201	0.23068619632152431719873675319832
252	188312	203	0.23030983022229375989375910194212
255	190554	206	0.22994125325047304331249620190647
258	192795	208	0.22958087145240235749099610984558
261	195037	211	0.22922732424248576377223685085482
264	197279	213	0.22888078894563138043771743923571
267	199521	216	0.22854139728172651047088947962038
270	201763	218	0.22820857048393972110744698511553
273	204005	220	0.22788325914291748808260251735192
276	206247	223	0.22756430578523828556214425589133
279	208488	225	0.22725149826679852393951364319946
282	210730	228	0.22694504295941089755395125848736
285	212972	230	0.22664492010423847867528479582688
288	215214	232	0.22635040090973260196172134328663
291	217456	235	0.22606167710595584385835365992534
294	219697	237	0.22577858181640589330108070953429
297	221939	240	0.22550090046474091654005178497755
300	224181	242	0.22522981028133232106469563404971
303	226423	244	0.22496311335214289051087632742565
306	228665	247	0.22470149111718334955511977568676
309	230906	249	0.22444557094733810775899485179252
312	233148	252	0.22419357347167551131050799995137
315	235390	254	0.22394641199045936530431788469286
318	237632	256	0.22370380486177268708480880832212
321	239874	259	0.22346573638151409624263976638758
324	242115	261	0.22323248422273597735276950970729
327	244357	264	0.223003665109398091503933869717
330	246599	266	0.22277902866694535011227173981752
333	248841	268	0.22255820736018169792025389597256
336	251083	271	0.22234155060322269292782948468812
339	253324	273	0.22212999931241303452900126558234
342	255566	276	0.22192233007967940294768993680918
345	257808	278	0.22171732979352082315571692561207
348	260050	281	0.22151626896531101396092822142236
351	262292	283	0.2213184854999820094789697577653
354	264534	285	0.22112624012427198327834787505708
357	266776	288	0.22093549480983601385197800937021
360	269018	290	0.22074800921707782297431776896701
363	271260	293	0.22056391117773083143660528548935
366	273502	295	0.22038317765396348013595684278698
369	275744	298	0.22020570420483945306422413068503
372	277985	300	0.2200314849848794551689934451133
375	280227	302	0.21986016994823595616104228156473
378	282469	305	0.21969162726275967556510693157179
381	284711	307	0.21952607109229568815855770935741
384	286953	310	0.21936334819467134815695885663445
387	289194	312	0.21920431536845449982386924148159
390	291436	314	0.21904720387768505940329077930073
393	293678	317	0.21889270720250206259116509954765
396	295920	320	0.21874103297136329726590986410883
399	298162	322	0.21859174760269212134389249513333
402	300403	324	0.21844504521587271295146592819947
405	302645	327	0.21830059457659770072446292488166
408	304887	329	0.2181586469608324252433817491692
411	307129	332	0.2180199472816783112794070120799
414	309371	334	0.2178826054226193631446761855841
417	311612	336	0.21774748558591780489557265809708
420	313854	339	0.21761470938267821195744033957453
423	316096	341	0.21748418224955048949631475352362
426	318338	344	0.21735566677049994455117598590732
429	320580	346	0.21722929896053205789385742718878
432	322821	348	0.21710488972716882050129072467826
435	325063	351	0.2169825323956368068323286024679
438	327305	353	0.21686207755802019980784223207593
441	329547	356	0.2167436479146837846609940925191
444	331789	358	0.21662694182404101939098950424523
447	334030	360	0.21651206545899279176659035783814
450	336272	363	0.2163990952310952675663457966948
453	338514	365	0.21628781089474988230669794120331
456	340756	368	0.21617831174034146668461175977427
459	342998	370	0.21607054685685608830247872447217
462	345239	372	0.2159643703268163406061574960404
465	347481	375	0.21585980821648564909054357485729
468	349723	377	0.21575691747435069012261976695299
471	351965	380	0.21565570997481831039266353400308
474	354207	382	0.21555597483467175967675188985595
477	356448	384	0.21545781076356879113475883968931
480	358690	387	0.21536110099291708164237491018866
483	360932	389	0.21526581759160950957365798785759
486	363174	392	0.21517193409866508524430628312984
489	365416	394	0.21507953309039470890517975476541
492	367657	397	0.21498847561125067340270788918133
495	369899	399	0.21489971904062171725868779503799
498	372141	401	0.21481137042218084731715066482138
501	374383	404	0.21472436337334876998994559471612
504	376625	406	0.21463864852247649395167172770016
507	378866	409	0.21455417495838136066055312767276
510	381108	411	0.21447101734518064786172431013256
513	383350	413	0.21438905909926733728276815327263
516	385592	416	0.21430821768594765508453292568447
519	387834	418	0.21422861325138878307861034500093
522	390075	421	0.21415008643430721857470189206651
525	392317	423	0.21407267013729619486994693033921
528	394559	426	0.21399640523752053167250153364876
531	396801	428	0.21392125339974432662870640342589
534	399043	430	0.21384711940575348854132187170762
537	401284	433	0.21377508022170974011366695322067
540	403526	435	0.21370301472400266007412028557155
543	405768	438	0.21363203216998161160233848931966
546	408010	440	0.21356202094654816447949485791469
549	410252	442	0.2134930175922209183436706325665
552	412493	445	0.21342496342380884444267508115445
555	414735	447	0.21335786249572052941658739655395
558	416977	450	0.21329172336593174574836950796453
561	419219	452	0.21322747017554247173087844657857
564	421461	454	0.21316306673919602210354184990138
567	423702	457	0.21309960471621472444248013289325
570	425944	459	0.21303698651236716021806216758705
573	428186	462	0.21297524284254440440911082532693
576	430428	464	0.21291537137861130113414276365802
579	432670	466	0.21285529668789041068954759339249
582	434911	469	0.21279601614150722710405716497917
585	437153	471	0.21273756519863321057250971080066
588	439395	474	0.21267994036033166516119763400638
591	441637	476	0.21262305662213024093354363230901
594	443879	478	0.21256690006598061293274781746732
597	446120	481	0.21251155481213995779299352761882
600	448362	483	0.2124568933091143252411825415038
603	450604	485	0.21240295371284953485080393420503
606	452846	488	0.21234973855102320938748050593858
609	455088	490	0.21229724261336702095803730117041
612	457329	493	0.21224541582168596209889699366613
615	459571	495	0.21219429276075948975766038984148
618	461813	498	0.2121437656217491085630655334171
621	464055	500	0.21209395885413259708052180485538
624	466297	502	0.21204480297272224054161426920473
627	468538	505	0.21199626088577572247118041559588
630	470780	507	0.21194838829224851850518973606086
633	473022	510	0.21190106917476614345474672518321
636	475264	512	0.21185438565963643497980228858069
639	477506	514	0.2118082997892992980215609577499
642	479747	517	0.21176382298923521196876151861943
645	481989	519	0.21171891922811800212933519560465
648	484231	521	0.21167459114545572607113399499212
651	486473	524	0.21163081846689821285956156771135
654	488715	526	0.21158759144438821220290947167086
657	490956	529	0.21154493174176505765338163200795
660	493198	531	0.21150278944441008865950948347745
663	495440	533	0.21146117142609077710346809908515
666	497682	536	0.21142004098627695252154978788894
669	499924	538	0.21137943054171537404783975944156
672	502165	541	0.21133936487812951532383465291787
675	504407	543	0.21129977872216681999972820449329
678	506649	545	0.21126068950495383025334206195112
681	508891	548	0.2112220655631191768009102815995
684	511133	550	0.21118394421016925543987952096359
687	513374	553	0.21114626623047344500250233068073
690	515616	555	0.21110907545106116778299565339694
693	517858	558	0.21107231913635235431847547715734
696	520100	560	0.21103602768386467425365538019832
699	522342	562	0.21100018543141144111707774300157
702	524583	565	0.21096474203332618579942447922804
705	526825	567	0.21092975042843101207701295152219
708	529067	569	0.21089517576749911009770244163519
711	531309	572	0.21086102164509756828891795521486
714	533551	574	0.21082727697887840290214001015556
717	535792	577	0.21079393575694013729382447763783
720	538034	579	0.21076098680914853722434543215059
723	540276	581	0.21072843948382039003242027774832
726	542518	584	0.2106962736241557720973105460871
729	544760	586	0.21066448734170256651410113590828
732	547001	589	0.21063308578268308268732766919129
735	549243	591	0.21060205903750164879717488020106
738	551485	593	0.21057139356921136807976324689662
741	553727	596	0.21054108862167678073440413299977
744	555969	598	0.21051112975687580330941273132339
747	558210	601	0.2104815222781140082730644280673
750	560452	603	0.21045325709683568304875223020645
753	562694	605	0.21042434515498348313045084978512
756	564936	608	0.21039574889429349391356538490072
759	567178	610	0.21036749871311166693033101182664
762	569419	613	0.21033957692902532921053193604166
765	571661	615	0.2103119593139041176854675541108
768	573903	617	0.210284671654473898083637095624
771	576145	620	0.21025770320171585647806011820649
774	578387	622	0.21023103542892981887568737420224
777	580628	625	0.2102046782641245337153179661982
780	582870	627	0.21017861705284288098560807611648
783	585112	629	0.2101528533126134912212279459709
786	587354	632	0.21012737285923541175058915086993
789	589596	634	0.21010219186814643732574836576532
792	591837	636	0.210077297988593314492788977077
795	594079	639	0.21005267479069644753764123379369
798	596321	641	0.21002833861859446229480852252891
801	598563	644	0.21000427623380843455969113620085
804	600805	646	0.20998048442363778653962924636289
807	603046	648	0.20995695113513909713098826159694
810	605288	651	0.20993368717684521285171683757653
813	607530	653	0.20991067472747207411920555841789
816	609772	656	0.20988792778282860940208820466069
819	612014	658	0.20986542442533676067206727111625
822	614255	661	0.20984318094488441097666964196833
825	616497	663	0.20982117532570054851959184816224
828	618739	665	0.20979940755886453129797075689567
831	620981	668	0.20977789190251616702198589337058
834	623223	670	0.20975660089868791713385576258588
837	625464	673	0.20973554749987471934602467626974
840	627706	675	0.20971472559890594333786850711476
843	629948	677	0.20969413282372367790529210651584
846	632190	680	0.20967376142761731672159442041448
849	634432	682	0.20965361629114132036022510874318
852	636673	684	0.20963367674067667767445755089284
855	638915	687	0.20961396329759068857256920637155
858	641157	689	0.20959446462392847254641026211175
861	643399	692	0.20957517369509090499057890610857
864	645641	694	0.20955609058377813735951633589139
867	647882	696	0.20953820859081029315262867385172
870	650124	699	0.20951953927337119143459176484612
873	652366	701	0.20950106043910754483050595808891
876	654608	704	0.2094827787242512506793445936637
879	656850	706	0.20946469581768700773949376525707
882	659091	708	0.20944680762847803223714038267644
885	661333	711	0.20943011266529354408305607648799
888	663575	713	0.20941259751813759426575245470303
891	665817	715	0.20939527079620412486349323444301
894	668059	718	0.20937813003982133630564987925027
897	670300	720	0.2093621620153276741138625993699
900	672542	723	0.20934538517998255158225617833523
