0	0	0	0.69314718055914625871594125783304
3	1437	19	0.49294756241057818835216153274814
6	2875	39	0.41704109224066304717482012165419
9	4313	58	0.376719966847187670566654560389
12	5750	78	0.35254005071870503362774229572096
15	7188	97	0.33870582947357291692114245051926
18	8626	117	0.32779014212162449481979820120614
21	10063	137	0.32106448085528144220646140638564
24	11507	156	0.31514546685697136796378003964492
27	12945	176	0.31091191586796268486736494196521
30	14383	195	0.30715087286112308095908929317375
33	15820	215	0.30388744058061739616860563728551
36	17258	235	0.3011947175517908914521569840872
39	18696	254	0.29843579430902195115393737978593
42	20133	274	0.29633723426721914062653695509653
45	21571	293	0.2938625952032476451591946897679
48	23009	313	0.29211944330703965011508671523188
51	24447	332	0.28982978843531553847512327592995
54	25884	352	0.28831175644130108137730417183775
57	27322	372	0.2861343285513655021468082395586
60	28760	391	0.28477803497666392962273107514193
63	30197	411	0.28270295412514512278789879928809
66	31635	431	0.28146399130933458243575273627357
69	33073	450	0.27948975322616409489029365431634
72	34510	470	0.27834030852599755956333638096112
75	35948	490	0.27645355177914776589886969304644
78	37386	510	0.27537651977612581655208146003133
81	38824	529	0.27357652871330107036129675179836
84	40261	549	0.27255741305746844505009107706428
87	41699	569	0.27084369767854443722399082616903
90	43137	588	0.26987765689321446815895910731342
93	44574	608	0.26824584971479820127981952282425
96	46012	628	0.26732470916241912739508279628353
99	47450	647	0.26577214403228716088634087100218
102	48887	667	0.26489053615898960902796943628346
105	50325	687	0.26341861422086998434366478250013
108	51763	706	0.26257446236718412491129015506885
111	53201	726	0.26117949056669331753255391959101
114	54638	746	0.2603740378619312512142869309173
117	56076	765	0.25904510568658073443870648588927
120	57514	785	0.25827226190985724807447354578471
123	58951	805	0.25700846723703624219226071545563
126	60389	825	0.25626781305766405116841610833944
129	61827	844	0.25507191391728850637932168865518
132	63264	864	0.25435978892194543998783728966373
135	64702	884	0.25322625288051964220770173596975
138	66140	904	0.25254425696656435107456672994886
141	67578	924	0.25146459606468990477523561821727
144	69021	944	0.25080906357472237955263949515938
147	70459	963	0.24978851772614577009257175177481
150	71897	983	0.24915899640750865939864411302551
153	73335	1003	0.2481920200150005140216080690152
156	74772	1023	0.24759099791793434675035712189128
159	76210	1043	0.24667064300598587345270118476037
162	77654	1062	0.24609338489141960315542689841095
165	79091	1082	0.24521657693799789323740867530432
168	80529	1102	0.24466170187384947420916603277874
171	81967	1121	0.24382922811663954032468382138177
174	83405	1141	0.243297896616578163131450196488
177	84842	1161	0.24250470882858524146463707893417
180	86280	1181	0.24199592880439080300192244976643
183	87718	1200	0.24124256655263356940999130983982
186	89155	1220	0.24075258018888959221648349284806
189	90593	1240	0.24003606920697867499470135044248
192	92031	1259	0.23956755754766997923432825245982
195	93468	1279	0.23888620551081382603619829296804
198	94906	1299	0.23843482793456297064160764875851
201	96344	1318	0.23778742714183168094344011933572
204	97782	1338	0.23735461260976128960997755257267
207	99219	1358	0.23673599216016641411108878401137
210	100657	1378	0.23632142424334653951767393209593
213	102095	1398	0.23573318968822609686952773699886
216	103532	1417	0.235333922943434720176369978617
219	104970	1437	0.23477167547996541374644152710971
222	106408	1457	0.23438712410444523248642667567765
225	107845	1477	0.23385185013027381950578842406685
228	109283	1497	0.23348196282517227895247913238563
231	110733	1517	0.23297093081696543248604314158001
234	112171	1536	0.23261442925277331372768685469055
237	113609	1556	0.23213006690961879296963843444246
240	115046	1576	0.23178724033000167037421590521262
243	116484	1596	0.23132447281999249377726357579377
246	117922	1616	0.23099301926728621481288428185508
249	119359	1635	0.23055058095892008718230670183402
252	120797	1655	0.23023175858399264059883648769755
255	122235	1675	0.22980982472922245607449553972401
258	123673	1695	0.22950273425593040177439263516135
261	125110	1714	0.22909933402094578847041361768788
264	126548	1734	0.22880256869127768570848502349691
267	127986	1753	0.22841710485867020019590256652009
270	129423	1774	0.22813005860787946565970685242064
273	130861	1793	0.22776202777178103375810280795122
276	132299	1813	0.22748522367405685229435619021388
279	133736	1833	0.22713360999782658544710045589454
282	135174	1853	0.22686667358302520236534860487154
285	136612	1873	0.22652965495230620307509639133059
288	138050	1892	0.22627211733391860981612353498349
291	139487	1912	0.22594959637283906772609043400735
294	140925	1932	0.22570061808855243490334885336779
297	142363	1952	0.22539275489565918642043129693775
300	143800	1971	0.22515211022171746635400779723568
303	145238	1991	0.22485721902474811728644965569401
306	146676	2011	0.22462504381277681453354944096645
309	148113	2030	0.22434181792589968917894793776213
312	149551	2050	0.22411653731716882353985909048788
315	150989	2070	0.22384510888611888757004919625615
318	152427	2089	0.22362765795671937785193961190089
321	153864	2109	0.22336821048197227912446294340043
324	155302	2129	0.22315703878147200023285279257834
327	156740	2148	0.22290851149764084881965686690819
330	158177	2168	0.22270444434817013301675103775779
333	159615	2188	0.22246565304016269193354560229636
336	161053	2207	0.222267921950279473408684793867
339	162497	2227	0.2220395505921088641354543824491
342	163934	2247	0.22184902981957338452545513973746
345	165372	2267	0.22163079271653879365189254713187
348	166810	2287	0.22144479180200640766607023124379
351	168247	2306	0.22123652338554158913730418589694
354	169685	2326	0.22105492944454391279762717203994
357	171123	2346	0.22085429641626561081402257968875
360	172560	2365	0.22067823487414864325195651417744
363	173998	2385	0.2204854971193829227260607694916
366	175436	2405	0.22031524594428589236549953511712
369	176874	2425	0.22013010975575669769810360776319
372	178311	2444	0.21996584920470507729106657279772
375	179749	2464	0.21978708671217420111965168416646
378	181187	2483	0.21962689988178135669372181837389
381	182624	2503	0.2194550588000588331460960489494
384	184062	2523	0.21929988843417810850944249523309
387	185506	2543	0.21913569104125127373627890392527
390	186944	2563	0.21898512063743880151633902642061
393	188381	2582	0.21882701586589239917124416479055
396	189825	2602	0.21868112521594415542658396134357
399	191263	2622	0.2185282249747049487798022937568
402	192701	2642	0.21838606898467211037129231954168
405	194138	2662	0.21823925787903630801878307465813
408	195582	2682	0.21810100263655904373472083079832
411	197020	2702	0.21795945280548453815150367063325
414	198458	2721	0.21782478005754449257302951536985
417	199895	2741	0.21768869357198813996312480867346
420	201333	2761	0.21755764332009766559572483402007
423	202771	2780	0.21742686380768858067646931431227
426	204208	2800	0.21729948999832163214485092339601
429	205646	2820	0.21717378245560367555633263236814
432	207084	2839	0.21704996849949453885386674301117
435	208521	2859	0.21692881864607996278415669166861
438	209959	2879	0.21680831899048444433297788691561
441	211403	2899	0.21669167098509126145877701219433
444	212841	2918	0.21657426088429077015717894028057
447	214278	2938	0.21646172340938907296958859660663
450	215716	2958	0.21634716059951664135496685048565
453	217154	2977	0.21623934704453623423248131985019
456	218592	2997	0.21612735822868928137197030991956
459	220029	3017	0.2160242149091368690783099282271
462	221467	3037	0.21591468030410493339488198216713
465	222905	3056	0.21581473111647006546398586124269
468	224342	3076	0.21570832624941294053400042685098
471	225780	3096	0.21561246090276822706677251062501
474	227224	3116	0.21550845877170390907373587197071
477	228668	3136	0.21541645931286673709692536249349
480	230105	3155	0.21531443031822333766811539135233
483	231543	3175	0.21522605973746442020733127264975
486	232981	3195	0.21512657692821857136067364990595
489	234419	3215	0.21504118067841179740007362397591
492	235862	3234	0.21494503839097695019333400523465
495	237300	3254	0.21486257192097074630865449762496
498	238738	3274	0.21476806185542757221540455248032
501	240175	3294	0.21468853783998254058928978338372
504	241613	3313	0.21459648677684176054647480214044
507	243051	3333	0.2145199809318289463355711177428
510	244489	3352	0.21442967702367457527579119869188
513	245926	3372	0.21435575040234911003977913424023
516	247364	3391	0.21426784282723498886724655676517
519	248802	3411	0.21419593785012239206544393255172
522	250246	3431	0.2141105570589785789259451576072
525	251683	3451	0.21404127196869887628238871002395
528	253121	3471	0.21395746243269200825842801805265
531	254559	3491	0.2138910319801837767172969506646
534	255996	3510	0.21380994901434899335690431598778
537	257434	3529	0.2137461125345785084572725054386
540	258872	3549	0.21366567462146004996448311885615
543	260309	3569	0.21360401194931377677477257748251
546	261747	3588	0.21352553543061697505223150983511
549	263185	3608	0.21346621565446388668618737938232
552	264623	3628	0.21338916454227982444358246993943
555	266060	3648	0.21333237790921963372703373806871
558	267504	3667	0.21325773574681991529011781949521
561	268942	3687	0.2132031773692248666218773678338
564	270380	3707	0.21312872093286644448184574685001
567	271817	3726	0.21307598006099831566828584072937
570	273255	3746	0.2130041574977857565809102879939
573	274693	3766	0.21295371157311021592661859358486
576	276130	3785	0.21288205260808604202260596593987
579	277568	3805	0.21283300637809693389712606403918
582	279006	3825	0.21276345477616731560743801310309
585	280443	3844	0.21271585151300095861692796006537
588	281881	3864	0.21264791132377963700506029454118
591	283319	3884	0.2126022563559687716949753166773
594	284757	3903	0.21253561391042058437150785721315
597	286194	3923	0.21249120620901978950811894719664
600	287632	3942	0.21242634050125966393984811020346
603	289070	3962	0.21238343035503740030556230067305
606	290507	3982	0.21231966380154479456798810588225
609	291945	4001	0.2122787963257594112675974429294
612	293383	4021	0.21221616595682585293403121795563
615	294820	4041	0.21217711350764614786079675923247
618	296258	4060	0.21211516949116268615505020989076
621	297696	4080	0.21207710579721764099225822519657
624	299134	4100	0.21201707463040334045167867316195
627	300571	4119	0.21198067907841838808380430236866
630	302009	4139	0.21192126531082383644744027151319
633	303447	4159	0.21188566773617148464303738819581
636	304884	4179	0.21182806951753185842335369670764
639	306322	4198	0.2117929319580670599609817372766
642	307760	4218	0.21173814887228079029135585642507
645	309197	4238	0.21170475884479195149978636436572
648	310635	4257	0.21164933879846273279135004941054
651	312073	4277	0.21161767072949796975045444469288
654	313511	4296	0.21156272255416530558846943677054
657	314948	4316	0.2115322408939606657618526242004
660	316386	4336	0.21147832049027986967004721918784
663	317824	4355	0.21144844631356188302540033419064
666	319267	4375	0.2113960785251325080746909179652
669	320705	4395	0.21136746567491071502331578813028
672	322143	4414	0.21131573046268589677332272458443
675	323581	4434	0.2112887023238390893364879730143
678	325018	4453	0.21123767244198793369136524233909
681	326456	4473	0.21121122902914471475277480294608
684	327900	4493	0.21116143210974819277581104870478
687	329338	4513	0.21113573676061281325644358730642
690	330775	4533	0.21108710911494815709588124263973
693	332219	4553	0.21106185169511226806804415900842
696	333657	4572	0.21101445388791997825883584027906
699	335094	4592	0.2109905786364300317448083887939
702	336538	4612	0.2109437392969377988993784356353
705	337976	4631	0.21092083396000008144177684243914
708	339414	4651	0.21087434045068070842532392816793
711	340851	4671	0.2108520193634049189057577677886
714	342289	4691	0.21080693593245974915006968330999
717	343727	4710	0.21078556352534832951661769584462
720	345165	4730	0.21074084993641947760600885430904
723	346602	4749	0.21072035598136218403908515028888
726	348040	4769	0.2106764637586610866559766463979
729	349478	4788	0.21065648442163428799567270743864
732	350915	4808	0.21061362987027759663405390710977
735	352353	4827	0.21059395275463296814955072022713
738	353791	4847	0.21055215543659286381306117164058
741	355228	4866	0.21053294512828080176092271358357
744	356666	4886	0.21049354923004559569932325757691
747	358110	4906	0.21047504541926750909475174466934
750	359548	4926	0.21043504355814132700253082930431
753	360985	4945	0.21041747753938827569797354044567
756	362423	4965	0.21037776223634410688312357251561
759	363861	4985	0.21036109524058249631295325343672
762	365299	5004	0.21032186693816323774797183432383
765	366736	5024	0.21030609554466861421673229415319
768	368174	5044	0.21026722872450870349680940307735
771	369612	5063	0.21025169792341130703405838175968
774	371049	5083	0.2102141569085883010536974779825
777	372487	5103	0.21019928088200473537128232237592
780	373925	5123	0.21016171973358283020516523720289
783	375362	5142	0.21014733170924554395142536122876
786	376800	5162	0.21011092604617620516194165247725
789	378238	5181	0.21009714204165186313133517614915
792	379676	5201	0.21006101026195353465020332350832
795	381113	5221	0.21004795952237884093527497952891
798	382551	5241	0.21001224510016414104285331632127
801	383995	5261	0.21000039972406794874792979044287
804	385432	5280	0.20996461132176255648396079322993
807	386870	5300	0.20995274505080183113925329507765
810	388308	5319	0.20991816054027373494861308245163
813	389746	5339	0.20990635663984649750268829393463
816	391183	5358	0.20987254122546877832533596119902
819	392621	5378	0.20986131028795257380537009339605
822	394059	5398	0.20982798923559004000694017122441
825	395496	5418	0.20981743118291817928877662779996
828	396934	5437	0.20978439140511945248945835373888
831	398372	5457	0.20977451366033136870292707953922
834	399809	5477	0.20974171252596285341951443115249
837	401247	5496	0.20973236542576204066712364237901
840	402691	5516	0.20970026411446240910407823321293
843	404129	5536	0.20969107326755642706217486193054
846	405566	5555	0.2096594630460118791059898057938
849	407004	5575	0.20965103806646154249726521356934
852	408442	5595	0.20961940820160804288541100959264
855	409880	5614	0.20961215031979649192628301079822
858	411317	5634	0.20958016295135184492437474546023
861	412755	5654	0.20957379630047437424344991541147
864	414193	5673	0.2095419928596423952971150583835
867	415630	5693	0.20953594140382664212651775414997
870	417068	5713	0.20950579420038276112769892733922
873	418506	5732	0.20950071225650948592011957316572
876	419943	5752	0.2094693253410466748931639813236
879	421381	5771	0.20946411049480490040863855938369
882	422819	5791	0.20943472751498909412148918818275
885	424257	5811	0.20942906603434510715011640513694
888	425694	5830	0.20940073381905546789916172656376
891	427132	5850	0.20939536292662985772494721459225
894	428570	5870	0.20936660336216419975308156153915
897	430007	5889	0.20936086129153799739732733087294
900	431445	5908	0.20933328992297536852440487109561
