0	0	0	0.69314718055914625871594125783304
3	1142	2	0.49466684362118318318835008540191
6	2284	4	0.41728347877642008034726472942566
9	3426	7	0.3771911240759616701367917812604
12	4568	9	0.35279602654630959346349072802695
15	5710	12	0.33881585880844983238446843643032
18	6852	14	0.32800300508244167874138952356589
21	7994	17	0.32107592721269778701653763164359
24	9136	19	0.31513090661327552988169031777943
27	10278	21	0.31085798287020621755161187138583
30	11420	24	0.30709833716143253301567028756835
33	12562	26	0.30385972627685070568404057667067
36	13704	29	0.30117468705099403880609543193714
39	14846	31	0.29844547870451015869619482145936
42	15988	34	0.2963497366155213863514461536397
45	17130	36	0.29387828057053511088270170148462
48	18272	39	0.29213674857308430388158626556105
51	19414	41	0.28982965927029824548810665874043
54	20556	43	0.28832210872540975366007387492573
57	21698	46	0.28614142232526190712249558600888
60	22840	48	0.2847924837812920717539100223803
63	23982	51	0.28271301229802164867166425210598
66	25124	53	0.28147875928424409552874863038596
69	26266	56	0.27950313552203076561397665500408
72	27409	58	0.27835810259809834477096046612132
75	28551	60	0.27646790429101703034930892499688
78	29693	63	0.27539325867011055226640792170656
81	30835	65	0.27359115052001353740607214604097
84	31977	68	0.27257299194262402108890341878578
87	33119	70	0.27086239480849205740753404825227
90	34261	73	0.26989776547104038506574852362974
93	35403	75	0.26826979530242694993447116758034
96	36545	77	0.2673507181540663579788486003963
99	37687	80	0.26579531953875495942085649403452
102	38829	82	0.26491854185501750862385961227119
105	39971	85	0.2634411087433033427096518153121
108	41113	87	0.26260344296467641456160890811589
111	42255	90	0.26120154627092312393799033998221
114	43397	92	0.2603996171867767328578224805824
117	44539	94	0.25906621299260712554257679585135
120	45681	97	0.25829483601942304638043879094766
123	46823	99	0.25703134497752988529839512921171
126	47965	102	0.25629351290467272672657372822869
129	49107	104	0.25509251679449473915184398720157
132	50249	106	0.25438269229411003546914571415982
135	51391	109	0.25324373829657381707036734042049
138	52533	111	0.25256440395086671157898194906011
141	53675	114	0.25148530946665048624311111780116
144	54817	116	0.25083157029631447665352084186452
147	55959	119	0.24980885741017236356675823572004
150	57101	121	0.24918306704520823413595564943535
153	58243	123	0.24821002605612746405583379782911
156	59385	126	0.24760963454631823577045679485309
159	60527	128	0.24668691013057608696357192457072
162	61669	131	0.24611172926737875932268195811048
165	62811	133	0.24523194242958201716220401067403
168	63953	136	0.24467948379901952038473211814562
171	65095	138	0.24384435257987388534495210024033
174	66237	140	0.24331443008885150769415872673562
177	67379	143	0.24251984503780410484807816828834
180	68521	145	0.24201199296847408781729882321088
183	69663	148	0.24125521044827646921504538113368
186	70805	150	0.24076652711621754354709423751046
189	71947	153	0.24004957593741499399797589830996
192	73089	155	0.23958031657044495665864758393582
195	74231	157	0.23890087154857519990969194623176
198	75373	160	0.23844866864959868291151678931783
201	76515	162	0.23780116333230602587711643991497
204	77657	165	0.23736741467083835588347540124232
207	78799	167	0.23674843781870699710445649088797
210	79941	170	0.2363335799128368774901787219278
213	81083	172	0.2357458361217674713827818777645
216	82225	174	0.23534629368092080392571574520844
219	83367	177	0.23478556064821903826000948356523
222	84510	179	0.23440177378064661062317952655576
225	85652	182	0.23386625765833554679851147284353
228	86794	184	0.23349582840945654060860192657856
231	87936	186	0.23298730940674572398307873299927
234	89078	189	0.23263050608009103181750276689854
237	90220	191	0.23214561903336489168125922333275
240	91362	194	0.23180179182658133818506485113176
243	92504	196	0.23134070038783749456712257597246
246	93646	199	0.23100892404945042035713242967176
249	94788	201	0.23056772596414731868463832142879
252	95930	203	0.23024701534330715979592696385225
255	97072	206	0.22982638106553465728865148776094
258	98214	208	0.2295167470249515617730651229067
261	99356	211	0.22911554657858002048698153885198
264	100498	213	0.22881782891857713191363643545628
267	101640	216	0.22843460284803721038748847149691
270	102782	218	0.22814666779494355286495022028248
273	103924	220	0.2277794987687809247223214015321
276	105066	223	0.22750287436448030087277061284112
279	106208	225	0.22715157041924458058979041652492
282	107350	228	0.22688531771902931133411129849264
285	108492	230	0.22654828044223682126379060264298
288	109634	232	0.22629013603895006823130131579092
291	110776	235	0.2259691489380013518228906832519
294	111918	237	0.22571914700724260427477929624729
297	113060	240	0.22541268492068045059539826979744
300	114202	242	0.22517114515419717202249216825294
303	115344	245	0.22487646396862256970017313051358
306	116486	247	0.22464320895682957091032960761368
309	117628	250	0.22436094804055539686515885478002
312	118770	252	0.22413485731213911300585550634423
315	119912	254	0.22386414678377355991223396358691
318	121054	257	0.22364594509770818753224830288673
321	122196	259	0.22338631283162771468120411100244
324	123338	262	0.22317491504001976676541119104513
327	124480	264	0.22292587349704021115748275860824
330	125622	266	0.22272150675086843651939716437482
333	126764	269	0.22248352129943704813541671683197
336	127906	271	0.22228533212540735330975394390407
339	129048	274	0.22205651506499654579407376786548
342	130190	276	0.2218652413490889707681219533697
345	131332	278	0.2216475583976506846806131534322
348	132474	281	0.22146159469599049907095889011543
351	133616	283	0.22125354301562000225445103751554
354	134758	286	0.22107100818438904510365716760134
357	135900	288	0.22087068683067209717840739813255
360	137042	290	0.22069392714875379901684482319979
363	138184	293	0.22050239577538055524286164654768
366	139326	295	0.22033129321793518129446454167919
369	140468	298	0.22014679128242209404930918026366
372	141611	300	0.21998038174737449823581414420914
375	142753	302	0.2198041781645526937527534983019
378	143895	305	0.21964179843215750342899639235839
381	145037	307	0.21947203169110326981261493983766
384	146179	310	0.21931416670590106465787982870097
387	147321	312	0.21915176831249791322697717532719
390	148463	314	0.21899855536681342438320996279799
393	149605	317	0.21884258786442251087933641429117
396	150747	319	0.21869354874419624779058324293146
399	151889	322	0.21854252587533354312832045707182
402	153031	324	0.21839855947036238004166364135017
405	154173	326	0.21825285111597386711324020325264
408	155315	329	0.21811292204336110711615503987559
411	156457	331	0.21797268635842459438833884632913
414	157599	334	0.21783689553338611566424276588805
417	158741	336	0.21770172583316954595389347559831
420	159883	338	0.21756993994214701704237313606427
423	161025	341	0.21744010012735928705218668710586
426	162167	343	0.2173122031502509876599305016498
429	163309	346	0.21718717600835008019188876460248
432	164451	348	0.21706220458449659860278302403458
435	165593	351	0.21694180375486843415089310838084
438	166735	353	0.21681988475924757198143311143212
441	167877	355	0.21670410282257998590971226349211
444	169020	358	0.21658558008311684650593065271096
447	170162	360	0.21647452714976445076189293104107
450	171304	363	0.21635863999817017688798159724684
453	172446	365	0.21625135020092867144114734401228
456	173588	367	0.21613883947852996492144939111313
459	174730	370	0.21603603575548840920461657333362
462	175872	372	0.21592619509549446088492175022111
465	177014	374	0.21582734329354269497969198710052
468	178156	377	0.21572050010808876963075420007954
471	179298	379	0.2156247853393846725111870910041
474	180440	382	0.21552019253558885036881065389025
477	181582	384	0.21542883168269336136013691884727
480	182724	386	0.21532622309375271107967364514479
483	183866	389	0.21523727270589995685945439163334
486	185008	391	0.21513795330698601282470860951435
489	186150	394	0.21505205036181410105378120078967
492	187292	396	0.2149559083528019276521092706389
495	188434	398	0.21487303597300241864154202175996
498	189576	401	0.21477844927238692873672221139714
501	190718	403	0.21469867409025480964324117394426
504	191860	406	0.21460616418544622985287162464374
507	193002	408	0.21452905666722896227405215086037
510	194144	410	0.21443898873250641368137792142079
513	195287	413	0.21436519586395649805687924072117
516	196429	415	0.21427703737285797025435840623686
519	197571	418	0.21420555771663987720820898630336
522	198713	420	0.21411967895679506757034005204332
525	199855	422	0.21405152067670354942841015599697
528	200997	425	0.21396732220596847984239730067202
531	202139	427	0.21390205748349830350285571967106
534	203281	430	0.21381939256590104525557194392604
537	204423	432	0.21375603900517656241753172707831
540	205565	434	0.21367474907245681547962590229872
543	206707	437	0.21361420646741224871334452473093
546	207849	439	0.21353448880513126173497084892006
549	208991	442	0.21347705522432056102211106463074
552	210133	444	0.21339817045371273218634655677306
555	211275	446	0.21334222072366879063842759478575
558	212417	449	0.21326676808955330466588407034578
561	213559	451	0.21321269552894100973716717817297
564	214701	454	0.21313766459015062726400913106772
567	215843	456	0.21308548534078461389462688657659
570	216985	458	0.21301331012299906664253512644791
573	218127	461	0.21296322279105714403435456461011
576	219269	463	0.21289149169275392581290873295075
579	220411	465	0.21284256870512413550855512767157
582	221553	468	0.21277270802598297061436483090802
585	222695	470	0.2127251055803759116624718217281
588	223837	473	0.21265693280280581478614010393358
591	224979	475	0.21261172105818790245557181606273
594	226121	477	0.21254422734477232403982327468839
597	227263	480	0.212500965356056004118556757021
600	228405	482	0.21243467157464787642418002633349
603	229547	485	0.21239267888422500019096617052128
606	230689	487	0.21232770817950963326836699707201
609	231831	489	0.2122879593842716405838189075439
612	232973	492	0.21222405844717914802366465210071
615	234115	494	0.21218542760342767872216995783674
618	235257	497	0.2121230519898147648394370889946
621	236399	499	0.21208504722542081966096816358913
624	237541	501	0.21202460937889183734128550895548
627	238683	504	0.21198754892969928764756559758098
630	239825	506	0.21192856734686185693483650993585
633	240967	509	0.21189310282052473133340697586391
636	242109	511	0.21183518011665178337743498104828
639	243251	513	0.21180110240732094584181766094844
642	244393	516	0.21174499720233169730576605616079
645	245535	518	0.21171248291813821174045529005525
648	246677	521	0.21165610592519193411398248372279
651	247819	523	0.21162519669660806442834655172192
654	248961	525	0.21156965024626303573107577449264
657	250103	528	0.21153959608783759471783980643522
660	251245	530	0.21148536774632287205122338491492
663	252388	533	0.21145564463183413872471305694489
666	253530	535	0.21140271201699942227314465981181
669	254672	537	0.2113741943266714273796935685823
672	255814	540	0.2113223906604433932621134317742
675	256956	542	0.21129462152256114904069761450955
678	258098	545	0.21124376958165072548645468941686
681	259240	547	0.21121782334729607977230614324071
684	260382	550	0.21116715829585638863896690509137
687	261524	552	0.21114242596449372957323475930025
690	262666	554	0.21109292320515807284131426513341
693	263808	557	0.21106821480411619429418124127551
696	264950	559	0.21102019746673014721771721724508
699	266092	562	0.21099640982981979209220924076362
702	267234	564	0.21094914671770234604331051286863
705	268376	566	0.2109262303568348595472770057313
708	269518	569	0.21087957191457232242193242655048
711	270660	571	0.21085821540494928405529151405062
714	271802	573	0.21081169768169774614285927327728
717	272944	576	0.21079144076256392525969829421228
720	274086	578	0.21074556918210735068086592036707
723	275228	581	0.21072643197138599124862423650484
726	276370	583	0.21068121016782406784706438429566
729	277512	585	0.21066297853592358402252671112365
732	278654	588	0.2106186739570202748339511344966
735	279797	590	0.21060033950740558728043083647208
738	280939	593	0.21055732009478000943403230849071
741	282081	595	0.21053930480054683371804458147381
744	283223	597	0.21049835931866614502361301219935
747	284365	600	0.21048149258379522663631178147625
750	285507	602	0.21043957624853859567082281500916
753	286649	605	0.21042374992198734084958289258793
756	287791	607	0.21038241155246339975093405882944
759	288933	609	0.21036660917722369013027616801992
762	290075	612	0.21032626301302184690378282994061
765	291217	614	0.21031161346180793358939808967989
768	292359	617	0.21027170744107256949995132799813
771	293501	619	0.21025691854424674587242805046117
774	294643	621	0.21021852087174630607790959402337
777	295785	624	0.21020457817671317490848537090642
780	296927	626	0.21016632544824428996399490188196
783	298069	629	0.21015300926297647565732518160075
786	299211	631	0.21011522201296645162571508080873
789	300353	633	0.21010201818708051924033952673199
792	301495	636	0.21006529981680030494395339246694
795	302637	638	0.21005291859596597614512347718119
798	303779	640	0.21001617599761260302138055067189
801	304921	643	0.21000489141237640988713053502579
804	306063	645	0.209968716513495107234277270436
807	307205	648	0.20995819465860923735966991898749
810	308347	650	0.20992200010502867768558132866019
813	309489	652	0.2099128227891746967248565169939
816	310631	655	0.20987652299557243984473586806416
819	311773	657	0.20986768186419335613379644200904
822	312915	660	0.20983215413972927665398060526059
825	314057	662	0.20982319005190655514248021518142
828	315199	664	0.20978855622202111086416209673189
831	316341	667	0.20977975639545534680685534567601
834	317483	669	0.2097458431479176099720973525109
837	318625	672	0.20973737133320927150670343053207
840	319767	674	0.20970402966416457068987710954389
843	320909	676	0.20969626075111522101046546140424
846	322051	679	0.2096634128560882215364102876265
849	323193	681	0.2096558604732929875780200745794
852	324335	683	0.20962358316747389808121226906223
855	325477	686	0.20961570683739561005154428130481
858	326619	688	0.20958470149317123820686958879378
861	327761	691	0.20957728698318695004232381506881
864	328903	693	0.20954613570461913529818787083059
867	330045	695	0.20954012420049239473485158669064
870	331187	698	0.2095094797408632858459753833813
873	332329	700	0.20950487160498196259617031955713
876	333471	703	0.20947287827398963777625340298982
879	334613	705	0.20946931495342885343191596803081
882	335755	707	0.20943735674176072736329956569534
885	336898	710	0.20943388138917840013419890965451
888	338040	712	0.2094042504877851318401127400648
891	339182	715	0.20940007458151316255268170607451
894	340324	717	0.20937013452687305847810250725161
897	341466	719	0.209365536270782137684420831647
900	342608	722	0.20933656797326868903574847990967
