0	0	0	0.69314718055914625871594125783304
3	2368	9	0.5091549054257271667012219040771
6	4737	19	0.42337956837885309946400980152248
9	7105	29	0.38051544174376294993322744630859
12	9474	38	0.35572780438852275031180738551484
15	11842	48	0.34001607531229122161064992724278
18	14211	58	0.32938141004636611874900609109318
21	16579	67	0.32171952629757821773281989408133
24	18948	77	0.31586223296619098110937784440466
27	21316	87	0.31122529970340295779607231452246
30	23685	96	0.30739417002658636635104016932019
33	26053	106	0.30411044436601208929005224490538
36	28422	116	0.30122195441138283067417091842799
39	30790	126	0.29862517912489028315548011960345
42	33159	135	0.29624273742794982045012375238002
45	35527	145	0.29403306351925129202840025754995
48	37896	155	0.29195198649653741895804159867112
51	40264	165	0.28997790555613167651216599551844
54	42633	174	0.2880958598484616439705519042036
57	45001	184	0.2862935117337229162792766601342
60	47370	194	0.28455369005261821335750482830917
63	49738	204	0.28287101222919297516256165181403
66	52107	213	0.28124370835446982352934242044284
69	54475	223	0.27966293574076905859016051181243
72	56844	233	0.27812591118675900059287187104928
75	59213	242	0.27663109216667342016293673623295
78	61581	252	0.27517767776633084153559138940182
81	63950	262	0.27376169581724840718095492775319
84	66318	271	0.27238195140914578384894184637233
87	68687	281	0.27103491825955633443001602245204
90	71055	291	0.26972051795363011228445770939288
93	73424	301	0.26844154439191847405510316093569
96	75792	310	0.26719387144430811753537113872881
99	78161	320	0.26597364320456573505424557879451
102	80529	330	0.26478341713067660156966098838893
105	82898	340	0.26362092549275445430012609904225
108	85266	349	0.26248782876706544531231202199706
111	87635	359	0.26138426070371584275520149276417
114	90003	369	0.26030451485748207218762217962649
117	92372	379	0.2592511691514268190594805219007
120	94740	389	0.25822168949181345531940223736456
123	97109	398	0.25721672283073310216749973733386
126	99477	408	0.25623527396956907731251362747571
129	101846	418	0.2552773262903272888380001859332
132	104214	427	0.25434140248348457991056648097583
135	106583	437	0.25342806845176540919695185039018
138	108951	447	0.25253690909598686120673960431304
141	111320	457	0.25166636262285180247744165171753
144	113688	467	0.25081608757251777630514766315173
147	116057	476	0.24998683639708638160037423858739
150	118426	486	0.24917744453949797200920102113741
153	120794	496	0.24838614279276347018843296154955
156	123163	505	0.24761493436824322245115581608843
159	125531	515	0.24686151636353095839560012336733
162	127900	525	0.24612531520048000488465334001376
165	130268	535	0.24540523668251101874204778141575
168	132637	545	0.2447016314940762549134944947582
171	135005	554	0.24401495226889149958715563570877
174	137374	564	0.24334463758411511991042175395705
177	139742	574	0.24268917395394046243595198575349
180	142111	583	0.24204812800965669339348096400499
183	144479	593	0.24142316819089398860498363319493
186	146848	603	0.24081202031697515608676951615053
189	149216	613	0.24021407929357371791034836405743
192	151585	622	0.23963275298652769729201850168465
195	153953	632	0.23906262827745108912047555804747
198	156322	642	0.23850495396852985918734191272961
201	158690	651	0.2379596067720674279488690672224
204	161059	661	0.23742551649561322024695186883037
207	163427	671	0.23690376712192801056389157565718
210	165796	681	0.23639296350462191131924782894203
213	168164	690	0.23589558701813370666933167285606
216	170533	700	0.23540856198180834524258386863949
219	172901	710	0.23493163976059547315422548763308
222	175270	719	0.23446475913182385220068226772128
225	177639	729	0.23400858401355581484004630965501
228	180007	739	0.23356191912058943405128275117022
231	182376	749	0.23312668861056612401583265636873
234	184744	758	0.23269867890820364331183611739107
237	187113	768	0.23228099077437897035380842680752
240	189481	778	0.23187183672584363303137422462896
243	191850	787	0.23147172210144253967634142554743
246	194218	797	0.23107869288316285061313237747527
249	196587	807	0.23069406829277028236901969648898
252	198955	816	0.23031772188877341900337114566355
255	201324	826	0.22994963770958445903325184644928
258	203692	836	0.2295885652090770556732479690254
261	206061	845	0.22923479287345085997351645801245
264	208429	855	0.22888830830275938565954163550487
267	210798	865	0.22854882221596400926344472281926
270	213166	875	0.2282165211522023118284607789974
273	215535	884	0.22789034796982576835944200865924
276	217904	894	0.22757098361072639058910738185659
279	220272	904	0.22725806949487009633870115976606
282	222641	914	0.22695109589812459405244737808971
285	225009	923	0.22665059411923083043660653856932
288	227378	933	0.22635597461158049603646702507831
291	229746	943	0.22606767840470751163017837370717
294	232115	952	0.22578451017059200656156292552623
297	234484	962	0.2255067895006397649115825743138
300	236852	972	0.22523570960090183445956313335046
303	239221	982	0.22496858860319135509087118407479
306	241589	991	0.22470651393715648791449268628639
309	243958	1001	0.22445065076956297045462918049452
312	246326	1011	0.22419889903928544305777847966965
315	248695	1020	0.22395169543268114709100302661682
318	251063	1030	0.22370914946034964332355343685776
321	253432	1040	0.223471158073451331427250465822
324	255800	1049	0.22323757899635751633660163406603
327	258169	1059	0.22300843029750655466258990600181
330	260537	1069	0.22278354880383594016635129264614
333	262906	1078	0.22256281102703220908800574306952
336	265274	1088	0.22234624797898405734741800188203
339	267643	1098	0.22213458486819356862973506849812
342	270011	1108	0.22192647166686615967101658952743
345	272380	1118	0.22172150602190895951615345893515
348	274748	1127	0.22152011641154970011946545582759
351	277117	1137	0.22132229085773036381112888193456
354	279485	1147	0.22113009809293684981845728998451
357	281854	1156	0.22093950706618720181140247404983
360	284222	1166	0.22075210044241316831303834078426
363	286591	1176	0.22056817674392659167637020800612
366	288959	1185	0.22038749036319332796907133342756
369	291328	1195	0.22020982404601815995981439755269
372	293697	1205	0.22003535377205388212651371304673
375	296065	1215	0.21986393456255987066683132979961
378	298434	1224	0.21969544817826014426742631258094
381	300802	1234	0.21952986501530744045673770870053
384	303171	1244	0.21936704888269639712738978687412
387	305540	1254	0.2192080683534247398380756521874
390	307908	1263	0.21905084745050715233638527479343
393	310277	1273	0.21889635662496673140786640487931
396	312645	1283	0.21874440760276106510140436967049
399	315014	1292	0.21859503345138309171602486458141
402	317382	1302	0.21844821510417328225273081443447
405	319751	1312	0.21830384468943947462449273189122
408	322119	1321	0.21816179917766229112707776494062
411	324488	1331	0.21802311436350962914332285436103
414	326856	1341	0.21788573161633936758896368246496
417	329225	1351	0.21775074047857534420558067722595
420	331593	1360	0.21761789099296602323363458708627
423	333962	1370	0.21748719898587551280222385230445
426	336330	1379	0.21735863016465606367688678801642
429	338699	1389	0.21723212111321110739936557365581
432	341067	1399	0.21710760776083845580153308674198
435	343436	1409	0.21698517525298224861707296895474
438	345804	1419	0.2168647164533752669246524646951
441	348173	1428	0.21674609175333209298841552481463
444	350542	1438	0.21662934270987732610080911399564
447	352910	1448	0.2165145288257006028764806160325
450	355279	1457	0.21640149126480950902973177107924
453	357647	1467	0.21629024596332463437065030120721
456	360016	1477	0.21618073915089860981275649010058
459	362384	1487	0.21607289841275539865605992417841
462	364753	1496	0.21596670058471928443921683538065
465	367121	1506	0.21586223735357423780811814140179
468	369490	1516	0.21575931531352113279531579337345
471	371858	1525	0.21565797556835550330411876984726
474	374228	1535	0.21555816667981117507046917580737
477	376596	1545	0.21545988874803995161144598569081
480	378965	1554	0.21536318005784377271893959004956
483	381333	1564	0.21526790343187135468028259310813
486	383702	1574	0.21517404330027420367166257619829
489	386070	1583	0.2150815923248191041672328083223
492	388439	1593	0.21499052525433123839171400959458
495	390807	1603	0.21490185095991731767384180784575
498	393176	1612	0.2148135260274691427095916651524
501	395544	1622	0.2147265149881372181539518351201
504	397914	1631	0.21464078436155964446641064569121
507	400282	1641	0.21455624230561040621800827921106
510	402651	1651	0.21447295941063082569399966814672
513	405019	1660	0.21439090810677957632535139964602
516	407388	1670	0.21431002700177628761402104373701
519	409756	1679	0.21423034905121757232038248730532
522	412125	1689	0.21415182711713665053565591733786
525	414493	1699	0.21407448995833749938455525807512
528	416862	1708	0.21399814534688749168012122936489
531	419230	1718	0.21392297724793876700921657629806
534	421599	1728	0.21384886673833247705545090866508
537	423967	1737	0.21377678086008522484462446300313
540	426336	1747	0.21370471793822054529243814613437
543	428704	1757	0.21363370392567337940903371418244
546	431073	1766	0.21356369746045125723732382994058
549	433441	1776	0.21349466113760862118198247117107
552	435810	1786	0.21342654659065571354226165112777
555	438178	1795	0.21335946094907046188815513687587
558	440547	1805	0.21329326959043903855217649834231
561	442915	1814	0.21322899547018414612153947018669
564	445284	1824	0.21316465385985919334110860745568
567	447652	1834	0.2131011466316282132460457887646
570	450021	1843	0.21303856015595989958910649875179
573	452389	1853	0.2129767979491932194946457457263
576	454758	1863	0.2129168968192942656969535164535
579	457127	1872	0.21285678829231322040094198655424
582	459495	1882	0.21279751325222773239431717229309
585	461864	1892	0.21273905965099440540377884190093
588	464232	1901	0.21268136165547588123381217428687
591	466601	1911	0.21262444338864230908292540789262
594	468969	1921	0.21256828357778706495295750755758
597	471338	1930	0.21251288236089688199470515428402
600	473706	1940	0.21245823026443849679267827923468
603	476075	1949	0.21240428170244088357243583686795
606	478443	1959	0.21235103657786336128765469766222
609	480812	1969	0.21229851921393907976387538383278
612	483180	1978	0.21224667939971661456688423186279
615	485549	1988	0.21219556778318918177639318400907
618	487917	1998	0.21214507679911362436619981508557
621	490286	2007	0.21209526983644411135543350610533
624	492654	2017	0.21204609704002969072789142046531
627	495023	2027	0.2119975460955189905387641147172
630	497391	2036	0.21194963126651905627184646618844
633	499760	2046	0.21190235043149061033851410229545
636	502128	2055	0.21185566801999403119260989569739
639	504497	2065	0.21180957808018763266488804219989
642	506865	2075	0.21176509525566106217908668440941
645	509234	2084	0.21172017585436067599324871935096
648	511602	2094	0.21167582302401910521183481250773
651	513971	2104	0.21163204084024864193303017145809
654	516340	2113	0.21158880887838826811986336906557
657	518708	2123	0.21154611849038112980636583415617
660	521077	2133	0.21150396831877346648376203575026
663	523445	2142	0.21146236956574443466294610516343
666	525814	2152	0.21142128483438105135405749024358
669	528183	2162	0.21138069241634677153385268866259
672	530551	2171	0.21134058753257831120286880377535
675	532920	2181	0.21130098972577271432271572848549
678	535288	2191	0.21126189743871001680552978996275
681	537657	2200	0.21122328799229425633221524094552
684	540025	2210	0.2111851393706981327991201169425
687	542394	2220	0.21114746190384109381099619895394
690	544762	2230	0.21111023498438452605796555872075
693	547131	2239	0.21107346470245688663247562999459
696	549499	2249	0.21103715165540287701517740970303
699	551868	2259	0.21100127045932381975035241339356
702	554236	2268	0.21096584449913990955138842764427
705	556605	2278	0.21093085865566874037568823041511
708	558973	2287	0.2108962678570596438465400979112
711	561342	2297	0.21086208662688341042290574023355
714	563710	2307	0.21082834235826058977281149964256
717	566079	2317	0.21079498054216316837994327215711
720	568447	2326	0.21076202793382659006482526820037
723	570816	2336	0.21072946703299413884202806457324
726	573185	2345	0.21069730273615919213803238108085
729	575553	2355	0.21066550175793344323871281176253
732	577922	2365	0.2106341040553789678568818999338
735	580290	2374	0.21060306361622702087110781121737
738	582659	2384	0.21057238631748256829645526977401
741	585027	2393	0.21054204630648873375342589042702
744	587396	2403	0.21051208390385656166188255156158
747	589764	2413	0.21048246349636701157947982210317
750	592133	2422	0.21045418857011669033774126091885
753	594501	2432	0.21042526318080687075529056073719
756	596870	2442	0.21039666849572766227360887114628
759	599238	2451	0.21036841122700711270709916789201
762	601607	2461	0.2103404710828679358147752509467
765	603975	2470	0.2103128460470937155513126981532
768	606344	2480	0.21028555457743824952387967641698
771	608712	2490	0.21025858381097423110972499671334
774	611081	2499	0.21023190856031043205476294133405
777	613449	2509	0.21020554958768644659983237943379
780	615818	2519	0.21017947571477516022220299873879
783	618186	2528	0.2101537056246014500970886729192
786	620555	2538	0.21012823042813016938268333433371
789	622924	2547	0.21010304128710416415870554374123
792	625292	2557	0.21007813182467729995472893733677
795	627661	2567	0.21005350952942411502100128473103
798	630030	2576	0.21002916512705060991805794401444
801	632398	2586	0.21000509742450670924718281185051
804	634767	2596	0.20998129126783740550088452891941
807	637135	2605	0.20995775223173721024672033763636
810	639504	2615	0.20993447232748985165073918324197
813	641872	2625	0.20991145500817420810335534042679
816	644241	2634	0.20988869640061225130267530403216
819	646609	2644	0.20986618722660044245031940590707
822	648978	2653	0.20984392255151712580740763769427
825	651346	2663	0.20982191857699880599419373083947
828	653715	2673	0.20980015177770883205710106267361
831	656083	2682	0.20977862112386680415454520698404
834	658452	2692	0.20975732664492915957588081710128
837	660820	2701	0.20973626050669233467083074629045
840	663189	2711	0.20971543880016443872627007749543
843	665557	2721	0.20969482773810524389723752847203
846	667926	2730	0.20967444294415613081916660576098
849	670294	2740	0.20965429088484802133685036551469
852	672663	2749	0.20963435990607498515814199890883
855	675031	2759	0.20961463476831443397685461604851
858	677400	2769	0.2095951342548124651798957529536
861	679768	2778	0.20957582996491455618048860287672
864	682137	2788	0.20955673721674145104643116610532
867	684506	2798	0.20953885143118233802539407406584
870	686875	2807	0.20952016652106164595892323632143
873	689243	2817	0.20950168064301363801682498433365
876	691612	2827	0.20948340150817626459378573144932
879	693980	2836	0.20946531022397985033478562399978
882	696349	2846	0.20944741636751876279198825159256
885	698717	2856	0.20943071059017409618618899003195
888	701086	2865	0.20941319905699742887073000474629
891	703454	2875	0.20939586812047289443583508727897
894	705823	2885	0.20937871144998840278184104590764
897	708191	2894	0.20936174480655495022674017491227
900	710560	2904	0.20934595026967930952999097371503
