0	0	0	0.69314718055914625871594125783304
3	1102	0	0.49698195217890733799137592541229
6	2204	0	0.41777894026935058491289964877069
9	3307	0	0.37735234059966937802954589642468
12	4409	0	0.35266690232681985328611062868731
15	5512	0	0.3386321612116693358096597421536
18	6614	1	0.32763087558033737733964585459034
21	7716	1	0.32086227867500122235000503678748
24	8819	1	0.31494561937257292694170018876321
27	9921	1	0.31064258646618403414407794116414
30	11024	1	0.30688062513067743131145448387542
33	12126	2	0.30360385441052928356953088950831
36	13229	2	0.30092744458820525066400364266883
39	14331	2	0.29819873670119750874718533850682
42	15433	2	0.29610693636656709726295844120614
45	16536	2	0.2936525283399236685433209004259
48	17638	2	0.29191985773109391244517496488697
51	18741	3	0.28961243128890445941436837529182
54	19843	3	0.28810145058742125945272505305184
57	20945	3	0.28592776404676389923054102837341
60	22048	3	0.28458200500720470804694173239113
63	23150	3	0.28251052315595653885438309771416
66	24253	4	0.28127246882998080401705465192208
69	25355	4	0.27929271847377118431765552486468
72	26458	4	0.2781552914073287530172251535987
75	27560	4	0.27626266350923961434560283123574
78	28662	4	0.27518821918581215513199822453316
81	29765	4	0.27340839178028497613581748737488
84	30867	5	0.27240136969641637332273376159719
87	31970	5	0.27070853487068091691725157943438
90	33072	5	0.26975019661751203914334951150522
93	34175	5	0.26811759890384234683580189084751
96	35277	5	0.2672053310279102200652801002434
99	36379	6	0.26564863536684757416850288791466
102	37482	6	0.2647746325517157939266610355844
105	38584	6	0.26330196347190742978128241702507
108	39687	6	0.26246678370387682699416131981707
111	40789	6	0.26108016451255938727982197633537
114	41891	6	0.26027835595386000777651247517497
117	42994	7	0.25895849682860205831502753426321
120	44096	7	0.25818690783290421109086310025305
123	45199	7	0.25693400381536507515178868743533
126	46301	7	0.25619772349652042420231623509608
129	47404	7	0.25500580368620717752747850681772
132	48506	8	0.25429959454868639179281331053062
135	49608	8	0.25316236070923420209410892312007
138	50711	8	0.25248917231549677930857455976366
141	51813	8	0.25141760206832874935400923277484
144	52916	8	0.25076930414324777318668679981783
147	54018	8	0.24974200531654766610500928436522
150	55121	9	0.24912009169695445431891300813732
153	56223	9	0.24814613301163326863907343522442
156	57325	9	0.24754806803871604037325937497371
159	58428	9	0.24662595516161525677212296159269
162	59530	9	0.24605073347253425541936167064705
165	60633	10	0.24517431087683883017547259441926
168	61735	10	0.24461971626433162696478973430203
171	62837	10	0.24378686336389840394467398709821
174	63940	10	0.24325974932118835103445064760308
177	65042	10	0.24246558546167590320052909191872
180	66145	10	0.24195600508050305044172034740768
183	67247	11	0.24120229205288226670411688701279
186	68350	11	0.24071299072079133107848747386015
189	69452	11	0.23999768877305416303613583295373
192	70554	11	0.23952659641468540541175968883181
195	71657	11	0.23884921648772033941909853638208
198	72759	12	0.23839617303782126289668497065577
201	73862	12	0.23775655572532411463626544900762
204	74964	12	0.23732043668048122264657706637081
207	76066	12	0.23670639629497652878242774932005
210	77169	12	0.23628731952355705447921252471133
213	78271	12	0.23570236040104064478839518415043
216	79374	13	0.23530128182916446033523527603393
219	80476	13	0.23474534846342223759485534628766
222	81579	13	0.2343601054884967282987418002449
225	82681	13	0.23382465783792749647318487404846
228	83783	13	0.23345457300546568202292974092416
231	84886	14	0.23294457877694371705779019521287
234	85988	14	0.23258941366310564857755593948241
237	87091	14	0.23210274091054378109433287136198
240	88193	14	0.23176084094015350633988248318929
243	89296	14	0.2312980885956360810329357491355
246	90398	14	0.23096909292539707925229208740348
249	91500	15	0.23052731883085675335109954176005
252	92603	15	0.230208717360075837410349208767
255	93705	15	0.22978625715602957191308064466284
258	94808	15	0.229479058849154010646387291672
261	95910	15	0.22907485530415475083465537409211
264	97012	16	0.22878031305250773330683955464337
267	98115	16	0.22839546408562352852733567942778
270	99217	16	0.22810852236198767006847276661574
273	100320	16	0.22774197938995804912920561946521
276	101422	16	0.22746609034582446207117811809439
279	102525	16	0.22711459235987405125278826290014
282	103627	17	0.22684719907420866635838763158972
285	104729	17	0.22651013666884825537017889018898
288	105832	17	0.22625346298989773563548055790307
291	106934	17	0.22593328362094161620987620153755
294	108037	17	0.22568325494941787745517558505526
297	109139	18	0.22537771561002242770577197461535
300	110242	18	0.22513590067263100635841510666069
303	111344	18	0.22484122043545379243667525770434
306	112446	18	0.22460835260330147544749479493476
309	113549	18	0.22432658483146378225470130018948
312	114651	18	0.22410186734092663041195692130714
315	115754	19	0.22383052535103253877224460666184
318	116856	19	0.22361245949731398119375569422118
321	117958	19	0.22335251398373850983958277538477
324	119061	19	0.22314371335576424493218894440361
327	120163	19	0.22289677880107608420878761990025
330	121266	20	0.22269429220873768193733610587515
333	122368	20	0.2224556933484914955645450618249
336	123471	20	0.22225832455227195749714041994594
339	124573	20	0.22202832306975345266764065854659
342	125675	20	0.22183859173394446240301647321758
345	126778	20	0.22162024372811717221054550464032
348	127880	21	0.22143513796408731408860148803797
351	128983	21	0.22122666628174159075825855325093
354	130085	21	0.22104623016500940524409202225797
357	131187	21	0.22084749265516986915791619594529
360	132290	21	0.22066953827092908313467489733739
363	133392	22	0.22048062407689461572601885563927
366	134495	22	0.22030693247543398083365673301159
369	135597	22	0.22012487071390529624892451465712
372	136700	22	0.21995559579533122129824107560125
375	137802	22	0.21977843040547048736321755768586
378	138904	22	0.21961623079447550876963646260265
381	140007	23	0.21944735953888411250645162908768
384	141109	23	0.21928899795788914239835776243126
387	142212	23	0.21912795957748421038502328883624
390	143314	23	0.21897422420520817887279463320738
393	144417	23	0.21881845712303238382645531601156
396	145519	24	0.21867160497442239552867704333039
399	146621	24	0.218521809572162828416708180157
402	147724	24	0.21837765098442837863323973124352
405	148826	24	0.21823213701954899401691534421843
408	149929	24	0.21809192967850110633776239410508
411	151031	24	0.2179526995066781713816794763261
414	152133	25	0.21781671219096421232563898229273
417	153236	25	0.21768251597797519392152310047095
420	154338	25	0.2175506120101209639461359302004
423	155441	25	0.21742157282964094666688481538586
426	156543	25	0.21729536605114263547733344239532
429	157646	25	0.2171671599234746563578113409676
432	158748	26	0.21704451222821885547631381996325
435	159850	26	0.21692626977894341466779337679327
438	160953	26	0.21680299420370999219365160115558
441	162055	26	0.21668914054057986096069043924217
444	163158	26	0.21656805621953623131048516370356
447	164260	27	0.21646155408114825524634738940222
450	165363	27	0.21634163105337714250175906727236
453	166465	27	0.21623790305124332422614941151551
456	167567	27	0.21612213948395830875881529209437
459	168670	27	0.21602132180586322562909629141359
462	169772	27	0.21590995284638095363938248283375
465	170875	28	0.2158143887186756426643796658027
468	171977	28	0.21570506254226859410572103570303
471	173079	28	0.21561051510011555731871624175255
474	174182	28	0.21550547828696933749803577029525
477	175284	28	0.21541306703993001736563428494264
480	176387	29	0.21531198713358259966277330477169
483	177489	29	0.21522025868249400337717247566616
486	178592	29	0.215123017009431177770650833736
489	179694	29	0.21503745559959938637994980581425
492	180796	29	0.21494064288067918355729091217654
495	181899	29	0.21486021519290751657926819007116
498	183001	30	0.21476575063499928064381094827695
501	184104	30	0.21468806466517126319004660217615
504	185206	30	0.21459423518162112909379857228487
507	186308	30	0.21451929251850199165119192912243
510	187411	30	0.21442811459748770119837502079463
513	188513	31	0.21435497668239733570771932136267
516	189616	31	0.21426562933222917384235017834726
519	190718	31	0.2141955204238680798844995933905
522	191821	31	0.21410920341492706286956604344596
525	192923	31	0.21404059529735675049266774294665
528	194025	31	0.21395666563203821763927692245488
531	195128	32	0.21389145803757003694300919960369
534	196230	32	0.21381047699355135160992347209685
537	197333	32	0.2137463836640785819209753526593
540	198435	32	0.21366547998569310196081971753301
543	199538	32	0.21360482476832523546228514987888
546	200640	33	0.21352606949051677887041478243191
549	201742	33	0.21346720893786969019956245574576
552	202845	33	0.21338912863089193328036685670668
555	203947	33	0.213332908565423279290129698893
558	205050	33	0.21325756318497815500201397753699
561	206152	33	0.21320242511473672109012511555193
564	207254	34	0.21312875648197368572134280384489
567	208357	34	0.21307490558044139827842400336522
570	209459	34	0.21300425057357019742454440347501
573	210562	34	0.21295159832136684174841434469272
576	211664	34	0.21288165834208214177714069137437
579	212767	35	0.21283079197305052043809325823531
582	213869	35	0.21276251209193364211103016714333
585	214971	35	0.21271356732233098751905231438286
588	216074	35	0.21264717630284904470450157987216
591	217176	35	0.21259946668428997273991853944608
594	218279	35	0.21253592819684044568084857473877
597	219381	36	0.21248944187487980861384073705267
600	220484	36	0.21242702574089794564926592101983
603	221586	36	0.21238186449575396919087211244914
606	222688	36	0.21231980928279056697327575875534
609	223791	36	0.21227664223092029827100191141653
612	224893	37	0.21221600304540422232690843884484
615	225996	37	0.21217452780083578822711842803983
618	227098	37	0.2121161310279612022267059501246
621	228200	37	0.21207782017997317547397528869624
624	229303	37	0.21201684269383452852153482126596
627	230405	37	0.21198150349668426484228689332667
630	231508	38	0.21192104471009412525184245623677
633	232610	38	0.21188676910098119821057593981095
636	233713	38	0.21182773471673604914755628669809
639	234815	38	0.21179409938944213087630430436548
642	235917	38	0.21173849362481475533392938359611
645	237020	38	0.21170465828490453441546037538501
648	238122	39	0.2116497391307174957830739003839
651	239225	39	0.21161940867658224352254592304234
654	240327	39	0.2115646730280699994164450572498
657	241429	39	0.21153475492316758943545096371963
660	242532	39	0.21148159051473658376352204868454
663	243634	40	0.21145065790280112572041559815261
666	244737	40	0.21139906075250228245643313584878
669	245839	40	0.21137074073004333274461430391966
672	246942	40	0.21131797293948656468742797187588
675	248044	40	0.2112932128093376327182539853311
678	249146	40	0.21123953965718680891860969950358
681	250249	41	0.21121389568510609557883128672984
684	251351	41	0.21116384147840575047361255656142
687	252454	41	0.21113919942099254600798019509966
690	253556	41	0.21108819504069087358288925315719
693	254659	41	0.21106590823353429953179727363022
696	255761	42	0.21101599261781392447012706270471
699	256863	42	0.21099376666583549710942691035598
702	257966	42	0.21094491801264023123074764498597
705	259068	42	0.21092360271179122488405255353427
708	260171	42	0.21087547242754856036128785490291
711	261273	42	0.21085560388623184047141023711447
714	262375	43	0.21080799649202458523333802986599
717	263478	43	0.21078811201295308275227569083654
720	264580	43	0.21074176230716784585794698614336
723	265683	43	0.21072185230877676920258068093972
726	266785	43	0.2106767633552411034258966537891
729	267888	43	0.21065858142354615401004025443399
732	268990	44	0.21061372495374669489009988865291
735	270092	44	0.21059653282032869681117404070392
738	271195	44	0.2105527493535322702822298879255
741	272297	44	0.2105365484879320736588681484136
744	273400	44	0.21049418291067456543430580495624
747	274502	45	0.21047843989190628821717155005899
750	275605	45	0.21043468327390404959409409002546
753	276707	45	0.21041854087034922438093076380028
756	277809	45	0.21037833449088280679539764150832
759	278912	45	0.21036258629864990066238306098967
762	280014	45	0.21032268675716211947523959224782
765	281117	46	0.21030685684733960161274524125474
768	282219	46	0.21026737989674540441065175855329
771	283321	46	0.21025246603353658914059565177013
774	284424	46	0.21021514690296036476091501299379
777	285526	46	0.21020083572963144113998623652151
780	286629	47	0.21016307445165841039091958464269
783	287731	47	0.21014859283700049186194291905849
786	288834	47	0.21011221137508642731184238527931
789	289936	47	0.21009878706365295308877705338091
792	291038	47	0.2100626978101235442508709638787
795	292141	47	0.21004940319251882985263080172444
798	293243	48	0.2100136705731076303127480287003
801	294346	48	0.21000135899662281113720041503257
804	295448	48	0.20996582892421791766146554891748
807	296550	48	0.20995527855062415256703900467983
810	297653	48	0.20991950996317915167921341890178
813	298755	49	0.20990950898206381380894924859604
816	299858	49	0.20987466670799567736160895492503
819	300960	49	0.20986574198940877167274265957531
822	302063	49	0.20982999469650745472115715983819
825	303165	49	0.20982102230257568264981671291025
828	304267	49	0.2097855970821115301205850300903
831	305370	50	0.20977728475562570920054383805109
834	306472	50	0.20974401275788162601898534376232
837	307575	50	0.20973364761446511295162054011598
840	308677	50	0.20970335164257125626363631454296
843	309780	50	0.20969222199072082291060326042498
846	310882	51	0.20966287726426044435434903334681
849	311984	51	0.20964872195853098690854210417456
852	313087	51	0.20962333392793325304026552657888
855	314189	51	0.20960869318683406081760267625214
858	315292	51	0.20958440563323507688231472911866
861	316394	51	0.20957108022167811323122066369251
864	317496	52	0.2095471941072528376803774108339
867	318599	52	0.20953374057989090917253349743987
870	319701	52	0.20950916675100419994670630785549
873	320804	52	0.20949949630931069544104161650466
876	321906	52	0.20947258958799541694872914376901
879	323009	52	0.20946236260181486099618552998436
882	324111	53	0.20943708069689054296347308081749
885	325213	53	0.20942665172998686795580169928144
888	326316	53	0.2094032681062083511847049521748
891	327418	53	0.20939353407083449720715861985809
894	328521	53	0.20936977740943882309032630928414
897	329623	54	0.20936012949712348718556143012393
900	330726	54	0.2093354461705921876202296516567
