0	0	0	0.69314718055914625871594125783304
3	2480	85	0.4932479992771281462893284697202
6	4960	169	0.41584814091420041481939051664085
9	7411	255	0.37667635583363795470646095964184
12	9891	338	0.35269475752715356842159621919564
15	12343	424	0.33855943236285024333653836947633
18	14823	508	0.32794266153831724830425287109392
21	17274	591	0.32099746248311494811744637445372
24	19726	677	0.31520111937049238859387401134882
27	22206	761	0.31081854488312599116284218325745
30	24658	846	0.3071280334083572594039424075163
33	27138	932	0.30380390091800296703539174814068
36	29618	1016	0.30116425263725860039798476464057
39	32069	1100	0.29840062438860803784024255946861
42	34521	1184	0.29632525012721339097154782393773
45	36972	1268	0.2938265212785102775683299114462
48	39424	1354	0.29210210407295311707542850854225
51	41904	1439	0.28977263400961134065525470759894
54	44384	1523	0.28827436864467992361227288711234
57	46835	1607	0.28607516467367088974782518562279
60	49287	1691	0.28473260309861803118991474548238
63	51738	1775	0.28264674059558803076441790835815
66	54190	1861	0.28141291153876663022614934561716
69	56670	1945	0.27942929381105741093449523759773
72	59121	2029	0.27828245324276473793290165303915
75	61573	2113	0.27639582660368494648750470332743
78	64024	2199	0.27532282342665304053497266068007
81	66504	2283	0.27351948661026381781624650102458
84	68956	2367	0.27250686238720778220567808602937
87	71407	2451	0.27078790651293482838468662521336
90	73859	2535	0.26982835764399248912326356730773
93	76310	2620	0.26819378579059122147398852575861
96	78762	2705	0.26727842226537140701836392508994
99	81213	2789	0.26572388988468942372378478466999
102	83665	2873	0.26485056551680319358865745016374
105	86116	2957	0.26337590691063511583180911657109
108	88568	3041	0.26253899264376912014995468780398
111	91019	3126	0.26113890486718455141712524891773
114	93471	3210	0.26033916100365495083224232075736
117	95922	3294	0.25900591700158309693691194297571
120	98373	3380	0.25824045037748505349028960154101
123	100854	3464	0.25697340353796932488350535095378
126	103305	3549	0.25623899881731937444584445984219
129	105757	3633	0.25503615237526894299335822324792
132	108208	3717	0.25433121596213209558712264879432
135	110659	3802	0.253194424857985878052346606637
138	113111	3887	0.25251861618103993434303333742719
141	115562	3971	0.25143834619586019618608929704351
144	118014	4059	0.25078987640359534649903139325033
147	120523	4143	0.24976290801593847845651907846332
150	122974	4227	0.24914058566283883711101054814208
153	125426	4314	0.24816659660968595768615330143803
156	127906	4398	0.24756934729501628433823157138249
159	130357	4486	0.24664666945235050321549863383552
162	132866	4572	0.24607340106255964906623034949007
165	135346	4657	0.24519713559252015455669493348978
168	137798	4744	0.24464711923278259497749331785599
171	140278	4828	0.24381217871056692914066843513865
174	142729	4914	0.24328490835364899314008368946816
177	145181	4998	0.24249137103730758480146789679566
180	147632	5082	0.24198569973417449752162156073609
183	150084	5167	0.24123168138720876840785933836742
186	152535	5251	0.24074336460853068553333855561505
189	154987	5338	0.24002730733595714629480255553062
192	157467	5424	0.23955956994022314932024642075703
195	159947	5508	0.23887935860144843269736725233088
198	162398	5595	0.23842892167426649185912879147509
201	164878	5680	0.23778241506730243837175464705069
204	167330	5764	0.23734965637904137381042346532922
207	169781	5849	0.23673201563598519903131034425314
210	172233	5933	0.23631541403538625090163804998156
213	174684	6021	0.23573048284272613006606889030081
216	177164	6105	0.2353292951251927944689157357061
219	179616	6189	0.23477066886852901439475260758627
222	182067	6274	0.23438533525863675111011730223254
225	184519	6358	0.2338521959439741615405239372194
228	186970	6444	0.23348066064044631362506265759293
231	189450	6530	0.23297228302591471704729997327377
234	191902	6616	0.23261523525193636419139409099444
237	194382	6700	0.23213220570290774014132750835415
240	196834	6788	0.2317881921301660208545314389994
243	199342	6875	0.23132704848616159054586205456872
246	201822	6961	0.23099607793119583676322292831173
249	204303	7047	0.23055409166420109956519013394427
252	206783	7135	0.23023476779571053207895658943016
255	209292	7222	0.22981301095635797704375136163435
258	211772	7307	0.22950525032922708401628142382833
261	214223	7391	0.22910268303369329956353794841561
264	216675	7477	0.22880538232698410805454614092014
267	219155	7564	0.228420753991020131223876887816
270	221635	7651	0.22813404761101924167476795446419
273	224115	7735	0.22776640810693241090412186622416
276	226567	7820	0.22748997232316811589747374000581
279	229018	7904	0.22713801854296347682016232738533
282	231470	7989	0.2268711785161487137774116717992
285	233921	8073	0.22653498639208302645187131929561
288	236372	8158	0.22627677913517238450502588875679
291	238824	8242	0.22595482580932604865786572645447
294	241275	8327	0.22570636718559256017613279254874
297	243727	8411	0.22539969863854700249383711252449
300	246178	8499	0.2251586261284790890790930006915
303	248687	8584	0.22486425646814137135898192809691
306	251139	8668	0.22463206812294694847409459725895
309	253590	8753	0.22435040932859401374699359621445
312	256041	8839	0.2241248468435427798617354255839
315	258522	8924	0.22385532444989558742420854287047
318	260973	9010	0.22363704185144570035781441674771
321	263453	9095	0.22337827484464714555834063958173
324	265905	9179	0.22316694990752830585201138546836
327	268356	9264	0.222919189459577254952549196787
330	270808	9349	0.22271415374903427708552783315099
333	273259	9433	0.22247637723592347813728054006788
336	275711	9519	0.22227807705587004916125692943751
339	278191	9604	0.22205067334472977647052971406083
342	280642	9689	0.22186011091381860338422882250597
345	283094	9773	0.22164164429631111330465387254662
348	285545	9860	0.22145508121328888462286954563751
351	288025	9945	0.22124675046219322016582964351983
354	290477	10029	0.22106508188829454564228171875584
357	292928	10114	0.22086488375421564622769210473052
360	295380	10203	0.22068834743801579723054828718887
363	297917	10288	0.22049597081986790914065466040483
366	300369	10373	0.22032615761962170974896935149445
369	302820	10458	0.2201407188973792672381790680447
372	305272	10544	0.21997544033917607042560860008962
375	307752	10630	0.21979725742272676614064153000072
378	310232	10715	0.2196368017546548034868436616307
381	312683	10800	0.21946553028531956552882320465869
384	315135	10885	0.21930983394457451152170790464879
387	317586	10971	0.21914640260591444764770585607039
390	320066	11056	0.21899525493383009688841411843896
393	322518	11142	0.21883788202562498570458160429553
396	324998	11226	0.21869038664572448826817208100692
399	327449	11316	0.21853887635276025847019809589256
402	329987	11402	0.21839659095406577238307477273338
405	332467	11489	0.21825011641708585985455215450202
408	334947	11574	0.2181117062791343708116897914806
411	337399	11658	0.21797048495697196601739165089384
414	339850	11743	0.21783567996055763771323654509615
417	342302	11827	0.21769986382274705838391071210935
420	344753	11911	0.21756943720276042397721028009983
423	347205	11996	0.21743877039109590909582436779601
426	349656	12083	0.21731116392858598751480769806221
429	352136	12169	0.21718579906735302476050719633349
432	354616	12254	0.21706136539807915908362190293701
435	357068	12339	0.21694025221906051981157759200869
438	359519	12424	0.21681941094902612565675781297614
441	361971	12509	0.2167030392602727617568092455258
444	364422	12595	0.21658547528970253925884037471405
447	366902	12680	0.21647346855387819553051542698086
450	369354	12765	0.21635856954027471443779973014898
453	371805	12850	0.21625118356508490902179175918718
456	374257	12935	0.21613897531607328961200664707576
459	376708	13019	0.21603559549102949177701304961374
462	379160	13104	0.21592644636673777314150868278375
465	381611	13196	0.21582686605520393086088404288603
468	384062	13283	0.21572018668141959563122611598374
471	386543	13368	0.21562420899282311315126037243317
474	388994	13452	0.2155203141162399527175352886843
477	391446	13536	0.21542804678049379263349294433283
480	393897	13623	0.21532644098632983120644723840087
483	396377	13709	0.21523728104709413666562056732801
486	398857	13793	0.21513809983935447411873553846817
489	401309	13878	0.21505215896247437123989243445976
492	403760	13964	0.21495645389738676778179637949506
495	406240	14049	0.21487378042928384491716542470385
498	408692	14137	0.21477921506822203467912402174989
501	411201	14223	0.2146996628644957105791490903357
504	413681	14308	0.21460718582379045837882358682691
507	416132	14392	0.21453041452967733238033076759166
510	418584	14476	0.2144401285775608956285509520967
513	421035	14561	0.21436605727468446835892734725348
516	423487	14645	0.21427785537474949850711425369809
519	425938	14730	0.21420653524619551189012156555691
522	428390	14814	0.21412044785231296173400039606349
525	430841	14899	0.21405180763736911253580785796657
528	433292	14985	0.21396734534877698274968338409963
531	435773	15070	0.21390073790277780441115851317591
534	438224	15154	0.21381950791718101756444525562983
537	440676	15238	0.21375572310668913833531235013652
540	443127	15323	0.21367500423483865024110173180816
543	445578	15407	0.21361407257546841109707713712851
546	448030	15493	0.21353478277166487719895826558059
549	450510	15577	0.21347605414341591645310813873948
552	452962	15663	0.2133982874976171062453289550831
555	455442	15747	0.21334213864541748395531328696961
558	457893	15835	0.21326692461519444754536323216598
561	460373	15919	0.21321235857053130735572210596729
564	462825	16005	0.21313802945084289741650707128429
567	465305	16090	0.21308501134829582746021969796857
570	467785	16175	0.21301368499200545869598499848507
573	470237	16259	0.21296221341692972428560892694804
576	472688	16344	0.21289150447477192540368662321271
579	475139	16428	0.2128419212298099105762361205052
582	477591	16513	0.21277287128905250646049296392448
585	480042	16598	0.21272414957112900646407638305391
588	482494	16686	0.21265721242434904025842001829005
591	485003	16770	0.21261074287715459041336885093187
594	487454	16854	0.21254470944411515964667103162355
597	489906	16938	0.21250000963440626722267268178257
600	492357	17023	0.21243490348598623174147803638334
603	494808	17107	0.21239247661784135812190754677431
606	497260	17191	0.21232827854370203701783736960351
609	499711	17275	0.21228747376407691715982650748629
612	502163	17360	0.21222443063272919405726213426533
615	504614	17446	0.21218547386064653959003578620468
618	507094	17532	0.21212335973981430448098706165183
621	509575	17616	0.21208538258097503481636181277281
624	512026	17700	0.2120246345589732461789367334859
627	514478	17787	0.21198876204058289540732573641435
630	516958	17871	0.2119286128950258196734779403414
633	519409	17956	0.21189397226887884961854524590308
636	521861	18040	0.21183522674698954113559068446193
639	524312	18124	0.21180193723908849467996162729833
642	526764	18208	0.21174526291416120860056082619849
645	529215	18293	0.21171257215256070183251324579032
648	531666	18377	0.21165647365557566095262131966592
651	534118	18462	0.21162486288650081411866210601147
654	536569	18548	0.21156994821291602582036261992471
657	539021	18633	0.21153895691721522065442684379377
660	541472	18718	0.21148548100385289316704984230455
663	543924	18802	0.21145569664896005090959363315051
666	546375	18887	0.21140319941640478562661087380548
669	548855	18973	0.21137477549872962789834218710894
672	551336	19058	0.21132294315247138194457932058867
675	553787	19143	0.2112956175437510908388105690392
678	556238	19228	0.21124464156387265378889139810781
681	558719	19312	0.21121854989254373879958848192473
684	561170	19399	0.21116824993309671332220034400962
687	563650	19483	0.21114263268537566964333507257834
690	566102	19568	0.21109365524725920426618586134282
693	568553	19653	0.21106902619982786939445418283867
696	571005	19738	0.21102090920805074980570736897789
699	573456	19822	0.21099769696462250534452209649317
702	575907	19910	0.21094986447247493499546067141637
705	578416	19996	0.21092780129195057292612602850568
708	580896	20081	0.21088054276933274056027300957794
711	583348	20165	0.21085895910953933451992270420305
714	585799	20252	0.21081302551188052518682525260374
717	588280	20337	0.21079195702128822320631229558785
720	590731	20421	0.21074701153707853240604208622244
723	593182	20506	0.21072703574216589128553778209607
726	595634	20591	0.21068257312831595307045517984079
729	598114	20676	0.21066303740753555828746357292403
732	600566	20762	0.21061980434540877871185671210696
735	603017	20847	0.21060041671278331709693532047822
738	605468	20932	0.21055861662338612450007246934547
741	607920	21021	0.21054000969141364874026578490884
744	610371	21105	0.2104995483739851014348687385791
747	612823	21190	0.21048122927930967840381981659448
750	615274	21275	0.21044083651316067284930966252432
753	617726	21363	0.21042338807089516761195113758731
756	620235	21447	0.21038380324357250361622106993309
759	622686	21533	0.21036686532022702555977389238251
762	625166	21618	0.21032759972941453274764000980213
765	627618	21702	0.21031189766588870293517743448319
768	630069	21788	0.21027292328696381429331552226358
771	632549	21873	0.2102574908647885099099994477001
774	635001	21957	0.21021953185773917249790088135342
777	637452	22043	0.21020466061897846721251426060917
780	639932	22128	0.21016725001922847981816744322714
783	642384	22212	0.21015338538994593475806027527142
786	644835	22296	0.21011603837789227799959235198912
789	647287	22381	0.21010247827915182194935539428116
792	649738	22465	0.21006646840190285052685226219182
795	652190	22550	0.21005310778121835668663663909683
798	654641	22634	0.21001771012528958060272543661995
801	657093	22720	0.21000473136434294474383932538331
804	659573	22805	0.20997005561737025480795182375005
807	662024	22891	0.20995747914578302695254308218864
810	664504	22975	0.20992360313174937558322596942162
813	666956	23059	0.20991105182484098845563380564272
816	669407	23144	0.20987792902979041098632251305389
819	671859	23228	0.20986627234238539041477622504317
822	674310	23312	0.2098333510985464500642194707325
825	676762	23398	0.20982234598608409670283947434655
828	679242	23483	0.20978962368199044474792458458978
831	681693	23567	0.20977954375940727205218649942253
834	684145	23653	0.2097464986527386998638178283727
837	686625	23737	0.20973847686673927070977185849188
840	689076	23822	0.20970454063283125445416033016954
843	691528	23908	0.20969742097269297720352199121407
846	694008	23992	0.20966383978142155708468408192857
849	696459	24076	0.20965648420319329958694254401053
852	698911	24160	0.20962409411447754936652643209527
855	701362	24244	0.20961666466162479083301661830774
858	703814	24329	0.20958509979124673172634629736422
861	706265	24413	0.20957822176408966163840830176923
864	708717	24499	0.20954677478384928224208749725221
867	711197	24584	0.20954027606068736933053742177435
870	713648	24669	0.20951020440630896413125583421788
873	716100	24753	0.20950505433517632725148871486454
876	718551	24838	0.20947346956257284489311132347211
879	721003	24922	0.20946938212043800242589952631533
882	723454	25007	0.20943775799029931694583694934408
885	725906	25093	0.20943388615621180703918469134805
888	728386	25177	0.20940472574600066391070640747785
891	730837	25263	0.20939981685338837635868003417272
894	733317	25347	0.20937062260839500726916639905539
897	735769	25432	0.20936522271315710641559348914598
900	738220	25516	0.20933699586262538572256630686752
