0	0	0	0.69314718055914625871594125783304
3	3876	158	0.4929194525799593940007525816327
6	7680	319	0.41462396542578927594036031223368
9	11556	475	0.37577523517132410679764120686741
12	15360	631	0.35173007405560102744956907372398
15	19163	796	0.33814860891400605469314655238122
18	23113	952	0.32752751279916081372789449233096
21	26916	1109	0.32077595245673690138588085574156
24	30720	1270	0.31495330479551347790945214910607
27	34596	1428	0.31073092703949012349795566478861
30	38400	1585	0.30702300097487666974416242737789
33	42203	1742	0.30377144327448202254515763343079
36	46006	1903	0.30112958264161160393257432588143
39	49883	2064	0.29837396760125617367620520781202
42	53760	2221	0.2963086958062736142593962540559
45	57563	2378	0.29381714573915712618301654401876
48	61366	2535	0.29210035309669496461637550055457
51	65169	2704	0.28978157658547049058128664000833
54	69193	2866	0.28828289998131501059575043655059
57	73070	3027	0.28609441944331559515291019124561
60	76873	3192	0.28475298802216408855514373499318
63	80824	3357	0.28267279915476511975569451351475
66	84775	3519	0.28144064792233752791972278828325
69	88652	3680	0.27945781548508957792265050557035
72	92529	3837	0.27831075736076615889658114610938
75	96332	3994	0.27642629278423558325528119894443
78	100135	4151	0.27534834303829608392888417256472
81	103938	4308	0.27355159065491180259144243791525
84	107741	4466	0.27253053581834146834594889696746
87	111544	4640	0.27082188393118195035569328865677
90	115642	4797	0.26985269050783311506336303864373
93	119445	4954	0.2682250668557989436990851572773
96	123249	5112	0.26730338946971932134744065479026
99	127052	5274	0.26575339179335966122152967727743
102	130929	5431	0.26487408317229338416964878888393
105	134732	5589	0.26340083000933728341053097210533
108	138535	5755	0.26255914375124095316849093251221
111	142486	5917	0.26116044956517053821087870346673
114	146362	6074	0.26035429441813062734212280702195
117	150166	6231	0.25902744212452022409820528991986
120	153969	6393	0.25825589554400912861709116441489
123	157846	6551	0.25699452546919704376549020707898
126	161649	6713	0.25625648600981804081655468507961
129	165526	6871	0.25505628720254241992293486873677
132	169329	7028	0.25434876616913709712619606762019
135	173132	7190	0.25321162703475708077860417688498
138	177009	7357	0.25253351911603605373102254816331
141	180959	7514	0.25145144151158033141157943646249
144	184763	7676	0.2507991614888181453046911428828
147	188639	7842	0.24977445407982995506657175610599
150	192590	8008	0.24915056941019991798569321872492
153	196541	8170	0.2481762759251419925288217882553
156	200418	8332	0.2475777108890728495094180061642
159	204294	8490	0.24665344264094393733621757291985
162	208098	8653	0.24607844490739719245375738410075
165	211974	8810	0.24519928610768282339904544642195
168	215778	8968	0.24464761553049410580662481606851
171	219581	9134	0.24381373226676200660634208361444
174	223531	9301	0.24328349486413017310759698830225
177	227482	9459	0.24249139084577303604461917529989
180	231285	9617	0.24198514730157971719393117382424
183	235088	9774	0.24123059272106953110359484071523
186	238891	9941	0.24074237377241983204534392370988
189	242842	10103	0.24002499083647810262931443503476
192	246719	10265	0.23955700657011688714526087551349
195	250596	10427	0.23887535633980006011256591591518
198	254473	10590	0.23842513733641135242891095913365
201	258350	10752	0.23777723631030572848388260354113
204	262226	10910	0.23734402396741652307987635595055
207	266030	11068	0.23672556056191795814669376341044
210	269833	11226	0.23630960603847672718558214910445
213	273636	11384	0.23572403239970599053698663283285
216	277439	11542	0.235323958092809343289886214734
219	281242	11707	0.23476301675025565418586381838395
222	285119	11873	0.23437812475188690708449712474248
225	289070	12035	0.23384371009071555636005257383658
228	292947	12193	0.23347296909640752327064205928764
231	296750	12351	0.23296340892448777482037769459566
234	300553	12508	0.23260785583747470295357118175161
237	304356	12665	0.23212298795921562644117841500702
240	308159	12832	0.23177953707249307480076083720633
243	312110	12998	0.23131652173278424711178047346039
246	316060	13160	0.23098558303207913922072691548237
249	319937	13317	0.23054309246763038387939559470396
252	323740	13475	0.23022472932720688953978083191032
255	327544	13633	0.22980233845601216735587968287291
258	331347	13791	0.2294947269212941620697421285513
261	335150	13948	0.22909125868839394501996764574869
264	338953	14105	0.22879442605218400230704389741732
267	342756	14263	0.22841002115557637597298423770553
270	346559	14422	0.22812366564326416740193792520586
273	350362	14583	0.22775586646800949353064424940385
276	354239	14740	0.22747898597628929406866404860921
279	358042	14902	0.22712788623943758192780251192744
282	361919	15060	0.22686081616739947608429872616398
285	365722	15217	0.22652392110798591495779419346945
288	369526	15379	0.22626601898982548477512466433836
291	373402	15536	0.22594436054730279717084329149657
294	377206	15694	0.22569493089793371543017030944611
297	381009	15851	0.22538818832421908533447663103289
300	384812	16013	0.22514705833555864744610630623356
303	388689	16171	0.22485257228613475533052223909181
306	392492	16333	0.22462031221010586579112100480415
309	396369	16495	0.22433825222237901986233055140474
312	400246	16656	0.22411266172583366174109187340946
315	404123	16818	0.22384252649751579244963295423076
318	407999	16976	0.22362460097929048874476620767382
321	411803	17137	0.22336536630895606481139736843033
324	415679	17299	0.22315397926162483521750345971668
327	419556	17460	0.22290601552129313267514021390525
330	423433	17618	0.22270126816501017996685618527408
333	427236	17776	0.22246356485578819284221196994622
336	431040	17938	0.22226530121736684519895277389878
339	434916	18108	0.22203733076960560643975384209625
342	438941	18269	0.22184642734361051386038354849006
345	442818	18426	0.22162867286278956080458613087103
348	446621	18583	0.22144280296348245462567660979403
351	450424	18749	0.22123494374522531535909308786358
354	454375	18911	0.22105318630607567742529795395967
357	458251	19068	0.22085261154322119447890315768745
360	462055	19226	0.22067654592569482807640213195555
363	465858	19384	0.22048383037913965587506481824676
366	469661	19541	0.22031311248586910034319430451433
369	473464	19698	0.22012799193114127027648407874949
372	477267	19856	0.21996395146903965911455713921896
375	481070	20013	0.2197849629858107389779320328671
378	484873	20175	0.21962579854898894859971392179432
381	488750	20332	0.21945412640938011250568706600461
384	492553	20489	0.21929953790972570026873711412918
387	496357	20646	0.21913659872006716056169750572735
390	500160	20803	0.21898466016624315577665527143836
393	503963	20964	0.21882755801509531923265683417412
396	507840	21125	0.21868054900808231444386819930514
399	511717	21283	0.21852866164927084446922833649296
402	515520	21443	0.21838561796693856109641274088062
405	519397	21600	0.21823995768971873876473921427532
408	523200	21757	0.21810081987217794230460299331753
411	527003	21919	0.21796052869232659943143914915709
414	530880	22084	0.21782505513773542382693904073676
417	534830	22249	0.21768979421608747326644106578897
420	538781	22407	0.21755840298874201677037376612134
423	542584	22564	0.21742826385531796584693609020178
426	546387	22721	0.21730041523728238495039022382116
429	550191	22888	0.21717512100179664491506059675885
432	554141	23044	0.21705095797180759542577277443343
435	557944	23206	0.21693012162320202129706103733042
438	561821	23367	0.21680915288510640981378685410164
441	565698	23523	0.21669311342373867579347290757141
444	569501	23680	0.21657499412966643714817394084093
447	573304	23847	0.21646320833162219221534883217828
450	577255	24003	0.21634808400460728283754008316464
453	581058	24160	0.21624010029041829117346651401022
456	584861	24318	0.21612842511051713612069136161153
459	588664	24483	0.21602435239898726271334794546419
462	592615	24645	0.21591582581390028616752374546195
465	596492	24801	0.21581579001424500141581575007876
468	600295	24962	0.21570974512735452410794323441223
471	604172	25119	0.21561339108194665925566368969157
474	607975	25277	0.21550987517976102902927948434808
477	611778	25432	0.21541719311399784575478122405912
480	615581	25598	0.21531629480723835090572038097889
483	619532	25759	0.21522719441120941041845071595162
486	623409	25917	0.21512796706248868416899711064616
489	627212	26079	0.21504208168389965516453798954899
492	631089	26236	0.21494654447753722137370857581118
495	634892	26394	0.21486394376797407490542468622152
498	638695	26550	0.21476954286692412354753400904883
501	642498	26717	0.2146899700104347441520502570711
504	646449	26878	0.21459743556983520984537960885064
507	650326	27043	0.21452069897700515310745572605811
510	654276	27205	0.21443062790801967198994759655761
513	658153	27361	0.21435700906266003107347728473542
516	661956	27523	0.21426883294500037591134855574637
519	665833	27681	0.21419742979500377977331027068431
522	669636	27838	0.21411140671240830313237779591873
525	673440	27999	0.2140425054937231952312259863902
528	677316	28155	0.21395849572533995330836376069783
531	681120	28320	0.21389200010207498614533960790141
534	685070	28486	0.21381105442799766547246065329091
537	689021	28643	0.21374712106745419326614410238108
540	692824	28800	0.21366688143200807115107409117627
543	696627	28959	0.21360460199249975410396018560277
546	700430	29124	0.21352658391003481730407997929433
549	704381	29286	0.2134671127171276494571827697655
552	708258	29443	0.21339019949749432614183319856238
555	712061	29609	0.21333216976981927981427134000114
558	716012	29767	0.21325865078697855969913632634416
561	719815	29928	0.21320267561464112393565528691397
564	723692	30084	0.21312972968878721169438961169362
567	727495	30245	0.21307580396428657532048589473561
570	731372	30415	0.21300523689197636834080640255706
573	735396	30582	0.21295377483517888284048069635901
576	739347	30748	0.21288307248442195351856298657367
579	743297	30905	0.2128338803275340029852458201276
582	747100	31062	0.21276448354010973895711344994197
585	750904	31224	0.21271688595516294317810945813108
588	754780	31381	0.21264905569490541448196552209993
591	758584	31538	0.21260278425122516865464206148317
594	762387	31695	0.21253652188416757851108229715464
597	766190	31861	0.21249165058438795883333227720868
600	770140	32018	0.2124270670215818723747247531719
603	773944	32180	0.21238402974774067688557011024386
606	777821	32336	0.21232041441078680632514874560002
609	781624	32494	0.21227895441653771291257157827204
612	785427	32656	0.21221649778607751257730740235274
615	789304	32817	0.21217693510723092953362822754571
618	793181	32979	0.21211552103371436595047327955399
621	797057	33135	0.21207714956333184597170316010306
624	800861	33297	0.21201728971371272547408182163053
627	804737	33454	0.2119799632154311386234013525609
630	808541	33620	0.2119212886205845969289640606803
633	812491	33776	0.2118851606441039259198788613503
636	816294	33940	0.21182793683860812183894495319691
639	820245	34102	0.21179337078981225195306592468114
642	824122	34264	0.2117376451324927966179956229098
645	827999	34431	0.21170458913921755272902203159902
648	831949	34587	0.21164873289778909914993221264012
651	835753	34744	0.21161739817979138833514696216298
654	839556	34901	0.21156221673260725002485571621946
657	843359	35057	0.21153176681317015228600553200522
660	847162	35216	0.21147803027501427264311928411189
663	850965	35371	0.21144869435477098296161102553015
666	854768	35527	0.21139592962177419788183385662705
669	858571	35688	0.21136790818804812586151342657104
672	862448	35849	0.21131571208678873174946488688875
675	866325	36010	0.2112888901735147095806155448372
678	870202	36167	0.21123759538592051798744364532467
681	874005	36324	0.21121131772196599651891801840975
684	877808	36481	0.21116141241745803314167062580964
687	881611	36642	0.21113654915490648322773381551087
690	885488	36799	0.21108707389249864450064819720865
693	889291	36961	0.21106283620232627051827023478836
696	893168	37118	0.21101431807937187645762833199115
699	896971	37281	0.21099137910060244971433007776795
702	900848	37442	0.21094334527456165551129174673406
705	904725	37604	0.21092141911835801670882517555583
708	908602	37761	0.21087435160321821303597289443132
711	912405	37918	0.21085333700782726840117220490356
714	916208	38080	0.21080681464921730006167877036205
717	920085	38240	0.21078683618799867738324849142373
720	923962	38398	0.21074092400918165157719386115787
723	927765	38556	0.21072159274394028360966046875546
726	931568	38718	0.21067657566423897419483068915724
729	935445	38875	0.21065773435158260951105546610052
732	939248	39036	0.2106137518661601870650912360361
735	943125	39198	0.21059574176644751952736100975017
738	947002	39360	0.21055235062218755071050679816835
741	950879	39518	0.2105352179795175748822089190071
744	954682	39679	0.21049338665084127431015303955064
747	958559	39835	0.21047653911559441319845120688115
750	962362	40006	0.21043503665897225762826394657168
753	966387	40166	0.2104186714071734354281062451264
756	970264	40324	0.2103778947856273784378089430902
759	974067	40480	0.21036187359944333308270358884329
762	977870	40637	0.21032205869326922598183671198058
765	981673	40794	0.21030707993700997748831582612183
768	985476	40951	0.21026753649230547904558363825345
771	989279	41108	0.21025323958799599366464860850101
774	993082	41272	0.21021417458871233252537535918236
777	997033	41433	0.21020014040960169343641439354542
780	1000910	41589	0.21016199453264128305107760752435
783	1004713	41747	0.21014910587850743617366333637619
786	1008516	41909	0.2101108895988943181531993786848
789	1012393	42066	0.21009920411908009074686276562716
792	1016196	42231	0.21006110466340266462736963148927
795	1020147	42388	0.21004964632560982340514499355777
798	1023950	42553	0.21001232657198093400907623617968
801	1027901	42718	0.21000149544247886934655866753019
804	1031851	42879	0.20996477357158149779081668384606
807	1035728	43036	0.20995452430432981483221510643489
810	1039531	43203	0.20991821588714743018755370940198
813	1043482	43364	0.20990797363408147946373105696694
816	1047359	43533	0.20987290781065509603919849723752
819	1051383	43690	0.20986336783955589213590542385646
822	1055186	43850	0.20982835878800668027999165587971
825	1059063	44008	0.2098194481573864011991759070952
828	1062866	44165	0.20978480984652814189672653810703
831	1066669	44322	0.2097762956687697355473432025974
834	1070473	44480	0.20974232894540689731144311735989
837	1074276	44637	0.20973428242080846550798867156118
840	1078079	44794	0.20970083737637448817459073779901
843	1081882	44951	0.20969261399899810638380870386754
846	1085685	45117	0.20966005832025944033425446377805
849	1089636	45283	0.20965198810162061215933704261261
852	1093586	45441	0.20962035422627342540202732834587
855	1097390	45597	0.20961229357266741857301894924603
858	1101193	45759	0.20958149020867855583105665573385
861	1105070	45924	0.20957391561982074978942591769737
864	1109020	46086	0.20954332466807296109223557323276
867	1112897	46254	0.20953612200638122020635023545765
870	1116921	46410	0.20950697509070387303253824029525
873	1120725	46572	0.20950121941910518352791825691384
876	1124601	46734	0.20947032968700685096052893641172
879	1128478	46896	0.20946495682791485548612797629175
882	1132355	47051	0.2094354309225469612520953432977
885	1136158	47209	0.20942953575016348688464518090768
888	1139962	47369	0.20940142406608369674003711224941
891	1143838	47527	0.2093958717998949947691755824053
894	1147642	47688	0.2093670707547302944906419952531
897	1151518	47844	0.2093618313925871277092483069282
900	1155322	48000	0.20933359240400722933728161478939
