0	0	0	0.69314718055914625871594125783304
3	46485	2571	0.51063487691146591807012100616703
6	92897	5121	0.42519663964994064420110930768715
9	139088	7664	0.38099166200144241045677517831791
12	185205	10208	0.35581926587512996418283250932291
15	231396	12753	0.33995233173005701132751710247248
18	277660	15312	0.32925264458679576184962911611365
21	324072	17874	0.3215648826869090814994933680282
24	370411	20428	0.31573836701088925371649906992388
27	416601	22994	0.31111412193427778749565959515166
30	462866	25554	0.30729576773136973999456245110196
33	509130	28124	0.30402303299236749234424337373639
36	555616	30674	0.30114820062624930718797600093239
39	601807	33232	0.29856105476907968121480507761589
42	648145	35790	0.296191105164498369450853942908
45	694336	38316	0.2939897046274241310115371561551
48	740084	40852	0.29191945232852650748966993887734
51	785980	43404	0.28995492187509336323714137506613
54	832097	45975	0.28807680999378160180413033231162
57	878509	48514	0.286273928823123691156382619738
60	924478	51083	0.28453680415664139857767622743268
63	970890	53628	0.2828575212177533160229359054938
66	1016934	56191	0.28123035105193611160601108167612
69	1063272	58741	0.27965222932662708865692025028693
72	1109389	61300	0.27811702434757179513979963303427
75	1155580	63862	0.27662321208233286995437083533034
78	1201844	66412	0.27516925902775812851075443177251
81	1247887	68969	0.27375320863481772404313119295693
84	1294078	71519	0.27237161382145941290744417528913
87	1340121	74059	0.27102535839512920112781557691051
90	1386017	76609	0.2697110203036722775316036404547
93	1431987	79162	0.2684303922270456776999481007806
96	1478030	81722	0.26718055184212491370843167715066
99	1524221	84270	0.26596076472449869942948907919344
102	1570190	86826	0.2647692164471149856019849266886
105	1616307	89384	0.26360702803006980099453926413844
108	1662424	91947	0.26247326119457758952790982220904
111	1708615	94491	0.26136941550256675981245280127041
114	1754511	97073	0.26028830001154029671894818420697
117	1800997	99642	0.25923480149006272732492561772233
120	1847261	102206	0.25820506363444645225868612214981
123	1893452	104751	0.2572006041399200748642783764808
126	1939274	107315	0.25621907011214445359925662160094
129	1985391	109873	0.25526087053997292830587184653268
132	2031434	112426	0.25432627153595988023226937002619
135	2077404	115021	0.25341371318902067288902912878257
138	2124037	117586	0.25252365061148002167712434129498
141	2170154	120137	0.2516538037583839759747661446454
144	2216050	122711	0.25080389400804209421025348092371
147	2262314	125296	0.2499749896600313436856311000156
150	2308800	127853	0.24916660632795648022685952582833
153	2354843	130426	0.24837590323152111682070142251177
156	2401108	133003	0.24760492547794862860932596504426
159	2447446	135576	0.24685195629797976324404373826837
162	2493711	138147	0.24611559222695486570664513692464
165	2539901	140715	0.24539637779140799356270008502179
168	2586092	143282	0.2446936607937828245251665748583
171	2632283	145860	0.24400737071402164857225614014169
174	2678621	148433	0.24333819622702684837278752638667
177	2724886	150998	0.24268338154832172492980646438809
180	2770929	153559	0.24204307947989173177560928706953
183	2816972	156137	0.24141749218194905046708242934983
186	2863310	158681	0.24080663164655860541962795196014
189	2909132	161281	0.2402098601039625580533254378679
192	2955839	163845	0.23962770533191624089397464558715
195	3001956	166404	0.23905685126315634470017812418519
198	3047926	168974	0.23849870907632039762624742706976
201	3094117	171526	0.23795324318180846590031762843864
204	3140013	174076	0.23741955906201742121375275473838
207	3185908	176643	0.23689778337834516142024199325533
210	3232025	179222	0.23638795749108063026788784100063
213	3278364	181797	0.23589068940252685968594903442863
216	3324628	184371	0.23540410026879510230202185994131
219	3370893	186938	0.23492728444066263149281326150231
222	3417010	189524	0.23446056593718367366818711161613
225	3463495	192103	0.23400435197530988773451099405065
228	3509834	194669	0.23355771294028465634440294707019
231	3555951	197231	0.23312163820836134808800466089451
234	3601994	199810	0.23269375745057571669427431970689
237	3648332	202387	0.23227632973820994122249317115347
240	3694597	204967	0.23186667036953265141896451950743
243	3740935	207543	0.23146658336495415375644313371595
246	3787199	210100	0.23107402407588759074563711237715
249	3833095	212673	0.23068939292902057580647579015931
252	3879360	215255	0.23031308028961000600176589614421
255	3925772	217837	0.22994473949396748713169813527202
258	3972184	220404	0.22958368606653037358178437443712
261	4018301	222956	0.22923000466287252185892953093571
264	4064196	225531	0.22888339071795224533012458323356
267	4110461	228088	0.22854433362521744954598545973568
270	4156357	230655	0.2282117047461806325081568047608
273	4202547	233223	0.22788598356911204945163262891583
276	4248738	235802	0.22756696748972288224521776101028
279	4295150	238365	0.22725429551826106799872206920554
282	4341267	240936	0.22694770794398885782605645999865
285	4387458	243484	0.22664735756550344336623936669639
288	4433280	246048	0.22635268021208512778663646258792
291	4479397	248622	0.22606398184470033463355775893433
294	4525662	251175	0.22578084860322653049102825661976
297	4571631	253754	0.22550312636945868405291548697278
300	4618043	256321	0.22523202425624525013780896642857
303	4664234	258893	0.22496512888537290031365500908578
306	4710572	261445	0.22470346219992243241847518220311
309	4756468	264011	0.22444762121073763561085456785804
312	4802659	266567	0.22419568069740020144209324826079
315	4848702	269125	0.22394848052470259225366078226216
318	4894745	271690	0.22370596874762374572931378224894
321	4940936	274239	0.2234680512648910544193370242283
324	4986832	276794	0.2232345182200708710862357975202
327	5032801	279369	0.2230053930752782243018828012282
330	5079213	281934	0.22278067827495515174085483067756
333	5125404	284493	0.22256003250748526700597551553074
336	5171447	287067	0.22234439452716581175906185308122
339	5217786	289636	0.22213181147813471083551917217846
342	5264124	292200	0.22192407116708789960313197298092
345	5310315	294750	0.22171910318975454612377973262483
348	5356210	297314	0.22151779304767865719227870613395
351	5402401	299883	0.22132016174429527954892193974956
354	5448666	302452	0.22112817732465145370568393445865
357	5494930	305022	0.22093765851947749778716456603433
360	5541268	307587	0.22075047020306462486338716644241
363	5587533	310147	0.22056656278509229052176010554831
366	5633650	312709	0.2203858454520938037202171244644
369	5679841	315272	0.22020833383199189814405372089823
372	5725958	317878	0.22003385253356275153002741262753
375	5772296	320447	0.2198625237709846413913794549444
378	5818634	323000	0.21969416627572152522773762939323
381	5864604	325552	0.2195286348435411261093008761236
384	5910573	328125	0.21936592215183139953360580420849
387	5956911	330691	0.21920705721552272149388329580688
390	6003028	333264	0.21904993825790577965939576188248
393	6049440	335826	0.21889553994742988463073629645805
396	6095631	338375	0.21874368810716951494477200412803
399	6141527	340953	0.2185943126135148906197258611428
402	6188160	343512	0.2184475512293980459244124858742
405	6234351	346074	0.21830314307407019946971615809161
408	6280542	348637	0.21816117278123614564577792407363
411	6326732	351187	0.21802258840275784423923255417321
414	6372628	353743	0.21788522149230213353909846318857
417	6418819	356304	0.21775012154554532206596206833638
420	6465010	358867	0.21761727202765368538450729829492
423	6511201	361420	0.21748663146500032961050408175652
426	6557244	363990	0.21735804954731738347639691255608
429	6603730	366547	0.21723162255586084268266233721079
432	6649847	369107	0.2171071851123509977021797112684
435	6696111	371672	0.21698470902489128131485074391094
438	6742376	374231	0.21686425655768834519498966528772
441	6788345	376779	0.21674570570093074084461193251627
444	6834241	379342	0.21662902250055393604810660690418
447	6880505	381897	0.21651420594938497465875570924254
450	6926549	384460	0.21640118372661323875583150311286
453	6972813	387029	0.21628995955666821537910493589152
456	7019225	389594	0.21618046055971004704154836417729
459	7065490	392147	0.21607265973418199322964028397109
462	7111533	394728	0.21596651516205456200481194173335
465	7158314	397286	0.21586211275170424928049328627822
468	7204431	399855	0.2157592463970482987711818623211
471	7250843	402405	0.21565796438710574389752139268239
474	7296812	404961	0.21555817354802381258238597183663
477	7342855	407523	0.21545992997938351320996730464685
480	7389120	410079	0.21536322128690163490993825234909
483	7435089	412637	0.21526796389075308901794869598234
486	7481280	415193	0.21517411025647678601835366407613
489	7527324	417748	0.21508165251421818009447406438994
492	7573367	420307	0.21499058248529140380256308162643
495	7619631	422868	0.2149018896440744452736026914863
498	7665970	425438	0.21481354525338641758835933615046
501	7712455	428001	0.21472649712338448546589120269346
504	7758794	430556	0.21464078374815923067053802242299
507	7804911	433112	0.21455627652715680842021583885071
510	7851028	435666	0.21447303028034694905024082345335
513	7897145	438237	0.21439098429140052148866857351095
516	7943335	440818	0.21431012684682471114427926295321
519	7989895	443393	0.21423049283395589892364796469337
522	8036381	445975	0.21415200457465924377409294265817
525	8082498	448543	0.21407460219155033387394837518514
528	8128762	451124	0.21399830560753760333447814900865
531	8175322	453687	0.21392317886843956187270521240862
534	8221439	456261	0.21384903735243321332148980218335
537	8267777	458826	0.21377699608540229325726045317424
540	8313968	461381	0.21370496572093705678341279963206
543	8359937	463945	0.21363390440914462042876209579845
546	8406128	466511	0.21356386176734140636135350632685
549	8452171	469063	0.2134948184087903377825767847753
552	8497919	471629	0.21342670770526531165423023139738
555	8544110	474200	0.21335958014822001271859619464522
558	8590448	476773	0.21329340751658032449000756969326
561	8636860	479334	0.21322914404808651633871363628714
564	8682977	481900	0.21316478635506719285785948159173
567	8729094	484466	0.2131013379487647352306112225051
570	8775211	487036	0.21303874541461592651003797982412
573	8821550	489591	0.21297702390932174432158774379786
576	8867372	492152	0.21291709840990766244850362909347
579	8913489	494731	0.21285701222167049961875306962611
582	8960196	497295	0.21279779165901441251307346647081
585	9006387	499860	0.2127393083891563341225605654472
588	9052577	502426	0.21268164859547442069320766222518
591	9098768	504989	0.21262474441407555603156254164787
594	9144959	507560	0.21256859445129855368250559877197
597	9191223	510133	0.21251320081067684442110987674823
600	9237783	512695	0.21245853524270813528218582177942
603	9283900	515254	0.21240462209262378490137734843302
606	9330017	517818	0.21235138653390395191422612697352
609	9376208	520382	0.21229886544549900206924064605118
612	9422472	522950	0.21224704062406840598953294829698
615	9468884	525511	0.21219589796961263461483326864254
618	9515001	528066	0.21214539932649156828148306885851
621	9560971	530633	0.21209556905090512501921296006913
624	9607309	533202	0.21204638809330472737357808910019
627	9653721	535775	0.21199786040012022492184939892468
630	9700207	538333	0.21194998141345075537422815159516
633	9746250	540896	0.21190269457771759853415005636634
636	9792367	543457	0.2118560119489062421038738648349
639	9838558	546013	0.21180992127881898001717786428344
642	9884527	548568	0.21176544019963769449610424544517
645	9930349	551131	0.21172050198938166531981153184461
648	9976466	553690	0.21167615883212692606818450258288
651	10022509	556256	0.21163236787444789088752372663293
654	10068774	558819	0.21158914596189293266803588267067
657	10114965	561374	0.21154646151915476592897391583392
660	10160934	563930	0.21150430214856150157309855330823
663	10206904	566493	0.21146266692982884638496443585609
666	10252947	569052	0.21142155986781771548344011080189
669	10298990	571620	0.21138096830342653631440441586165
672	10345329	574184	0.21134089192883256935751035143767
675	10391593	576750	0.2113012980070693713763319010468
678	10437858	579309	0.21126220923108243732180255847197
681	10483975	581871	0.21122359237832680212143543485581
684	10530018	584435	0.21118545574757671690058202784712
687	10576282	586998	0.21114778242562501353596360331721
690	10622399	589558	0.21111058032342638890455077671504
693	10668590	592128	0.21107382065289539974095589514036
696	10715002	594692	0.2110375265077601703023191248576
699	10761267	597253	0.21100165753391358913759745519201
702	10807310	599809	0.210966216838138320710527295887
705	10853132	602371	0.21093120971343368164063747371983
708	10899249	604929	0.21089663088287891046235245084972
711	10945292	607487	0.21086244223487005111650205435581
714	10991262	610050	0.21082868658695080865683735282801
717	11037453	612613	0.21079533258929514238921854030195
720	11083643	615181	0.21076237612583578751035418008541
723	11129834	617754	0.21072982155987676766706329090084
726	11176394	620320	0.21069764895884249278346089795377
729	11222658	622884	0.21066585362433101757950737464853
732	11268849	625452	0.21063443893933278538987963202089
735	11315187	628018	0.2106033856597931963605674354767
738	11361525	630582	0.21057270882114631493919887361699
741	11407569	633145	0.21054238650704676372171775255993
744	11453538	635698	0.21051241937904899281797099774849
747	11499434	638259	0.21048278222646502055859230040369
750	11545551	640818	0.2104545092936293826380023119782
753	11591668	643376	0.21042558337851807737095555239648
756	11637932	645927	0.21039697904802795447309904375288
759	11683976	648480	0.21036872128978234552931780854124
762	11730093	651038	0.21034078543922130055676689153188
765	11776357	653595	0.2103131737309207882624662033777
768	11822548	656151	0.21028587091178849166617226273956
771	11868813	658711	0.21025889331825237116291305028426
774	11915077	661277	0.21023222185065978950824217008631
777	11961563	663834	0.21020585642390560154879608489864
780	12007754	666408	0.21017978893661029560213648892386
783	12054239	668959	0.21015401421693202799190203222679
786	12100209	671505	0.21012852488363159553230730125506
789	12145957	674061	0.21010333108411755054234504314081
792	12191927	676619	0.21007843266823361672024361723743
795	12238191	679166	0.21005381575622139589398784664809
798	12284087	681726	0.2100294651709357640623210272679
801	12330351	684295	0.21000539471820345305275168357184
804	12376985	686854	0.20998159910102315306446030263032
807	12423175	689419	0.20995805317583449145502072497038
810	12469587	691975	0.20993478777226512455023055281345
813	12515778	694522	0.20991176641161210514319179765153
816	12561600	697073	0.20988900056255774262403690499923
819	12607643	699631	0.20986648817812653122771848757111
822	12653908	702187	0.20984422267448213372809107113426
825	12700099	704748	0.20982220469303214382961186856846
828	12746363	707302	0.20980043466677900099170983594377
831	12792480	709856	0.20977890011061137154335654031456
834	12838523	712424	0.20975760660771775034660890923988
837	12885230	714985	0.20973655025786944183785465156689
840	12931569	717540	0.20971572526980633566218159558048
843	12977759	720094	0.20969512002552564977619908859197
846	13023876	722661	0.20967473716648363235570684537379
849	13070288	725218	0.20965458547187473814510383363086
852	13116479	727774	0.20963463944825097562407734130829
855	13162744	730328	0.20961492013284682700557937096164
858	13208861	732880	0.2095954122211242109941053968214
861	13254978	735433	0.20957611568232281662460536608705
864	13301095	737989	0.20955703058348218448259103752207
867	13347359	740544	0.20953914057261635583984116237843
870	13393624	743091	0.20952045689748258205931108477671
873	13439520	745637	0.20950197256775821008645266374515
876	13485415	748190	0.20948366936637699553536151597655
879	13531606	750736	0.2094655835633058849065690765201
882	13577502	753296	0.20944766543215248555398488861101
885	13623840	755845	0.2094309564616171071005368276019
888	13669810	758394	0.20941343791194627632634706060344
891	13715779	760959	0.20939610284046392130186120539292
894	13762412	763515	0.20937896094171140615181059274619
897	13808677	766072	0.20936199720062897977612692557159
900	13855015	768629	0.20934620850919208323581699460192
