0	0	0	0.69314718055914625871594125783304
3	3551	81	0.50776820750769713352923417915008
6	7131	161	0.42374412553763313171728555062145
9	10711	241	0.38006531981081742577188720133563
12	14291	321	0.35537909091876690448330577964953
15	17870	400	0.33982362396157944628427571842622
18	21422	478	0.32915289095104227623522774592857
21	24973	558	0.32152711083029561489610159696895
24	28553	637	0.31574506748406305778331670808257
27	32104	717	0.31113130627580781739638382532576
30	35684	796	0.30733023866942865698348441583221
33	39235	877	0.30405317443710488944930148136336
36	42844	957	0.30117880504518623752119310665876
39	46424	1035	0.29860324390222475754441688877705
42	49975	1117	0.29623037588590311885994310614478
45	53584	1197	0.29402766601360996734371155980625
48	57164	1275	0.29195930208101833480682785193494
51	60715	1356	0.29000130582853650418329038984666
54	64295	1436	0.2881286202990140377089289813739
57	67875	1514	0.28632500741710897873559815707267
60	71426	1593	0.28458629651217376421712401679542
63	74977	1672	0.28290695915673674809553972409049
66	78528	1752	0.28128134188656250813664883025922
69	82108	1831	0.27970349615886347383053589510382
72	85660	1911	0.27816766360802064328439087148581
75	89240	1992	0.27667329246657690333677237504162
78	92819	2072	0.27521758698928344699652370763943
81	96399	2151	0.27380067983903522144117914649541
84	99951	2230	0.27241863180738995486862563666364
87	103502	2309	0.2710714902705204099042646248563
90	107053	2389	0.26975726904812019624202434897597
93	110633	2468	0.26847619738774164410699540894711
96	114184	2547	0.26722465994362004648721153898805
99	117735	2626	0.26600326476615387960578118509147
102	121287	2705	0.26481144268477296854769065248547
105	124838	2784	0.26364900823063203150198319235642
108	128389	2863	0.26251341866415689452196602360345
111	131940	2942	0.26140864065044200348353342633345
114	135492	3021	0.26032689153707688767269701202167
117	139043	3101	0.25927124703228715540959115060105
120	142594	3181	0.25824087103801290909999011091713
123	146174	3260	0.2572346844327081938352819179272
126	149725	3339	0.2562534900313022667717177682789
129	153277	3419	0.2552947230327536898286666655622
132	156857	3501	0.25435855002459528684255474217935
135	160465	3584	0.25344363889960563884784505717107
138	164074	3663	0.25255128768470036515481069727684
141	167625	3742	0.25168102313080847887150071073847
144	171176	3823	0.25083129261056980041644237644505
147	174756	3902	0.2500017424707671742645231915958
150	178307	3981	0.24919165611520113778887264288642
153	181859	4060	0.24839968956418784218342921121803
156	185410	4140	0.2476279370512048938479665594059
159	188990	4221	0.24687386122207521932381268925383
162	192570	4300	0.246136168165253299555672583665
165	196121	4380	0.24541609412067635909160401297413
168	199701	4461	0.24471263987510546988879411856033
171	203281	4540	0.24402491650829036262670967971644
174	206832	4619	0.24335326703067450271333882483304
177	210383	4698	0.24269903926573249686171607208962
180	213935	4779	0.24205844756072278367575734137063
183	217514	4858	0.24143246891676667376103182505176
186	221066	4937	0.24082071053147988126674761133472
189	224617	5016	0.24022313094039798864187673643755
192	228168	5095	0.23964059825203168352381055683509
195	231719	5174	0.23906882977525797939755136667372
198	235271	5255	0.23851038056552076316307875458733
201	238851	5334	0.23796478065369280896490522536624
204	242402	5413	0.23743112082682318875193061558093
207	245953	5494	0.23690899961733419276654899476853
210	249533	5573	0.23639789158800653123826407409069
213	253084	5652	0.23589973354287416262842214109696
216	256635	5733	0.23541277489747197693148450525769
219	260215	5812	0.23493524124169115618876446660579
222	263767	5893	0.23446786132349498044114000094851
225	267347	5972	0.23401079393459314759162737118459
228	270898	6052	0.23356374269698268464345858319575
231	274478	6131	0.23312664042234193528813079865358
234	278029	6210	0.23269851834712437788077465938841
237	281580	6290	0.23227993516892900260906174025877
240	285131	6370	0.23186990293093984183414590916072
243	288711	6449	0.23146936255043229491157319444028
246	292263	6528	0.23107617875265087925562568216264
249	295814	6608	0.23069130749908839383977010584204
252	299365	6687	0.23031456167991604111477954575093
255	302916	6766	0.22994529199551932974188162006612
258	306468	6845	0.22958367890778205722135396626982
261	310019	6923	0.22922970749074961238633818538801
264	313570	7002	0.22888293663599906802019745555299
267	317121	7081	0.22854342648310538299583072330279
270	320673	7160	0.22821083352029911117675453624543
273	324224	7240	0.22788497287477879615913423094753
276	327804	7319	0.22756587299906624877188221489632
279	331355	7401	0.22725308435836963361076357159618
282	334935	7481	0.22694624961454845646358080557548
285	338515	7560	0.22664568230830370310080468243541
288	342066	7642	0.22635069609154739866951899784908
291	345675	7722	0.22606154282103391173208706277364
294	349226	7801	0.2257781905019222712382997997338
297	352777	7881	0.22550056661461029272608413975831
300	356357	7960	0.22522909171774962988621382464771
303	359908	8039	0.22496190418943418087849295261549
306	363460	8118	0.22469985605995473898488512531912
309	367011	8197	0.22444389455059635118949756815709
312	370562	8276	0.22419211121654628038335488326993
315	374113	8355	0.22394469631516794594361385861703
318	377665	8434	0.22370214893287021507006784304394
321	381216	8514	0.22346414090618327286108524276642
324	384767	8595	0.22323049548427484345403115639783
327	388347	8674	0.22300131182218796421778961303062
330	391898	8755	0.2227762563123531214248629339636
333	395478	8835	0.22255539131027038401988704663381
336	399058	8916	0.22233893816666339127152696164558
339	402638	8996	0.22212723644999113337128449074953
342	406218	9078	0.22191947114442586719285088747711
345	409827	9158	0.22171435605634345900050163891137
348	413406	9238	0.22151291262649211444291097450332
351	416958	9319	0.22131504961923381680222178147233
354	420538	9399	0.22112276953327442141628011995635
357	424118	9478	0.22093198894035548374148447692278
360	427669	9557	0.22074467778610443180475897406723
363	431220	9636	0.22056065860616955176531917004468
366	434771	9715	0.22037997246805218765075551345944
369	438322	9794	0.22020226556373653781228938441927
372	441874	9872	0.22002769544665218282020191509218
375	445425	9951	0.21985622076032657057353958407475
378	448976	10032	0.21968774460408782567277796715643
381	452556	10113	0.21952216505852023553657659249438
384	456136	10191	0.21935941950812903877832127363945
387	459687	10270	0.2192004902003632238471908522115
390	463239	10349	0.21904338710109089172206608964188
393	466790	10429	0.21888881396700329839966059353173
396	470370	10509	0.21873698587356935063574780997442
399	473921	10589	0.21858762531202569068256025275332
402	477501	10668	0.21844069598054891012672840133746
405	481052	10748	0.21829627681015525975105617817462
408	484603	10826	0.21815519649300479931852692061511
411	488155	10905	0.21801552779923141778262163370528
414	491706	10984	0.21787819456562687592260374458419
417	495257	11062	0.21774316431322440767992532073549
420	498808	11141	0.21761038682798988785904725773435
423	502360	11220	0.21747970332872704202209490631503
426	505911	11299	0.21735118267835212835237257422705
429	509462	11381	0.21722470693311737854891418919578
432	513071	11460	0.21710030207111463695923703198787
435	516622	11538	0.21697785615427866989790572915808
438	520173	11616	0.21685737241864314062134155847161
441	523724	11695	0.21673877009558456530058379030379
444	527276	11773	0.216622093327387549299700708616
447	530827	11852	0.21650727099219552185260795340582
450	534378	11931	0.21639431031127109861245116917416
453	537929	12010	0.21628303637173845741514810470107
456	541481	12088	0.21617355315030703510892351459916
459	545032	12169	0.2160657866199262033823913498054
462	548612	12249	0.21595963934135584127993467973283
465	552192	12330	0.21585516880463487265906508127955
468	555772	12410	0.21575225341776971266227747037192
471	559352	12490	0.21565100051198643482663896975282
474	562931	12571	0.21555121860181600257355682970228
477	566511	12649	0.21545294533371209255712130925531
480	570063	12729	0.215356236240744125520762963788
483	573643	12808	0.21526100860453095675595136526681
486	577194	12887	0.21516716856669185209405270597927
489	580745	12966	0.21507473871531909703769258612738
492	584296	13045	0.21498370882528297642899417496665
495	587848	13126	0.21489500790705373667321964603616
498	591427	13204	0.21480667619286317182591972141381
501	594979	13283	0.2147196251072930606174082868165
504	598530	13362	0.21463387878587450452450013926864
507	602081	13441	0.21454937737395329833134383079596
510	605632	13520	0.21446616151258146576452645604149
513	609184	13598	0.21438414345568460039892499935377
516	612735	13677	0.21430334353871560715276700648246
519	616286	13758	0.21422364957022682618870135229372
522	619837	13838	0.21414513189210854227084723788721
525	623389	13918	0.21406774191763516812514467346773
528	626969	13998	0.21399149610168205493110349380004
531	630520	14077	0.21391633072757457179058349083789
534	634071	14156	0.21384225024672928738844746021641
537	637622	14235	0.21377021261915929439823003122001
540	641173	14314	0.21369819222037869654862163315556
543	644725	14393	0.21362717424864910431558939762908
546	648276	14472	0.2135571739824179138267368216475
549	651827	14551	0.21348814780756444897669155125186
552	655378	14630	0.21342012459728176843043456756277
555	658930	14709	0.21335304247367847807481666677631
558	662481	14788	0.21328689733888456236954311862064
561	666032	14866	0.21322263502481916819242258043232
564	669583	14949	0.21315829992716853191758730190486
567	673192	15027	0.21309488091288905642350925973005
570	676743	15106	0.21303228964979792348088949438534
573	680295	15188	0.21297054016356337102777729342051
576	683903	15269	0.21291066383815626661402120589628
579	687483	15347	0.21285061391680903941647784449742
582	691034	15426	0.21279137773698572622116387265123
585	694586	15504	0.21273293380588398360231394690345
588	698137	15582	0.21267528467478427622872061419912
591	701688	15662	0.21261840052466143835552259133692
594	705239	15742	0.21256228118932132820084746072098
597	708819	15823	0.21250692518538516484483125168481
600	712399	15903	0.21245228794847717534999276267627
603	715979	15982	0.21239837837150327137791805398592
606	719530	16061	0.21234516741768122427558296294592
609	723082	16139	0.21229269628745708886619070199231
612	726633	16219	0.21224092706914285400010555804329
615	730213	16297	0.21218979739502211168122869366925
618	733764	16376	0.21213936649332879036400356653758
621	737315	16455	0.21208957804876812924810280946986
624	740866	16534	0.2120404281434795645822077858611
627	744418	16612	0.21199192230256483360228969559103
630	747969	16690	0.21194406214339958638426253401121
633	751520	16769	0.2118968170112087712197990185814
636	755071	16855	0.21185016438076373357368709093862
639	758737	16933	0.21180410374746014290359141796216
642	762289	17014	0.21175964809140215838745291421219
645	765869	17092	0.21171476230772756643716547841905
648	769420	17172	0.2116704457455999277559755000766
651	773000	17250	0.21162670366547983724636594615731
654	776551	17329	0.21158351607393205418006232321204
657	780102	17409	0.21154085709355566202738430092722
660	783682	17487	0.21149872818834158927359112567501
663	787233	17566	0.21145715082780688898189680458017
666	790785	17645	0.21141607610244422810197306716873
669	794336	17723	0.21137551915115287970436952491582
672	797887	17802	0.21133548693740802915108645265718
675	801438	17880	0.21129594192813197506275457726588
678	804990	17960	0.21125687698996725716327205191192
681	808541	18039	0.2112182844182212415606869626572
684	812092	18118	0.21118016278647383510147506058274
687	815643	18196	0.21114252193509402966142829427554
690	819194	18275	0.21110536755654435436824201133277
693	822746	18353	0.21106865983349648585587488014426
696	826297	18434	0.21103239155027073148396254964609
699	829877	18512	0.21099655611720632975014666499192
702	833428	18591	0.21096116607085443894753495897021
705	836979	18669	0.2109261993711628313530326295222
708	840531	18747	0.2108916479910287189447615219251
711	844082	18827	0.21085751846177380741664819652215
714	847662	18906	0.21082380680541282225171073605452
717	851213	18984	0.21079048998077873355860845094867
720	854764	19063	0.2107575721222944287180922628977
723	858316	19142	0.21072503595028757583662581964745
726	861867	19220	0.21069289451514397470965889169747
729	865418	19300	0.21066114018048945344396827294986
732	868998	19379	0.21062975381318171930189464546856
735	872549	19457	0.2105987306056704144729962990823
738	876100	19535	0.21056808944962615570695163569326
741	879652	19616	0.21053779942327160989989920381049
744	883232	19694	0.21050787027435155507326669521717
747	886783	19776	0.21047927646261280210104871457588
750	890391	19855	0.21045004280999482504377340319479
753	893943	19934	0.21042114177035797784043325009407
756	897494	20012	0.21039258892041501347591747617116
759	901045	20091	0.21036435515118775962939423607168
762	904596	20169	0.21033644012786231747291765259433
765	908148	20249	0.21030885640867894026406759167003
768	911728	20331	0.21028159022363041019687557309226
771	915336	20413	0.21025464105863916897121157489892
774	918945	20493	0.21022800570521210650198895564245
777	922525	20572	0.21020167086691191049574456428672
780	926076	20650	0.21017563547490442088516715557489
783	929627	20729	0.2101498876662995785036258666878
786	933178	20808	0.2101244292653725864727931593734
789	936730	20888	0.21009926288553210094178780309448
792	940310	20968	0.21007439278278636218821873171692
795	943890	21049	0.21004978799577628256756156588381
798	947469	21129	0.21002546550512485312722787966777
801	951049	21210	0.21000141954465953442188208555308
804	954629	21288	0.20997764767486870596258086152375
807	958181	21367	0.20995413555573042008184359019651
810	961732	21445	0.20993088974828849613274428520526
813	965283	21524	0.20990789551916594346536726334307
816	968834	21603	0.20988517017631586059067672067613
819	972386	21682	0.20986269273754382114205441212107
822	975965	21764	0.20984047019241391929256224102573
825	979574	21842	0.20981849067724528401512884556723
828	983125	21923	0.20979674832535849526848892310227
831	986705	22001	0.20977524420974577590293108642072
834	990256	22080	0.20975398217489490959586362350819
837	993808	22159	0.20973294445764606441784394519345
840	997359	22238	0.20971214173229743571447158956289
843	1000910	22317	0.20969156911360992134873981740384
846	1004461	22398	0.20967121613015496373044754818693
849	1008070	22478	0.20965108630215134599694692951743
852	1011650	22557	0.2096311699003423067999563045305
855	1015201	22636	0.20961147301982904767037041438016
858	1018752	22714	0.20959198869049833202637955764658
861	1022304	22794	0.20957272301749729770392605132656
864	1025884	22872	0.20955365251542329430023414715833
867	1029435	22951	0.20953579211990067121540448624728
870	1032986	23030	0.2095171386215840536593191245629
873	1036537	23108	0.20949867934481006259694879645394
876	1040089	23187	0.2094804177313071003041500262043
879	1043640	23266	0.20946235413451116946781382921472
882	1047191	23346	0.20944448136966439810713325186953
885	1050771	23424	0.20942779938425393204681768111186
888	1054322	23503	0.20941029881770165110843606726121
891	1057873	23583	0.20939298677599568754281733617972
894	1061453	23662	0.20937586261791898967210556747887
897	1065005	23740	0.2093599161058824209558082429794
900	1068556	23818	0.20934315481703372197053170111758
