0	0	0	0.69314718055914625871594125783304
3	2202	0	0.50776044479573789747206546962843
6	4404	0	0.42478684600898858336748276087746
9	6606	0	0.38042076229882204607690709963208
12	8808	0	0.35545616666154350449247090182325
15	11011	0	0.33957733935940614955484306847211
18	13213	1	0.32903142485627445701368287700461
21	15415	1	0.32140345109741136342407230586105
24	17617	1	0.31558939914820599570433046210383
27	19819	1	0.31100019087006758322644373038202
30	22022	1	0.30721449568208619718134855247627
33	24224	2	0.30396256074136779323779933292826
36	26426	2	0.30109720310753290695160444556677
39	28628	2	0.29849687297777416361554969626013
42	30830	2	0.29613204479656285439403973214212
45	33033	2	0.29394587245446957002315002682735
48	35235	3	0.29187899415339513264910920042894
51	37437	3	0.28991945419138825945637449876813
54	39639	3	0.28804027879061527839255063554447
57	41841	3	0.28623265193422320340488340661977
60	44044	3	0.28449514738372955191536561869725
63	46246	3	0.28281453632642722384460398643569
66	48448	4	0.28118713822185625872407399583608
69	50650	4	0.27961604157378533441757895161572
72	52852	4	0.27808141836664551638236275721283
75	55055	4	0.27658773602681641090583752884413
78	57257	4	0.27513207049089899447480433991586
81	59459	5	0.27371970767300740634553335439705
84	61661	5	0.27234113905298534819010569663078
87	63863	5	0.27099723670350567283904297255503
90	66066	5	0.26968183237196396984103330396465
93	68268	5	0.2684045405666036221425940766494
96	70470	5	0.26715597790947859246912798880658
99	72672	6	0.26594310348736655003065720848099
102	74874	6	0.26475129050995271917656737059588
105	77077	6	0.26358744544243484231316188015626
108	79279	6	0.26245175282890803591939743455441
111	81481	6	0.26134542975365110395458145831071
114	83683	7	0.26026501558226228238979160778399
117	85885	7	0.25920954601680479267855616853922
120	88088	7	0.2581806679013407546108282986097
123	90290	7	0.25717718103404985097171220331802
126	92492	7	0.25619434397222190513687678503629
129	94694	8	0.25523820595829471713500424812082
132	96896	8	0.25430245429322267947114255548513
135	99099	8	0.25339106823835932935651271691313
138	101301	8	0.25250086690153245028156447915535
141	103503	8	0.25162932655762865197246469506354
144	105705	8	0.25078956051364015289451003809518
147	107907	9	0.24995948472726245426223101731011
150	110110	9	0.24914972038251462227442800667632
153	112312	9	0.24836035784163873474383876782667
156	114514	9	0.24758874088799309731712128268555
159	116716	9	0.2468366326162937385291229475115
162	118918	10	0.24609905420299063583122745058063
165	121121	10	0.24537898320419063158404071600671
168	123323	10	0.24467894866667100339796547814331
171	125525	10	0.24399146569330054656887796227238
174	127727	10	0.24332077928585893467072764906334
177	129929	10	0.24266546168115851744850886007043
180	132132	11	0.24202388295587712319090201162908
183	134334	11	0.24139864858164702954290703473816
186	136536	11	0.24078702601213058942519751326472
189	138738	11	0.2401903323988836269631264030977
192	140940	11	0.23961099774110633520152191522357
195	143143	12	0.23903958669078664844853676640923
198	145345	12	0.23848119118887525780259295515862
201	147547	12	0.23793475892686172246115461348381
204	149749	12	0.23740346628143366158880667171616
207	151951	12	0.23688222646750753397348887574481
210	154154	13	0.23637208066364751024579504701251
213	156356	13	0.23587296805481575145968520246242
216	158558	13	0.2353858423496535678953733849994
219	160760	13	0.23490933253494594712407206316129
222	162962	13	0.23444284425897013446338235098665
225	165165	13	0.23398883135130238430932081428182
228	167367	14	0.23354340286277402993775353934325
231	169569	14	0.2331073993227294471886068549793
234	171771	14	0.2326800391516080368514707288341
237	173973	14	0.23226369517373912643165567715187
240	176176	14	0.23185308275424926227614719209669
243	178378	15	0.23145215680015160386595596264669
246	180580	15	0.23106289148413614031873919429927
249	182782	15	0.23067765401491263643762863466691
252	184984	15	0.23030084985045717882456983716111
255	187187	15	0.22993313315589597456423121002445
258	189389	15	0.22957195248356684902368840539566
261	191591	16	0.22921889967004016597229565377347
264	193793	16	0.2288752016678743117505945292578
267	195995	16	0.22853545134639652314234581353958
270	198198	16	0.22820324223893392878714792004757
273	200400	16	0.2278773349511759305219271709575
276	202602	17	0.22755798388018488864759092393797
279	204804	17	0.22724488930802516639673171994218
282	207006	17	0.22693851351872848520763170654391
285	209209	17	0.22663803923317676902726702792279
288	211411	17	0.22634315162919813047004424788611
291	213613	17	0.22605453894713797846627301169065
294	215815	18	0.22577120779553991325450112981343
297	218017	18	0.22549481260848930341822438094823
300	220220	18	0.22522375816377640522780723131291
303	222422	18	0.22495958121436593346587073938281
306	224624	18	0.2246974046103836775145623505523
309	226826	19	0.22444309395167746923327456443076
312	229028	19	0.22419223659912715373998537415901
315	231231	19	0.2239451571315062838873899409009
318	233433	19	0.2237022354239013577359429518765
321	235635	19	0.22346403816411269938058126172109
324	237837	19	0.22323057358588055398840310772357
327	240039	20	0.22300152213218835117736205120309
330	242242	20	0.22277646874878545557585596270656
333	244444	20	0.22255570560727283568880352504493
336	246646	20	0.2223388488419099917603460880855
339	248848	20	0.22212715204394098411633251544117
342	251050	21	0.22191834378116448434070662187878
345	253253	21	0.22171445424805322210737301702466
348	255455	21	0.2215128137066912639152604924675
351	257657	21	0.2213163344362155948719106390854
354	259859	21	0.22112320938184840124485219803319
357	262061	21	0.22093249841227113883235233515734
360	264264	22	0.22074520937815703125473021373182
363	266466	22	0.22056106302883726755226234672591
366	268668	22	0.22038013562317101956544718177611
369	270870	22	0.22020255705483901542685032381996
372	273072	22	0.22002849977560837158030437876732
375	275275	23	0.21985727416198458383789215986326
378	277477	23	0.21968920414725884304729675022827
381	279679	23	0.21952356019380361851212057899829
384	281881	23	0.21936072029024866747448641035589
387	284083	23	0.21920174936554631672791515484278
390	286286	24	0.21904487803609248852687585440435
393	288488	24	0.21889076717346322986657014553202
396	290690	24	0.21873875492829153444063194910996
399	292892	24	0.21858926347305937532006225865189
402	295094	24	0.2184426364989906499403105044621
405	297297	24	0.21829841643483272051184940210078
408	299499	25	0.21815637815344440797460379144468
411	301701	25	0.21801811216087457756529488506203
414	303903	25	0.21788103916014164851411294421268
417	306105	25	0.21774602016777128143942832139146
420	308308	25	0.21761324835249773457235278328881
423	310510	26	0.21748245202877922177542302506481
426	312712	26	0.21735423575346002333930073291413
429	314914	26	0.21722815790311722494720925169531
432	317116	26	0.2171036161960872845622105842267
435	319319	26	0.21698122261345081929206912718655
438	321521	26	0.21686069794537735089257068921142
441	323723	27	0.21674238161873393693213074584492
444	325925	27	0.2166257237851104688886039184581
447	328127	27	0.21651086976250591420445346102497
450	330330	27	0.21639791245746525794046988266928
453	332532	27	0.21628661295787074414498363239545
456	334734	28	0.21617707895913731985793049261702
459	336936	28	0.21606945600576862864805605113361
462	339138	28	0.21596329947965564599599019857123
465	341341	28	0.2158587106536143940260785711871
468	343543	28	0.2157559169849875557734009134947
471	345745	28	0.21565455021247245670501513359341
474	347947	29	0.21555470528444661826306116836349
477	350149	29	0.21545638324931243312576611970144
480	352352	29	0.21535972586250107241312434780411
483	354554	29	0.21526437335294057451307025985443
486	356756	29	0.2151708924438436587589507098528
489	358958	30	0.21507834723683538769023471104447
492	361160	30	0.21498737457541236550717655973131
495	363363	30	0.21489862034215875818965457710874
498	365565	30	0.21481025966503933255502545307536
501	367767	30	0.21472325026180630325178810835496
504	369969	31	0.21463748699565998734328786667902
507	372171	31	0.21455323740652318398325348880462
510	374374	31	0.21446991381288874056743054552499
513	376576	31	0.21438793381836462881295801707893
516	378778	31	0.21430700733909954780465056956018
519	380980	31	0.21422749854016176485060896084178
522	383182	32	0.21414901375278777573285537982883
525	385385	32	0.21407162960538567153534472708998
528	387587	32	0.21399539903435901844197530863312
531	389789	32	0.2139203080272004953155118300856
534	391991	32	0.21384717163120087191074958354875
537	394193	33	0.21377410200004534623907659351971
540	396396	33	0.21370213130016421643198043511802
543	398598	33	0.2136310936684036321242530220843
546	400800	33	0.21356107344861349761622193454969
549	403002	33	0.21349202060578761908082867648773
552	405204	33	0.21342394232844505430612969121285
555	407407	34	0.21335701953238817019098405580735
558	409609	34	0.21329083741022128450914863151411
561	411811	34	0.21322653075155931223783056793764
564	414013	34	0.21316228179386034757847312448575
567	416215	34	0.21309876002597205602029362125904
570	418418	35	0.21303611192019078490744732334861
573	420620	35	0.21297436203972675006212966763997
576	422822	35	0.21291358138299720792474545305595
579	425024	35	0.21285447718261002458817188198736
582	427226	35	0.21279536819745567544082121003157
585	429429	35	0.21273685797432057009714867490402
588	431631	36	0.21267913779367611515347391559771
591	433833	36	0.21262232812454515129552135022095
594	436035	36	0.2125662239696106403652464678089
597	438237	36	0.21251080311966030755854717426701
600	440440	36	0.21245624606861440719640654606337
603	442642	37	0.21240228650811701638367878786084
606	444844	37	0.21234908472717042848820767630968
609	447046	37	0.21229653752166799396405849620351
612	449248	37	0.21224468041761315739712756567314
615	451451	37	0.21219357624934226391744118700444
618	453653	37	0.21214309108121914837497001826705
621	455855	38	0.21209326785618887178941349702654
624	458057	38	0.21204413692423221271532440823648
627	460259	38	0.21199561086934315401464345995919
630	462462	38	0.21194767462863520202098754907638
633	464664	38	0.21190048625032673057511090064509
636	466866	39	0.21185382324801893538790409365902
639	469068	39	0.21180773495994684174625888317678
642	471270	39	0.21176328286241299925229952805239
645	473473	39	0.21171839102989711833835428933526
648	475675	39	0.2116740153353718345563549974031
651	477877	39	0.21163022797143557496291066399863
654	480079	40	0.21158702345466889882530381328252
657	482281	40	0.21154431638563006567999025264726
660	484484	40	0.2115021478313284797323490238341
663	486686	40	0.21146054408385608902598562508501
666	488888	40	0.21141949876160606724972979009181
669	491090	41	0.21137895971390033289516452441603
672	493292	41	0.21133885249561648600469254688505
675	495495	41	0.21129928835927683228312901064783
678	497697	41	0.21126023830411871928802725051355
681	499899	41	0.21122162085968890221643334825785
684	502101	41	0.21118348375400977645632849544199
687	504303	42	0.21114581850096986181952729566547
690	506506	42	0.21110861909617867349098219165171
693	508708	42	0.21107186127118432450444629466801
696	510910	42	0.2110355586958675977449217953108
699	513112	42	0.2109997261213329422524509482173
702	515314	43	0.21096430780807642890728459406091
705	517517	43	0.21092930857749089823549581979023
708	519719	43	0.21089487459042496886318929227855
711	521921	43	0.21086077619381651815366751634429
714	524123	43	0.21082707790267327108146844238945
717	526325	43	0.21079375275392575606048239933443
720	528528	44	0.21076079874931805124838035681023
723	530730	44	0.21072824237526538437847989371221
726	532932	44	0.21069607299119150201072159234172
729	535134	44	0.21066427890738903538903059597942
732	537336	44	0.21063289643188898292436306292075
735	539539	45	0.21060187272324790153099627332267
738	541741	45	0.21057117926553745035356257631065
741	543943	45	0.21054084167408990135861301951081
744	546145	45	0.21051088004235316009093992306589
747	548347	45	0.21048132833125976492993913780083
750	550550	45	0.21045307285073405756392617149686
753	552752	46	0.21042420584968857255603325029369
756	554954	46	0.2103956277334305680071224742278
759	557156	46	0.21036735988761318116857523818908
762	559358	46	0.21033942239667649531931203910062
765	561561	46	0.21031183675937800692246071321279
768	563763	47	0.21028456865894754046486525567161
771	565965	47	0.21025759567118085247017233996303
774	568167	47	0.21023090711522993134785508573259
777	570369	47	0.21020453385579140892502891801996
780	572572	47	0.21017845037368049210257936465496
783	574774	47	0.21015267460138764565868996214704
786	576976	48	0.21012719741039478926758476973191
789	579178	48	0.21010199707949664404971201747685
792	581380	48	0.21007709009838068658915233299922
795	583583	48	0.21005247481166255951734456175473
798	585785	48	0.21002814574159858751478680005675
801	587987	49	0.21000410414647022183665114880569
804	590189	49	0.20998036679128215253875566759234
807	592391	49	0.20995687764047918366649980725924
810	594594	49	0.20993360301384295096838172867137
813	596796	49	0.20991058901322945384748663855135
816	598998	49	0.20988782507655803777346648075763
819	601200	50	0.20986531509571754172682744865597
822	603402	50	0.20984306223273052616207223763922
825	605605	50	0.20982105715040233473445141498814
828	607807	50	0.20979930292562731786176755122142
831	610009	50	0.20977777946422940247295230165037
834	612211	51	0.20975650053954580931403484100883
837	614413	51	0.20973543775134778632818211008271
840	616616	51	0.20971462339183125078712066624576
843	618818	51	0.20969406519014402445755251847004
846	621020	51	0.20967368701295299726616860880313
849	623222	51	0.20965354213076983769248329281254
852	625424	52	0.20963361334276478520344255684904
855	627627	52	0.20961391213080721174222276204091
858	629829	52	0.20959441797062733359169328650751
861	632031	52	0.20957511607721879265398001734866
864	634233	52	0.20955602411857240929826673436764
867	636435	53	0.20953817188561676965186109100614
870	638638	53	0.20951948502397432783084241236793
873	640840	53	0.2095010022969031604489487108367
876	643042	53	0.20948271426697243069448006735911
879	645244	53	0.20946462500594961730904230989836
882	647446	54	0.20944672278106485352466847871256
885	649649	54	0.20943002023704235248224847509846
888	651851	54	0.2094124979587755619458988576298
891	654053	54	0.20939516655880552331581156977336
894	656255	54	0.20937802045349840351917691805284
897	658457	54	0.20936205628894283270469145463721
900	660660	55	0.20934527362776647607667257489084
