0	0	0	0.6931471805595997848215006342798
3	8041	179	0.68708293357206273732629142614314
6	16082	333	0.68121978263647187112894698657328
9	24123	486	0.67408083040085420289955209227628
12	32164	664	0.66844672538218752322336513316259
15	40205	848	0.6629536554252146718368976507918
18	48247	1000	0.65849053103312449319872712294455
21	56288	1153	0.65232947025005694197119510135963
24	64329	1332	0.64679143285978246691314552663243
27	72369	1490	0.64254859548935860935614527988946
30	80412	1644	0.63740030199674269084653133177198
33	88453	1778	0.6326882573490808514549144092598
36	96494	1912	0.62774932462857935266953290920355
39	104535	2064	0.62457338247964755417740434495499
42	112576	2216	0.62074241724379985996051800611895
45	120617	2348	0.61673222043501307876312012012932
48	128658	2500	0.61384987533130130898939569306094
51	136698	2655	0.6100254433135152698497449819115
54	144739	2874	0.60731145858292479022821908074548
57	152781	3092	0.60422300511493476360413978909492
60	160823	3280	0.60070542793193926200956411776133
63	168865	3438	0.59791872875345730697915769269457
66	176907	3593	0.59520268395637121461305696357158
69	184949	3773	0.59334685423691158057124539482174
72	192990	3955	0.59017110239734316134985192547902
75	201031	4110	0.58724392917912138223357487731846
78	209073	4294	0.5845603557902351310460176136985
81	217114	4474	0.58211957344698872507393616615445
84	225155	4628	0.58009607451982703185677792134811
87	233196	4782	0.57716581849509951407384278354584
90	241237	4961	0.57463741606215568147320027492242
93	249278	5115	0.57264756715276532439418133435538
96	257319	5268	0.57058898010032865766305576471495
99	265360	5404	0.56859531042891053864707373577403
102	273401	5538	0.56671706861692539014541125652613
105	281442	5692	0.56504223019047206122422721819021
108	289483	5848	0.56344029849252641461987423099345
111	297525	6062	0.5612060978101732766631926097034
114	305566	6240	0.55863775678054961026930413936498
117	313607	6420	0.55660473808952315444287251011701
120	321648	6574	0.55514879116070636744240118787275
123	329689	6710	0.55360236243002991507466958864825
126	337730	6848	0.5515314035825719107819509190449
129	345772	7007	0.5499569659158355383610228273028
132	353814	7162	0.54826155213499450091774178872583
135	361855	7377	0.5465798856675839756391610535502
138	369896	7555	0.54487338289532194490760730332113
141	377937	7738	0.54374888744381300043073679262307
144	385978	7894	0.54207037326789297981832760342513
147	394020	8054	0.54070970245976501811213665860123
150	402062	8194	0.53958767794673256901205604663119
153	410104	8329	0.53813568062993888396761121839518
156	418146	8485	0.53659272936943869236614546025521
159	426188	8704	0.53533475500918015210771727652173
162	434229	8922	0.53410913754393973817968799266964
165	442269	9104	0.53299943914410286005534089781577
168	450311	9259	0.53189083496102129711147199486732
171	458353	9418	0.53043105136607648919522262076498
174	466395	9597	0.52944446671990508246352646892774
177	474436	9773	0.52795438694251983768879199487856
180	482477	9926	0.5264649203711462277510690910276
183	490518	10113	0.52550758369280425874592310719891
186	498560	10294	0.52464421162338747972597730040434
189	506602	10455	0.52323849898481700204655453489977
192	514644	10608	0.52207523844133063573025310688536
195	522685	10791	0.52121602750887952026914717862383
198	530727	10946	0.52026008896666198211278242524713
201	538768	11099	0.51908999624459384314434373663971
204	546810	11284	0.51792262016095447219043990116916
207	554852	11463	0.51685526874650555839707521954551
210	562893	11622	0.51614778805029526420611318826559
213	570935	11801	0.51538398191710310669577665976249
216	578976	11991	0.51468727551962700772492098622024
219	587019	12147	0.51353192797627822407946496241493
222	595061	12302	0.5129174015161508393134681682568
225	603102	12438	0.51208389310318291887114128257963
228	611143	12589	0.51119609077191718871091552500729
231	619184	12741	0.51034555218566135526003790801042
234	627225	12960	0.50945482398342389895873338900856
237	635267	13172	0.50890893327607422680358695288305
240	643308	13351	0.50804223824651351115733177721268
243	651349	13504	0.5075259007499868246782170899678
246	659390	13661	0.50669463151067062334220736374846
249	667431	13797	0.50582345649753401861659085625433
252	675472	13932	0.50486441574466445203483999648597
255	683513	14085	0.50418481026861550198248096421594
258	691554	14241	0.50334520952341577082478352167527
261	699596	14379	0.50256161697971346580260387781891
264	707637	14535	0.50171075261926711963411662509316
267	715678	14695	0.50105079799182528077494680474047
270	723721	14909	0.50015249364711111823567080136854
273	731762	15124	0.49963051778396699864615015940217
276	739803	15303	0.49892418792920339987162492434436
279	747844	15455	0.49813337680493835479822450906795
282	755885	15611	0.49747100186255133191792765501305
285	763926	15744	0.49682663559463347002775890359771
288	771967	15878	0.49614988829959677518743887958408
291	780008	16033	0.49549309955657022674913037008082
294	788050	16186	0.49499466022510546503454520461673
297	796091	16405	0.49421830418263917872323531810252
300	804132	16583	0.49370544387896142524141396279447
303	812173	16768	0.49311580877852517756920747160621
306	820215	16922	0.49259823907414829191608873770747
309	828256	17104	0.49201147612002649189832936826861
312	836297	17283	0.49131117269657753610090367146768
315	844338	17435	0.49057403744944394485827388052712
318	852379	17588	0.48995907940704913619001104052586
321	860420	17770	0.48939854406000271591636874290998
324	868461	17925	0.48871510262022055393060782080283
327	876503	18078	0.48797793634741137847044001318864
330	884544	18265	0.48728766357651509544268719764659
333	892586	18443	0.48666454098301825670347398045124
336	900627	18598	0.4860992124653072954387766912987
339	908669	18738	0.48543020960192984070147304009879
342	916711	18872	0.48505712864040939624743487001979
345	924752	19027	0.4846074295964583611429077336652
348	932793	19179	0.48413467771039270237665164131613
351	940834	19392	0.48349751170602417449373433555593
354	948875	19574	0.48293850578128327821758603022317
357	956917	19766	0.48242962477222833816981051313633
360	964960	19921	0.48181111218054878397865081751661
363	973001	20073	0.48125662966131127484814555828052
366	981042	20208	0.48085205846002720964094123701216
369	989083	20341	0.48036137373510467973858339973958
372	997124	20495	0.47967485952882205069158771948423
375	1005165	20714	0.47923273824860035396966395637719
378	1013207	20927	0.47864207734188668474928363139043
381	1021248	21103	0.47828989801694815620081158158428
384	1029289	21254	0.47780887418577122627283415567945
387	1037330	21407	0.47720393330638116724529140810773
390	1045371	21539	0.47665152740724742175260075782717
393	1053412	21673	0.47618038480698821057757186281378
396	1061452	21828	0.47572192615074787580553561383567
399	1069494	21989	0.47519015868218444920145770993258
402	1077537	22124	0.47471790004616692959515944494342
405	1085578	22261	0.47427452761479027554258891541394
408	1093619	22415	0.47390541240671163469855287075916
411	1101660	22568	0.4734207663748886685262107221206
414	1109701	22779	0.4729565682194995512865887121734
417	1117742	22962	0.4726414018535741723425758209487
420	1125784	23128	0.47224027080079533646994605078362
423	1133825	23283	0.47171913173248436468298905310803
426	1141866	23417	0.47131555925544366125734541128622
429	1149907	23550	0.47081271269068714069305769953644
432	1157948	23704	0.47022144913860641768366122050793
435	1165989	23860	0.46971417975531826183299699550844
438	1174031	24075	0.46922615923931237924549009221664
441	1182072	24257	0.46887293798517049037144488465856
444	1190114	24435	0.46855328634152454414518729208794
447	1198155	24589	0.46823201452083929030578701713239
450	1206195	24740	0.46785369109338093007721681715338
453	1214236	24919	0.46746307539351666937577078897448
456	1222277	25077	0.46697981118681325396480019662704
459	1230319	25233	0.46654606164664569334377119957935
462	1238360	25368	0.46605859464552479298760090387077
465	1246401	25509	0.4656479392586105325868572890613
468	1254443	25664	0.46513331824685411053366124178865
471	1262484	25819	0.4647200324776111779456755357387
474	1270524	26031	0.46433671509774149255278530290525
477	1278565	26208	0.46388640339631015407917402626481
480	1286606	26388	0.46350938296541832617236877922551
483	1294648	26538	0.46313433918816715451072241194197
486	1302689	26695	0.46276148146255580151375852437923
489	1310731	26830	0.46239197088793437817599851769046
492	1318772	26981	0.46199242360444331412239193923597
495	1326814	27130	0.46170847809938247996441873510776
498	1334855	27343	0.46143184718596469418017136376875
501	1342896	27560	0.46098776631917909307745162550418
504	1350937	27744	0.46055176223462346296599889683421
507	1358979	27902	0.46030947982961090136910797809833
510	1367020	28056	0.45978294897302479649070505729469
513	1375061	28247	0.45925650130519152236630020524899
516	1383104	28424	0.45898516278761158915244777745102
519	1391145	28577	0.45869599775009389786006863687362
522	1399186	28755	0.45837788228097786635828470025444
525	1407227	28933	0.45807112461199672726053222504561
528	1415268	29084	0.45769621621072897887927410920383
531	1423309	29235	0.45740912429223823387758329772623
534	1431350	29372	0.45700056745794737089738646318438
537	1439392	29504	0.45670135475105788636085435427958
540	1447433	29656	0.45637380609833971822908438298327
543	1455474	29868	0.45610639276301812028435733736842
546	1463515	30083	0.45582122233411143108483543073817
549	1471556	30260	0.45546809309326757864155865718203
552	1479596	30414	0.45517316595635476383918671672291
555	1487638	30568	0.4549729341965966233907181504037
558	1495680	30752	0.45458712486208407987930968374712
561	1503722	30938	0.45419214671939811545087195554515
564	1511763	31094	0.45389287472056832895006550643302
567	1519804	31235	0.4535132385172337965428823736147
570	1527845	31368	0.45308431389398806654611462363391
573	1535886	31523	0.45272733890060473660454931632557
576	1543928	31677	0.45233878853957976140520713670412
579	1551970	31818	0.45196139254983569433221646249876
582	1560012	31951	0.45167119090283786020378897774208
585	1568053	32103	0.451437498216047783383686464731
588	1576094	32260	0.45112503302113815539797769815777
591	1584135	32473	0.4509807789554593493441814189282
594	1592176	32650	0.45062897880808949757636128197191
597	1600217	32826	0.45026562912643186553651730719139
600	1608258	32978	0.44994156914814814607339599206171
603	1616299	33131	0.44967586937987219508627845243609
606	1624340	33312	0.44931675987436864305735184643709
609	1632382	33466	0.44903037803902057234495259763207
612	1640423	33621	0.4486234896978428254854520673689
615	1648465	33802	0.44830550561645543528044299819157
618	1656506	33979	0.44789431359633147256005258896039
621	1664547	34130	0.4475914827879451940439992085885
624	1672588	34276	0.44719778807728677305632913885347
627	1680630	34409	0.44687048263222584054688013566192
630	1688671	34560	0.44668406633263529892374776864017
633	1696712	34715	0.44632405652741324875165673802258
636	1704753	34939	0.44600365565031691028607951921003
639	1712796	35117	0.44582632945260869394843439295073
642	1720837	35295	0.44561041058915390467021211406973
645	1728878	35450	0.44534933896273737330417930024851
648	1736919	35604	0.44496764613054939907499374385225
651	1744961	35741	0.44470386595845118327119394052716
654	1753003	35898	0.44437057977959981691640223289141
657	1761044	36057	0.44416710813064647078718394368479
660	1769085	36272	0.44381377061971349906599471069057
663	1777126	36456	0.4434818842011380435330636373692
666	1785168	36634	0.44327447199301245328584286653495
669	1793208	36789	0.44311339533146709701583176865824
672	1801249	36942	0.44288847514570356400653849959781
675	1809291	37077	0.44261769297337250073098857683362
678	1817332	37212	0.44244322584830936273547763448732
681	1825373	37365	0.44207389079765735395710635202704
684	1833414	37572	0.44181397981179770795279182493687
687	1841455	37793	0.44148714141734912708159299654653
690	1849497	37973	0.44119612316998096934739237440226
693	1857537	38133	0.44093804984462375839981973513204
696	1865580	38289	0.44061697402855637406560163071845
699	1873621	38470	0.44035738779405769749430987758387
702	1881662	38649	0.44013104017791321309616137114062
705	1889703	38805	0.43991258632204716105817965399183
708	1897744	38950	0.43972582384580588543698809189664
711	1905785	39086	0.43953349964765109358921790772001
714	1913826	39240	0.43929551193740740133719668847334
717	1921867	39391	0.43900464821288059935611158834945
720	1929908	39526	0.43867941002894378366150363035558
723	1937949	39661	0.43839003404910431571650519799732
726	1945990	39816	0.43817375323441309920013964074315
729	1954031	39972	0.43789227889220677658599356618652
732	1962073	40108	0.43760431402955091151341093791416
735	1970114	40246	0.43740643327728345735039283681544
738	1978155	40402	0.43711583757554228757413739003823
741	1986196	40538	0.43693558789805098108161018899409
744	1994237	40676	0.43664795396823191664381624832458
747	2002279	40832	0.43634431346425045505910134124861
750	2010320	40987	0.43603359996188462144317554702866
753	2018361	41205	0.43583870408822072972654382283508
756	2026402	41384	0.43559049250360959426586759946076
759	2034443	41564	0.43539388592433952984706024835759
762	2042484	41717	0.43509578256818631780689088373038
765	2050524	41870	0.43484897103891873015868441143539
768	2058565	42054	0.43449394691367076992705165139341
771	2066607	42209	0.43418774580503949334087110401015
774	2074648	42364	0.43406429342226471312926605605753
777	2082689	42546	0.43376053984376194971872564565274
780	2090731	42730	0.4334489033355345966036509253172
783	2098772	42886	0.43318766059542662683057301364897
786	2106814	43022	0.43288611822219896785313153486641
789	2114855	43160	0.43269101002109350284641209327674
792	2122896	43315	0.43262998805685737302439974882873
795	2130937	43475	0.43242033066176521760581863418338
798	2138979	43689	0.43220607011830342036873275901598
801	2147020	43869	0.43192533284751832844960972579429
804	2155061	44049	0.43176399092554085257233964512125
807	2163102	44202	0.43156043713920205773248994773894
810	2171143	44354	0.43138521835996374020893995293591
813	2179184	44490	0.431136487960021963505852227172
816	2187225	44623	0.43100128183386471336646650343027
819	2195266	44776	0.4308794236056107673782378242322
822	2203307	44990	0.43076860772380365371958532705321
825	2211348	45207	0.43050140483961085724473605296225
828	2219389	45387	0.43034376921085321088256137045391
831	2227430	45543	0.43021059089699764665937209429103
834	2235472	45697	0.43002000957567193539787808731489
837	2243513	45875	0.42981530145933449782447155484988
840	2251554	46054	0.42963840406507575186978442616237
843	2259595	46208	0.429430131477628485026087901133
846	2267636	46371	0.42915941133699886389507582862279
849	2275677	46553	0.42898419020767275533501106110634
852	2283719	46705	0.42881176415322869166502073312586
855	2291760	46857	0.42861418238108273115472002245951
858	2299801	46990	0.42840763707024165363179690757534
861	2307842	47125	0.42822905228283519862841899339401
864	2315883	47282	0.42800860604623247596123292169068
867	2323924	47465	0.42782928785389023884633274974476
870	2331966	47682	0.42750319875910525180273680234677
873	2340007	47860	0.42726074228710969604705383062537
876	2348048	48013	0.42696319987635172887863177493273
879	2356089	48167	0.42687979924241542528662307631748
882	2364131	48344	0.42666924132990124984843305355753
885	2372172	48524	0.42641234456904353322670431225561
888	2380213	48677	0.42618800329602973819831390756008
891	2388254	48830	0.42594959796051234945934993447736
894	2396295	49011	0.42569074533227807544122356375738
897	2404336	49163	0.42544144394671429276755247883557
900	2412377	49315	0.42535124303095489528558914571477
