0	0	0	0.6931471805595997848215006342798
3	1602	4	0.68602541642596104320972472123685
6	3205	8	0.68324897291141550859094877523603
9	4808	13	0.67296466366365381706060588840046
12	6412	17	0.6686305460127377475743060131208
15	8015	21	0.66505557063792253291723000074853
18	9617	26	0.66191211149500472910034432061366
21	11220	30	0.65471723662361946960430714170798
24	12823	34	0.64620739232656754236217011566623
27	14427	39	0.64182455757606271529169816858484
30	16030	43	0.63297979154404504509301432335633
33	17633	48	0.63025642937716674918391390747274
36	19235	53	0.62520939921447615805760733564966
39	20838	58	0.62342412645299105644625115019153
42	22442	63	0.61943834460286784082683197993902
45	24045	68	0.61757639416749610106194268155377
48	25648	73	0.61756872340628277129326306749135
51	27250	78	0.61090544014646641635124524327694
54	28853	83	0.60549774140141943146176117807045
57	30457	88	0.60086466699648100053821053734282
60	32060	93	0.59597850602076440917898025873001
63	33663	100	0.59712096853380636218844301765785
66	35266	107	0.59305316039036704012232803506777
69	36868	113	0.58933105457349221900642533000791
72	38472	120	0.58668230675230437221046031481819
75	40075	127	0.58429101061398225347431889531435
78	41678	134	0.57994886033299719585443199321162
81	43281	141	0.57765684123781868564151409373153
84	44883	146	0.57379334961530881198399356435402
87	46487	152	0.56936354673713895913067517540185
90	48090	158	0.57031543418153585189855903081479
93	49693	164	0.56732316641454572092584385245573
96	51296	169	0.56587755322225719023521151029854
99	52899	175	0.56353176646448299713654250808759
102	54502	181	0.56144960028371393434554192936048
105	56105	186	0.55879551916933967170564301341074
108	57708	192	0.55477589698155915787225467283861
111	59311	197	0.55070881963404494374714204241172
114	60914	202	0.54850047048609062994017904202337
117	62517	207	0.54687255024265302161268209601985
120	64120	212	0.54333495803651210565021756337956
123	65723	217	0.54140669570683930267307459871517
126	67326	222	0.5386512878026584738577753341815
129	68929	227	0.53990097327045505348763754227548
132	70532	232	0.5381149447472496349931248005305
135	72135	237	0.53669197866052165135641871529515
138	73738	241	0.5364167103737449426859029699699
141	75341	246	0.53378550048587602994132339517819
144	76944	250	0.53363775568779336921920730674174
147	78547	254	0.53244693530629927380459776031785
150	80150	259	0.53027127985041877522576214687433
153	81753	263	0.52865740184248233290986718202475
156	83356	267	0.52857212787038099222058917803224
159	84959	272	0.5270700259094596162867674138397
162	86562	276	0.52437975581887674714209879311966
165	88165	280	0.52354166692546111327999369677855
168	89768	285	0.52121124101839344522346664234647
171	91371	289	0.5212490061139559704983525989519
174	92974	295	0.52042659224977616538865277107107
177	94577	300	0.51976612407377231761529401410371
180	96180	304	0.51800954870939475149782538210275
183	97783	309	0.51708055091458959839911813105573
186	99386	314	0.51627136231057424442525416452554
189	100989	319	0.51569427770262699084469204535708
192	102592	325	0.51503680651210603791412268037675
195	104195	329	0.51392038614650603634004255582113
198	105798	334	0.51427995913836410668551479830057
201	107401	338	0.51212582137351247979495383333415
204	109004	343	0.51148059942780632614045543959946
207	110607	347	0.50955211642883291300876180685009
210	112210	351	0.50893035606688752370274642089498
213	113813	356	0.5089841885869681448184564942494
216	115416	360	0.50833453357829860852490355682676
219	117019	364	0.50682445700946032740574764829944
222	118622	369	0.50534518125685090605969662647112
225	120225	373	0.50492076222057646894825211347779
228	121828	377	0.5037791170891962044819933908002
231	123431	382	0.50237836774270860917823711133678
234	125034	387	0.50171433142177479513890148155042
237	126637	392	0.4997896567881473517402923789632
240	128240	397	0.49879840092656041461438576334331
243	129843	402	0.49854331674521973338798375152692
246	131446	407	0.49759409579751878727194025486824
249	133049	412	0.49740212777201886495959115563892
252	134652	416	0.49809217312136622179963296730421
255	136255	421	0.4972555716253837521101388574607
258	137858	426	0.4971400291593041642634887011809
261	139461	430	0.49740389598813788962772264312662
264	141064	435	0.49603747527871039357805216241104
267	142668	439	0.49580770163732734712169758495293
270	144270	443	0.49486341512616560667225940051139
273	145873	447	0.49433059901059933638478582906828
276	147476	452	0.49357441324752104883089032227872
279	149079	456	0.49415121835002279171433769988653
282	150683	460	0.49387523190395649086426033136377
285	152285	464	0.49409116773229455610305649315706
288	153888	469	0.49355590017125100521511171791644
291	155491	474	0.49272634093679096300988362600037
294	157094	479	0.49197952102307657140656260708056
297	158698	484	0.49091907987939764623774863139261
300	160301	489	0.48998373761712266105661228721146
303	161903	494	0.49009120149253015963353163897409
306	163506	499	0.49123068363458072260741005266027
309	165109	504	0.4909044673215214316108756520407
312	166713	508	0.49033732217044928569649187011237
315	168316	513	0.48939108183000612495305858828942
318	169919	518	0.48812658819686349787048129655886
321	171521	525	0.48724627730240971379416237141413
324	173124	531	0.48726405804202171934136345043953
327	174728	538	0.48623557665619954182290030075819
330	176331	546	0.48602612596500971431368043340626
333	177934	553	0.48506366018358693104062240308849
336	179536	560	0.48454195258990878647509248366987
339	181139	567	0.48413170210629491441167715493066
342	182743	573	0.48401822721680670680299840569205
345	184346	578	0.48424700554305050159697998424235
348	185949	584	0.48369178630119513684348930837587
351	187552	590	0.48315803204944501869633199930831
354	189154	596	0.48281399032982136310110377053206
357	190758	602	0.4822474040568742736923013580963
360	192361	607	0.48248825201639439219647442769201
363	193964	613	0.48142024632858765320619909289235
366	195567	619	0.4806197065331778150998331966548
369	197169	624	0.47993043175789773524542169980123
372	198773	629	0.48012561656261187881256091714022
375	200376	633	0.47953900931427645426552430762968
378	201979	638	0.48008510862372305583178899723862
381	203582	643	0.48083179884836779738321865806938
384	205185	648	0.48019579642865323210187966651574
387	206788	653	0.48005559696882543763152284554963
390	208391	658	0.48004505735693997481305927976791
393	209994	663	0.4797231488379592456716693504859
396	211597	668	0.47910255679206792400748327054316
399	213200	672	0.47894788242401387101665477530332
402	214803	677	0.47838683725755376530131002255075
405	216406	681	0.47838794772882209382913742956589
408	218009	685	0.4778690068976737537198573591013
411	219612	689	0.47731670362950601171903031172405
414	221215	694	0.47687707805977130881558423425304
417	222818	698	0.47666017428969847946618187961576
420	224421	702	0.47624190862009802005516689860087
423	226024	707	0.47557869594604834651008218315837
426	227627	711	0.47443440548278797974646181501157
429	229230	716	0.47386400151814855874476961616892
432	230833	721	0.47294809548211930172456618493015
435	232436	726	0.47301823621860555890705768433691
438	234039	731	0.4725034467329521925549329353089
441	235642	736	0.47145577341853917019420805445407
444	237245	741	0.47129482364560160156941037712386
447	238848	745	0.47099158758745157671299352841743
450	240451	750	0.47031586957475013388574325290392
453	242054	755	0.4695772434489269286927992652636
456	243657	760	0.46996369733247961297806227776164
459	245260	765	0.46968497216880811251371596881654
462	246863	769	0.46948845397571364879141242454352
465	248466	773	0.46924659587620493050863501593994
468	250069	778	0.46862152850306032503269193512097
471	251672	782	0.46823327857248836503245570384024
474	253275	786	0.4674828100155380417035644313728
477	254878	791	0.46666917244588412838623980860575
480	256481	795	0.46571434510498632697306220507016
483	258084	799	0.46608707142208194440513580047991
486	259687	804	0.46530648926190204539565797858813
489	261290	808	0.46508068297161908599690605115029
492	262893	813	0.46390700322631656105087927244313
495	264496	817	0.4636363341198779797203144426021
498	266099	822	0.46300342983038905719794797732902
501	267702	827	0.46275169086184420041973908155342
504	269305	832	0.4619436343320834637005134482024
507	270908	837	0.46130672147148221728940598040936
510	272511	842	0.46104194920309582439443829571246
513	274114	847	0.46179883579808261861998630593007
516	275717	852	0.46142334104871862709984497996629
519	277320	856	0.46153410080054996234011355227267
522	278923	860	0.46060659424100436343252340520849
525	280526	865	0.46048322063584296026661490941478
528	282129	869	0.46012444725160539515940172350383
531	283732	874	0.46078171353499819407062432219391
534	285335	878	0.45996184800197864595006080890016
537	286938	882	0.46027233361217401164111606703955
540	288541	886	0.4602321048332460029506307819247
543	290144	890	0.45979380629524263524032789973717
546	291747	895	0.45913083715809116513995036257256
549	293350	899	0.45854281890344517069735275072162
552	294954	904	0.45726776388507306414510367176263
555	296556	909	0.45763097623250376111414539082034
558	298159	914	0.45760460396606905675298548885621
561	299762	919	0.45724985525427569443834840967611
564	301365	923	0.4560293867248284560567128664843
567	302969	928	0.45520196859048750459564303127991
570	304571	933	0.45521530063856024961310708931705
573	306174	938	0.455156594312732587503944614582
576	307777	943	0.45523826172781739485273533318832
579	309380	947	0.45460893971095978072227694610774
582	310984	951	0.4543897507786642253613251796196
585	312587	955	0.45433277961708634640203285925963
588	314189	960	0.45482055870569215727527989656664
591	315792	964	0.45447202189430008223425261348893
594	317395	969	0.45466807309511958479220083972905
597	318999	973	0.45393776126059021125414005837229
600	320602	977	0.45377278580110286254623019885912
603	322205	981	0.45318285486678300255647400263115
606	323807	986	0.45306948825695791960299629863584
609	325410	990	0.45278909276037460074348928174004
612	327014	995	0.45313873978432073208466590585886
615	328617	1000	0.45254659321879370237340367566503
618	330220	1005	0.45282565550880393701049797527958
621	331822	1010	0.45202913899768326633221704469179
624	333425	1015	0.45212361742458134772348898877681
627	335029	1019	0.45243574469434427731684422724356
630	336632	1024	0.4521063467745354835791715686355
633	338235	1029	0.45106443111203908813422458479181
636	339838	1034	0.45085147651342133423568725447694
639	341440	1041	0.45072407041593498533416095597204
642	343044	1048	0.45118256578372384346664603071986
645	344647	1055	0.45132626074037107688496917035081
648	346250	1062	0.45116806840389772625954378781898
651	347853	1068	0.44996770579409184342978278436931
654	349455	1075	0.45026477659195118796731094334973
657	351059	1083	0.45004142527855661715108226417215
660	352662	1088	0.44922204703128504332809711740992
663	354265	1094	0.44938713976416222450893656059634
666	355868	1100	0.44818803787967470553255111553881
669	357471	1106	0.44800354787406254652992743103823
672	359074	1111	0.44730104905320583474903628484753
675	360677	1117	0.447138257931686156076978022611
678	362280	1123	0.44633359380914328085054876282811
681	363883	1129	0.44601764908120328234630846964137
684	365486	1134	0.44583919600859950316262825253943
687	367089	1139	0.4454956844218267986157400173397
690	368692	1143	0.44565012160447087241621488828969
693	370295	1148	0.44553354438017772620739265221346
696	371898	1153	0.44531374822735286800323706302152
699	373501	1158	0.44466404128862674349775829796272
702	375104	1162	0.44379227651932928733202743387665
705	376707	1167	0.44374083690157656301167321544199
708	378310	1172	0.44394778424880776412919658469036
711	379913	1178	0.44379701730876047749418944476929
714	381516	1183	0.44328383787655417647144417969685
717	383119	1188	0.44332794495084371089177466274123
720	384722	1194	0.44252950910474592172150209989923
723	386325	1199	0.44207705805396702025689137371955
726	387928	1205	0.4413761546507459221366787005536
729	389531	1211	0.44122057995442331979063510516426
732	391134	1216	0.44105404038053103166205914931197
735	392737	1222	0.4422668826275972797645863465732
738	394340	1228	0.44200629238067984383420139238297
741	395943	1233	0.44177577703025339150855188563582
744	397546	1238	0.44145174753783911203441903126077
747	399149	1243	0.44183758837940928509979698901589
750	400752	1248	0.44146073550703834875719167030184
753	402355	1253	0.44066862170060677739158450094692
756	403958	1258	0.43991332273743749547989523307479
759	405561	1263	0.43983785722401996798325285453757
762	407164	1268	0.44032268988961142941462867383962
765	408767	1272	0.44072845016115025362779533679713
768	410370	1277	0.43951672468028080142943281316548
771	411973	1281	0.43931377069706911697721807286143
774	413576	1285	0.43853781855805779033019575763319
777	415179	1290	0.43849825994340341228650004268275
780	416782	1294	0.43767532734090347501521023332316
783	418385	1298	0.43654932052416800525307394309493
786	419988	1303	0.4364725981894003736805132120935
789	421591	1307	0.43586722125200194621896798707894
792	423194	1311	0.43592499175655330390100061777048
795	424797	1316	0.43584351803960863502851452722098
798	426400	1320	0.43555744302514148857952136495442
801	428003	1325	0.43593847374724820076252740363998
804	429606	1330	0.43602668939435362815970620431472
807	431209	1335	0.43585016523056241410927214019466
810	432812	1340	0.43502029694827676342683275834133
813	434415	1345	0.43497499045004517359558349198778
816	436018	1350	0.43478476118517234150218087052053
819	437621	1356	0.43447334987734048672436415472475
822	439224	1361	0.43467996131965674910802022168355
825	440827	1366	0.43445699303905754851129472626781
828	442430	1370	0.4341374012514314095767531398451
831	444033	1374	0.43382389343890614963328289377387
834	445636	1378	0.43387475692770893775929152980098
837	447240	1382	0.43388750724147678861086774304567
840	448842	1387	0.43350989813984563969739838285022
843	450445	1391	0.43324397720476759410246359038865
846	452048	1395	0.4330181287119730937362760414544
849	453651	1399	0.43285263474145324602559981030936
852	455255	1404	0.43242292391259062878106078642304
855	456857	1408	0.43321433848618501327720764493279
858	458460	1413	0.43213451842542766057064795859333
861	460063	1418	0.4318825291140629962782782058639
864	461666	1423	0.43154870848178938924633030183031
867	463270	1427	0.43167116202069888419856624750537
870	464873	1432	0.43120955446779002384616319432098
873	466475	1437	0.43074658497631090892099336997489
876	468078	1442	0.4307081185198823880533325336728
879	469681	1447	0.43118340479313882473988428500888
882	471285	1452	0.4311156189371111446817508294771
885	472888	1457	0.43056785088250310034041490325762
888	474490	1461	0.43037643259329988465466954039584
891	476093	1465	0.43004329787258827044738040967786
894	477696	1470	0.42970701249155673906443553278223
897	479300	1474	0.42937859229173336306217834135168
900	480903	1478	0.42880827376302949049957646820985
