0	0	0	0.6931471805595997848215006342798
3	1663	264	0.68767875508291287367512722994434
6	3327	529	0.68234773960521699631698311350192
9	4990	844	0.67646593829782575291176272003213
12	6657	1163	0.67106101002371454367079195435508
15	8324	1479	0.66628236836913123930514757375931
18	9990	1797	0.66142175126419133768251867877552
21	11657	2105	0.65518860304557668960967475868529
24	13322	2411	0.64984255960578074517997038128669
27	14986	2839	0.64509254390531811651499083382078
30	16649	3272	0.64013006602267885636337041432853
33	18314	3712	0.63502007449564523700047402599012
36	19981	4134	0.63039411615816043354953990274225
39	21644	4503	0.62587957168218466552644940747996
42	23311	4858	0.62153228021263962066456087995903
45	24975	5229	0.61749652517964903619684946534107
48	26641	5578	0.61352296862302069246908331479062
51	28305	5939	0.61015384746592005171805794816464
54	29970	6248	0.60648119039712822253562762853107
57	31635	6549	0.60310412228686127722454557442688
60	33299	6851	0.59970720682423872549549059840501
63	34963	7152	0.59634669250954608354930996938492
66	36626	7463	0.59323699696502318889912430677214
69	38291	7818	0.59052638378162647381230954124476
72	39958	8193	0.58714255629940170777558705594856
75	41626	8555	0.58460701113656765581794161334983
78	43291	8907	0.58253966161830550429812092261272
81	44955	9264	0.57987631688709984079110881793895
84	46618	9580	0.5774048118394964346222764106642
87	48285	9886	0.57495798156517841093204879143741
90	49950	10188	0.57237069964009812395033804932609
93	51614	10490	0.56992595270277202068598398909671
96	53278	10789	0.5677536236959890292297359337681
99	54941	11095	0.56529534213609722304028082362493
102	56607	11451	0.56349389779103731257237086538225
105	58272	11800	0.56169906049020612570643606886733
108	59935	12155	0.5601604579934275074393212889845
111	61600	12511	0.55823507145254769312714415718801
114	63265	12869	0.55635125702316534646030277144746
117	64931	13176	0.55446205214920785131482716678875
120	66596	13476	0.55251020035699716093091637958423
123	68260	13790	0.55094435945226161166488054732326
126	69926	14097	0.54946837792637581721066908357898
129	71591	14407	0.54792928111545458058628810249502
132	73256	14739	0.54634292207556767184684076710255
135	74922	15089	0.54465633586980477520711474426207
138	76585	15456	0.54315668417006590651396891189506
141	78252	15806	0.54150572823948306400154706352623
144	79915	16155	0.53984538796278114247684243309777
147	81579	16474	0.5387077864925622350256162462756
150	83244	16782	0.53746733451140871196116677310783
153	84909	17089	0.53591631268061601378605018908274
156	86574	17390	0.53451719391503649259078656541533
159	88238	17697	0.53334023629072857541899566058419
162	89904	18004	0.53241567812225254474611801924766
165	91569	18354	0.53111550107232863293660329873092
168	93232	18721	0.52973882461383281494704533542972
171	94899	19083	0.52837612522901766798355538412579
174	96565	19441	0.52728355922491643159588647904457
177	98230	19790	0.52618665976488721014447946799919
180	99894	20096	0.52494496462751905063726098887855
183	101559	20397	0.52373517454677154248088299937081
186	103223	20695	0.52271860335214015425009392856737
189	104886	21001	0.52166763446984742991219263785752
192	106551	21305	0.52057588133435050981034919459489
195	108214	21595	0.51939380676638469136463527320302
198	109881	21866	0.51845415292071206359025836718502
201	111546	22136	0.51745123566309592089140778625733
204	113211	22409	0.51624437634797282203891199969803
207	114876	22674	0.51531110302384264265640467783669
210	116540	22944	0.5144257618616382421450339279545
213	118205	23238	0.51367929674671020112697306103655
216	119868	23538	0.51274101147894879382249655463966
219	121532	23840	0.51192491619731206320409455656772
222	123196	24140	0.51110948285918378353187563334359
225	124860	24448	0.51028730238721153877889946670621
228	126525	24751	0.50953547246336450271542162226979
231	128188	25174	0.50878529015648932265492021542741
234	129852	25597	0.50792187787288589628786894536461
237	131516	26033	0.50693170435453804856251736055128
240	133181	26469	0.50609541472517582949564030059264
243	134846	26830	0.50528714654325035393611642575706
246	136511	27190	0.50451543651085362096608832871425
249	138176	27547	0.50387824950575244020711807024782
252	139840	27908	0.50298155680117939692053141698125
255	141505	28268	0.50228424206634147974881443587947
258	143169	28580	0.50158870727698889879775379085913
261	144834	28881	0.5007295017425300587277092745353
264	146498	29182	0.50012553288602312751010003921692
267	148162	29480	0.49947151586185611904511461034417
270	149825	29795	0.49879581858933508264897227491019
273	151492	30063	0.49813431068842473070645837651682
276	153157	30334	0.49761361811782756081612433263217
279	154822	30597	0.49700276677660581992057586830924
282	156486	30859	0.49639702500883420288602110304055
285	158150	31124	0.49581788724271363966167314174527
288	159813	31392	0.49516186649214050108369633562688
291	161478	31692	0.49438806447595601278877097684017
294	163143	32007	0.49377378877614658270189806898998
297	164809	32327	0.49322743984541472794802530188463
300	166477	32646	0.49262530478962718305524504103232
303	168144	32948	0.49209709484608521457005281263264
306	169808	33248	0.49147185870383564010310806224879
309	171472	33516	0.49096239515847556189598321907397
312	173136	33793	0.49046408621368708935506219859235
315	174801	34058	0.48980285251575578220339934887306
318	176464	34328	0.48899044961946475096326025777671
321	178129	34590	0.48825345978672007873910843045451
324	179793	34866	0.48774664711534837513440265865938
327	181460	35169	0.48724131656772351472994841969921
330	183124	35476	0.48671412862769697360576515166031
333	184789	35793	0.4861877656058231633728894394153
336	186455	36104	0.48564262894898796441012223112921
339	188120	36413	0.48503245739782957501873283945315
342	189786	36721	0.4844479993789445604335242023808
345	191449	37162	0.48393601704894145809632277632772
348	193114	37609	0.48335630128428885843305806702119
351	194782	38037	0.48286494724623546526132145118027
354	196447	38461	0.48233881551933416309552171696851
357	198111	38828	0.48186547707222759928669120199629
360	199778	39185	0.48144890826830855079521143125021
363	201443	39532	0.48088199597545011609867060542456
366	203106	39898	0.48035534655850137264465615771769
369	204773	40249	0.47987312081066990643307690334041
372	206438	40555	0.47937739978672361251810229987314
375	208103	40859	0.47878672614897721526716622975073
378	209768	41157	0.47837109340948963387418757520209
381	211432	41453	0.47776874868616181490921235308633
384	213095	41767	0.4773091430350037689400721774291
387	214762	42126	0.47693084335059643397158879452036
390	216429	42481	0.4764427851395507951259844503511
393	218094	42830	0.47597792301044233864715238269127
396	219757	43179	0.47549708243304111832117087033112
399	221421	43529	0.47504150720473964364387597925088
402	223085	43834	0.47456886384129276512666706366872
405	224750	44134	0.47412849857546485177195449978171
408	226414	44440	0.47367854826578831284322745887039
411	228079	44740	0.47324545551132901621826931659598
414	229743	45040	0.47279819749062262923544608383963
417	231407	45346	0.47227831758325455879798937530722
420	233072	45613	0.47180996165571553735418319774908
423	234737	45878	0.47145320040269284023182194687251
426	236402	46141	0.47101302613798001761580280799535
429	238065	46415	0.47051476945855119637940333632287
432	239732	46677	0.47010718666072609517314617733064
435	241396	46944	0.46967595015331975449868195937597
438	243061	47258	0.46927082374065653969097411390976
441	244727	47563	0.46882747116713002766275053545542
444	246392	47869	0.46853719722733599972741558303824
447	248058	48176	0.4681074353717311620215468792594
450	249723	48483	0.46766209132223862665611591182824
453	251388	48781	0.4671971262368567745504321919725
456	253051	49047	0.46677334172060008787852325440326
459	254717	49308	0.46633722065094396214135485934094
462	256381	49567	0.46592333971061483666176172846463
465	258044	49828	0.46566725352301641116525843244744
468	259708	50103	0.46522178923056539678881904364971
471	261374	50370	0.46485437809372665007856539887143
474	263039	50674	0.46439954503045871581079495626909
477	264705	50972	0.4639323803965326176168559868529
480	266368	51271	0.46352293323327825591562145746138
483	268032	51577	0.46316610614776415610904791719804
486	269697	51890	0.4628122283464916608686223753466
489	271364	52197	0.46244330338542716241079233441269
492	273029	52663	0.46204963587540742731007981092262
495	274700	53103	0.46157908082677490124723362896475
498	276366	53532	0.46122153565742418646067335430416
501	278031	53954	0.46082206697748978596607116742234
504	279695	54310	0.46041231618759237420590579858981
507	281360	54662	0.46003777384371641323568269399402
510	283024	55013	0.459657653857625581039769713243
513	284687	55381	0.45926136696565295070016077261243
516	286354	55748	0.45886804270288034102165397598583
519	288020	56054	0.45857625554985836924259956504102
522	289686	56367	0.45823952958959268677574527828256
525	291352	56666	0.45787243037519881339036942335952
528	293016	56980	0.45753138229678025350466441523167
531	294682	57280	0.45713259892832025510500670861802
534	296346	57627	0.45679275875191449607370941521367
537	298013	57977	0.4564978521905299624350504927861
540	299676	58325	0.45606859687119316593140183613286
543	301340	58672	0.45570502728469119979592960589798
546	303004	59043	0.45535465040750811027692179777659
549	304671	59357	0.45498889608968218212226020114031
552	306337	59661	0.45465243518628878360843259542889
555	308002	59971	0.45433627114531205393177515361458
558	309667	60281	0.45402363469321821431989860684553
561	311332	60582	0.45368237170314862360953611641889
564	312996	60881	0.45329153087369827845876102401235
567	314660	61167	0.4529408341098846157990465144394
570	316329	61432	0.45250871988830665415548537566792
573	317993	61696	0.45222458526754133467662200018822
576	319656	61966	0.45199687063174093237805095668591
579	321321	62239	0.45173908738738721702077327790903
582	322988	62508	0.45138078980577411858376990494435
585	324653	62822	0.45106316548909958230595407258079
588	326320	63137	0.45073322011583533130973933111818
591	327986	63440	0.45047252013252342406346429015684
594	329651	63742	0.45019383263836026953796931593388
597	331315	64049	0.44986572832219656747909652949602
600	332980	64360	0.44954949043626191151901139164693
603	334645	64640	0.44924860774952851683039511954121
606	336312	64903	0.4488827821395416917127363376494
609	337975	65167	0.44854016636167570730719944549492
612	339639	65436	0.44828023687966961352557859754597
615	341304	65706	0.447963387624753406335287309048
618	342969	65977	0.44767535027013716231181206239853
621	344634	66278	0.44743332786656642152678386992193
624	346298	66599	0.44715004087431642343375415293849
627	347966	66897	0.44685110111647713404536830239522
630	349630	67217	0.44651905299877148181053598818835
633	351298	67524	0.4462874161929776262169866640761
636	352963	67818	0.44595877392198984834337238680746
639	354626	68083	0.44568099227279478480312491228688
642	356292	68356	0.44531110865785156205376438265375
645	357957	68632	0.44504649929517564599379397805023
648	359623	68899	0.44480630639388468727801750901563
651	361287	69169	0.44457529023767755615992314233154
654	362951	69444	0.44430122105139063792833553634409
657	364616	69754	0.44404590426426610028087793580198
660	366281	70066	0.44376322405854945474246164849319
663	367946	70376	0.44349135869574773938239786730264
666	369611	70679	0.44318000111945704544424984305806
669	371275	70988	0.44295650073602799157157505760551
672	372940	71396	0.44270848139986229696773989417125
675	374604	71818	0.44245917912821852713278758528759
678	376268	72252	0.44220436877397101271824908508279
681	377933	72683	0.44197408231335211237222893032595
684	379598	73078	0.44176367309525405024928090824687
687	381263	73438	0.44147833491835675179260078948573
690	382928	73792	0.44115588868512151110579111445986
693	384592	74153	0.44098864320596159460663443496742
696	386257	74508	0.44072278456584290662334524313337
699	387920	74821	0.44042269567119668449706182400405
702	389585	75134	0.44021080201056966840766904169868
705	391251	75450	0.43991718213901620515571266878396
708	392917	75771	0.43968524333003294879418376694957
711	394585	76073	0.43941270750706273862107309469138
714	396249	76382	0.43911561066845350431719907646766
717	397914	76651	0.43880001086822212341687077241659
720	399579	76920	0.43849644552975675093620111510972
723	401244	77190	0.43815960493956684906891041464405
726	402909	77455	0.4379177008926015135514830944885
729	404573	77726	0.43768848898332329833138487629185
732	406239	77998	0.43740359050873411916882105288096
735	407904	78308	0.43711269634117488891433822573163
738	409569	78622	0.43683027407138153019872106597177
741	411235	78952	0.43663756401309278265543412089755
744	412904	79262	0.43641944068554472391241461082245
747	414570	79568	0.43616087189387253708616754011018
750	416235	79875	0.43590169155474139950356970985013
753	417900	80151	0.43567003557413286340960212328355
756	419566	80432	0.43540086531752125731387081941648
759	421234	80699	0.43513793378547660495314630679786
762	422898	80972	0.43494707401826876447259451197169
765	424563	81237	0.43470876868713514973308065236779
768	426227	81508	0.43447821407457803966067899636982
771	427892	81823	0.43417203373305685021321664862626
774	429558	82131	0.43391941478353590611050094594248
777	431224	82442	0.43365649994383176357715115045721
780	432889	82750	0.43334738203409989276693181636801
783	434554	83050	0.43313214829144425221940650772012
786	436217	83337	0.43292690636637320977797571686096
789	437882	83620	0.4326853830792063426713411899982
792	439551	83887	0.43239927811401807078439674114634
795	441214	84151	0.43214533231052126849291994403757
798	442878	84415	0.43191910733055111082379085019056
801	444542	84687	0.43171740634117661272739496780559
804	446205	84969	0.43149066130594765366979004284076
807	447869	85275	0.43129674293547337615706283031614
810	449533	85599	0.43111060359134872888020595382841
813	451201	85913	0.43093749300055056439262557432812
816	452867	86222	0.43076117235356703449866699884296
819	454532	86537	0.43054316229195260801176914355892
822	456199	86981	0.43027268811741831155970317013271
825	457865	87406	0.43005831438991409809702304301027
828	459529	87831	0.42980339106360965217845659935847
831	461193	88257	0.42955577947655793069614560408809
834	462856	88623	0.42933017334997142233632416719047
837	464523	88982	0.42911992326219589033442503023252
840	466188	89344	0.42893076054503992411426338549063
843	467853	89705	0.42871482867915250425383533183776
846	469518	90066	0.42847713178972524072918304227642
849	471183	90373	0.4282145002236999453693044870306
852	472849	90690	0.42798552076088913764806420658715
855	474515	90998	0.42776761369535748480430470408464
858	476180	91308	0.42756432775285546643573297842522
861	477845	91617	0.42731019946047993363080763629114
864	479510	91919	0.42705917679801358444180436890747
867	481174	92295	0.42678599537142708486570086279244
870	482842	92655	0.42659382657807226602031391848868
873	484507	93022	0.42636271786834661901011145346274
876	486174	93384	0.42616289253315930984911119594472
879	487839	93724	0.42595325598672217903839509745012
882	489503	94031	0.42567397845479776341548472373688
885	491168	94338	0.42554562426252401374782152743137
888	492833	94641	0.42535727162299385994970180036034
891	494496	94949	0.42515080551379247353338541870471
894	496161	95254	0.42492825568412512238225531291391
897	497826	95517	0.42475562646709524861066142875643
900	499489	95781	0.42456104343830586289598727489647
