0	0	0	0.6931471805595997848215006342798
3	1605	16	0.68744172363724243002280900327605
6	3211	32	0.68038369864701930822548092692159
9	4817	49	0.67562611153134344288417878487962
12	6423	66	0.66957281054919193241659058912774
15	8029	82	0.66497479128565628592184566514334
18	9635	99	0.65501563511071736467528126013349
21	11241	118	0.6507274464048159456908138054132
24	12846	137	0.64433921528933790767723621684127
27	14453	156	0.63820767336653494439246969704982
30	16058	175	0.63366295364095748254840145818889
33	17664	194	0.63012635370213621044399587844964
36	19270	213	0.62810912807566743332188252679771
39	20876	232	0.62472848629776034368177306532743
42	22482	251	0.62099112844497483809647064845194
45	24088	271	0.61576392409007429940004385571228
48	25694	287	0.61343456429511789007591460176627
51	27299	304	0.61120062503579386525842664923402
54	28905	321	0.60697788966934573817724185573752
57	30512	338	0.60354296733304613198356491921004
60	32117	354	0.59969294428026576060375418819604
63	33723	371	0.59669014951097976151572765957098
66	35329	387	0.59265529062438326857176207340672
69	36935	404	0.58846477865436075394001136373845
72	38541	420	0.58603546520744242975808901974233
75	40147	436	0.58435750409202469324299045183579
78	41753	455	0.58196353711759973847961191495415
81	43358	475	0.57986200171159663074860191045445
84	44964	494	0.57736751837628397243662448090618
87	46570	513	0.57633166462101359517333776238956
90	48176	532	0.57563071927197917432295071193948
93	49782	550	0.57401835662755684719371629398665
96	51388	569	0.57111739920874160514330242222059
99	52994	588	0.56844296321490650480967588009662
102	54600	607	0.5672201889605132940630483062705
105	56206	626	0.56378807275549414068649412001832
108	57811	643	0.55965935824591350744583451159997
111	59417	659	0.55865394781623267661530007899273
114	61023	676	0.55710491304359099906662322609918
117	62629	693	0.55530101687540389665542761576944
120	64235	710	0.55501495657381805237662319996161
123	65841	726	0.55360640857772969170014221163001
126	67447	744	0.55160049771721475497798792275717
129	69052	760	0.55151908121338766299857070407597
132	70659	777	0.55009668062451633208098655813956
135	72265	793	0.54877348401776404607232962007402
138	73870	812	0.54765078901519925747010120176128
141	75476	832	0.5453774251802849803993922250811
144	77082	851	0.54419513051726287056197861602413
147	78688	871	0.54315812962663057028578350582393
150	80294	891	0.5425990170750393248866316753265
153	81900	910	0.54265115067224212186403065061313
156	83506	929	0.54179696408238287030911806141376
159	85112	947	0.54053027380733298379311690950999
162	86718	968	0.53993837075366446498492223327048
165	88324	995	0.53831958056262230183364181357319
168	89929	1021	0.53653288226189310705649404553697
171	91535	1047	0.53504007248832985421671537551447
174	93141	1073	0.5341350410135271564726622273156
177	94747	1101	0.53277663694602106492226312184357
180	96353	1127	0.53054743351407296358956955373287
183	97959	1155	0.53020495593818683932596513841418
186	99565	1176	0.52964884479307960951643963198876
189	101171	1199	0.52839584855027754706213727331487
192	102777	1221	0.52666939586124161820634981268086
195	104383	1244	0.52555801510487332173227059683995
198	105988	1267	0.52421970857580046931900596973719
201	107594	1289	0.52324364096292541592703173591872
204	109200	1311	0.52163820378148872958234960606205
207	110806	1333	0.52056630752433541431400954024866
210	112412	1352	0.51885490297911640578121250655386
213	114018	1370	0.51793988921656597401721455753432
216	115624	1389	0.51705421844344423565331680947565
219	117229	1408	0.51600957925622992217284945581923
222	118836	1428	0.51535090864722377101969641444157
225	120442	1446	0.51462457246299009305801064328989
228	122047	1466	0.5139207591817454012783628058969
231	123653	1485	0.51227366511988814412603687742376
234	125259	1504	0.51151664363618443154280157614266
237	126865	1523	0.51076977565935688385678759004804
240	128471	1540	0.50942571294706517903705389471725
243	130077	1557	0.50822433910755537844750051590381
246	131683	1574	0.50736754466733213764229049047572
249	133289	1591	0.50656208091422061379205388220726
252	134895	1608	0.50570524761732771334976632715552
255	136501	1625	0.50468520420506945978189605739317
258	138106	1642	0.50377917689054119154690170034883
261	139712	1659	0.50290621091030074385486159371794
264	141318	1676	0.50223760664102889972326693168725
267	142924	1693	0.50171556788496374235108987704734
270	144530	1712	0.50147118475478513754950427028234
273	146136	1731	0.50045358247971005738463645684533
276	147742	1749	0.49982968809729538817165916952945
279	149348	1769	0.49939852427961750613860658631893
282	150954	1788	0.49913415351087253579720481866389
285	152560	1807	0.49841501527961051820625471009407
288	154165	1826	0.49756155483175584786081913080125
291	155771	1846	0.49713457933949301015275068493793
294	157377	1865	0.49659558827883149012549779399706
297	158983	1882	0.49628901345433867886569601068913
300	160589	1899	0.49572770046836922563926464135875
303	162195	1916	0.49469007038678347587534744889126
306	163801	1933	0.49378160440485990845260744208645
309	165406	1951	0.49303260899075296297411341583938
312	167013	1968	0.49237826045925742191045060280885
315	168618	1984	0.49231366257913683481817201936792
318	170224	2001	0.49160820528647497518193176802015
321	171830	2017	0.49089189894696338978263838725979
324	173436	2034	0.49057484020207764441323661230854
327	175042	2053	0.48999810247048575240214063342137
330	176648	2072	0.48938504206216609793145266849024
333	178254	2091	0.48877399252866099432779378730629
336	179860	2109	0.48813359105064990650646450376371
339	181465	2128	0.48763957492000825633127192304528
342	183072	2148	0.48690716230978869916157236730214
345	184677	2166	0.48703450740445097810749075506465
348	186283	2186	0.4865458706083699569333589352027
351	187889	2205	0.48588046228134446069546470425848
354	189495	2232	0.48527594712283028677290985797299
357	191101	2258	0.48416996467233058831780567743408
360	192707	2285	0.48340735850016153252184381017287
363	194313	2311	0.48257897465543514448071960032394
366	195918	2338	0.4819612254156770414503796473582
369	197524	2364	0.48153813819203067358998282543325
372	199131	2391	0.48067299501193999633485987033055
375	200736	2414	0.48021926856921970383496045542415
378	202342	2435	0.47959948012425679397807698478573
381	203948	2457	0.47909659799372977806442008841259
384	205554	2480	0.47914385245334012441986715202802
387	207160	2501	0.47853478746211136618526893471426
390	208766	2523	0.47803599602994073514139472536044
393	210372	2545	0.47794534103057084717391944650444
396	211977	2567	0.47744887803800373227147701982176
399	213583	2586	0.47675622514437077104076934119803
402	215189	2604	0.47622291859966192628661474373075
405	216795	2623	0.47606382236208383273989852568775
408	218401	2642	0.47566319687713354280589328482165
411	220007	2661	0.47509159240803089385707380642998
414	221613	2680	0.47459960706417203546436667238595
417	223219	2699	0.47437879441352570619727657685871
420	224825	2718	0.47410653199209595864971333867288
423	226430	2736	0.47365291434072193110793591586116
426	228036	2755	0.47302804976140933046480085977237
429	229642	2777	0.47273351436735649988563068291114
432	231248	2799	0.4726932219650373800945430957654
435	232854	2821	0.47220561584452058756511405590572
438	234460	2844	0.47199274680971758932912507589208
441	236066	2865	0.47157860775545784592921449984715
444	237672	2887	0.47134163588290900470667565969052
447	239278	2909	0.47068253936540355164552806854772
450	240884	2932	0.47013171505670492411610439376091
453	242489	2950	0.46962342198251816327569940767717
456	244095	2969	0.46901638276824830775524333148496
459	245701	2988	0.46893094823257031045216081110993
462	247307	3007	0.46883048607040250788102753176645
465	248913	3026	0.46826425990385961428685845930886
468	250519	3045	0.46762571428243959736903434531996
471	252125	3064	0.46759191794920740292695882089902
474	253731	3084	0.46680480493054765656069093893166
477	255337	3103	0.46626969542929697087885188011569
480	256943	3125	0.4662957423911872067989747847605
483	258548	3146	0.46576003962616330245083418049035
486	260154	3169	0.46554451152510140099494151399995
489	261760	3191	0.4651765582771861251565326256241
492	263366	3213	0.46482109845432673100873444127501
495	264972	3236	0.46493761162679780873929757945007
498	266578	3258	0.46447682728507871940948348310485
501	268184	3280	0.46393735361005622452879038064566
504	269789	3302	0.46354594460053166748991770873545
507	271396	3321	0.46303418950310998303265819231456
510	273002	3340	0.46256666015967073946058008004911
513	274607	3359	0.46229580143397092095725042781851
516	276213	3378	0.46191737821077549774884118960472
519	277819	3396	0.46142406260698870523739856253087
522	279425	3415	0.46109934774411132085703002303489
525	281031	3434	0.46054648875991466283608133380767
528	282637	3453	0.46014307743824228724704994419881
531	284243	3472	0.45951961793104817433075481858396
534	285848	3494	0.45865291206491504150122295868641
537	287455	3516	0.45827814060206917279316485291929
540	289060	3539	0.45762293988659857868483982201724
543	290666	3561	0.45718959270546799533718740349286
546	292272	3582	0.45639951760824587490006365442241
549	293878	3604	0.45602136116159519563240110073821
552	295484	3626	0.45607530505049792557414889415668
555	297090	3648	0.4558657212800115154927027560916
558	298696	3667	0.4553343153362481299240016596741
561	300302	3686	0.45477280144240050940851460836711
564	301907	3706	0.4544654961509535517905078449985
567	303514	3725	0.45416418126033536450947281082335
570	305119	3744	0.45357440350226446712511574332893
573	306725	3763	0.45299341325750641651382011332316
576	308331	3783	0.4525957239626754446959466804401
579	309937	3801	0.45197951283124765398113709125028
582	311543	3820	0.45134012579853233226856445980957
585	313149	3839	0.45150835275701700632922097611299
588	314755	3862	0.4513300101800767349935483707668
591	316360	3883	0.45080923903695951926451357394399
594	317966	3906	0.45062967687759641899347684557142
597	319572	3928	0.45022627640900464429662974907842
600	321178	3951	0.4500156486166265179527101736312
603	322784	3973	0.44949087372796930894836009429127
606	324390	3995	0.44915594385648782704834047763143
609	325996	4017	0.44857269687617140618840494425967
612	327602	4035	0.44826996591945422743208382598823
615	329208	4054	0.44812550936380568522565681632841
618	330814	4073	0.44749329521143821342121782436152
621	332420	4092	0.44725272766687768077886744322313
624	334025	4111	0.44696165043780522463379156761221
627	335632	4131	0.44679413691007696662893522443483
630	337237	4149	0.44620263309958652087061636848375
633	338843	4168	0.44600165331204888463645374940825
636	340449	4187	0.44581894939719979298331509198761
639	342055	4208	0.44563690823437185350996969646076
642	343661	4230	0.44561149207180272835415735244169
645	345267	4253	0.44531021001083376242846156856103
648	346873	4275	0.44504275903209267184479358547833
651	348479	4298	0.44486452429684347764649032797024
654	350084	4320	0.44463244314402727841439855183125
657	351691	4342	0.44427615471702336380488418399182
660	353296	4365	0.44388580045628028836190992478805
663	354902	4383	0.44349316789606629818365490791621
666	356508	4402	0.4434042026955274384825145261857
669	358114	4421	0.44327253000677663274942119642219
672	359720	4439	0.44270932466503454261186334406375
675	361326	4458	0.442596347089293962184797237569
678	362932	4477	0.44221487861226987936547061508463
681	364538	4496	0.44171090824593556289912044121593
684	366143	4515	0.44154249220029817557531259808457
687	367750	4534	0.44150625990393915776266453576682
690	369355	4554	0.44148458772666471228163231899089
693	370961	4575	0.44114044996719425917319767904701
696	372567	4597	0.4408228943937622101856277367915
699	374173	4619	0.44046380554832231801754005573457
702	375779	4641	0.44020019313338504263199979504861
705	377385	4663	0.44001074007817508881856838343083
708	378991	4685	0.43989989515942151676597404730273
711	380596	4707	0.43970537366789830269198091627914
714	382202	4729	0.43956410252468569588302216288866
717	383809	4748	0.43916897978419117132276028314664
720	385414	4767	0.43884791850431825732670176876127
723	387020	4787	0.43875445523696332550400711625116
726	388626	4806	0.4387597235233372527929418538406
729	390232	4825	0.43872013676959070727079392781889
732	391838	4844	0.43858249159598511335289572343754
735	393444	4864	0.43840012969110914164971859463549
738	395050	4883	0.43828773565515555254989976674551
741	396655	4901	0.43772328538334759340244772829465
744	398261	4923	0.43760057784820516335599904778064
747	399868	4944	0.4373407727293953661806824584346
750	401473	4966	0.4367722651363751817932268295408
753	403079	4988	0.43670397241261321719107968419848
756	404685	5010	0.43658962682253993348169274213433
759	406291	5033	0.4363247352744970553040104732645
762	407897	5055	0.43600032502870178507947684920509
765	409503	5077	0.43596492852602597434241715745884
768	411109	5097	0.43598650919010983884049892367329
771	412715	5116	0.43548839280758155911854601072264
774	414320	5135	0.43510782735445491242742832582735
777	415927	5154	0.43492598560967565823887071019271
780	417533	5172	0.43464097655075489834430868540949
783	419138	5191	0.43441624093695813124682558736822
786	420744	5210	0.43428816807935205490664998251304
789	422350	5230	0.43401416503373535515919456884149
792	423956	5249	0.43370788837930374093332375196042
795	425562	5268	0.43354742476206592494136771165358
798	427168	5290	0.43314633186777917739362919746782
801	428774	5312	0.43312737769995174330617260238796
804	430379	5335	0.43273973094965700880720760324039
807	431986	5357	0.43277813411351495620493778915261
810	433591	5380	0.4326248938518323372548479710531
813	435197	5402	0.43208966382967545216686744424806
816	436803	5424	0.43193210879620397291134281658742
819	438409	5445	0.43192836964743214211992494711012
822	440015	5465	0.43178023630763812112931532283255
825	441621	5484	0.43141747828017240617981542527559
828	443227	5503	0.43127638550167651798616930136632
831	444833	5523	0.43084999571876447799212428435567
834	446438	5542	0.43070561927828249215721712062077
837	448045	5561	0.43033522495462400714316686389793
840	449651	5579	0.43008878711711823195074089198897
843	451256	5598	0.43000263137726407736138867221598
846	452862	5617	0.429620726380698647606237727814
849	454468	5639	0.42950750510575713692063004600641
852	456074	5661	0.42914381566548870372557189512008
855	457680	5683	0.42899240473030841869217510975432
858	459286	5705	0.42881493142223431336290673243639
861	460892	5728	0.42869078104155405872788264787232
864	462497	5751	0.42835069301105005434848749246157
867	464104	5772	0.42833130890455434203190066000388
870	465710	5794	0.42814062483673315240295664807491
873	467315	5817	0.42775835377077353616215305009973
876	468921	5836	0.42744017448477611420543098574854
879	470527	5855	0.42732261678956373618376574086142
882	472133	5875	0.42716448548350133274098539004626
885	473739	5893	0.42689705865207755453027971270785
888	475345	5911	0.42684254100042029467232396200416
891	476951	5930	0.42679844099193237072498163797718
894	478556	5949	0.42633360249569735023200678369903
897	480163	5968	0.42602424426356672038096462529211
900	481768	5986	0.42603121445769637221090420098335
