0	0	0	0.6931471805595997848215006342798
3	8010	0	0.68263722794418302264318754168926
6	16020	0	0.66736362916347646834225315615186
9	24030	1	0.65600191387283346422520935448119
12	32041	1	0.64587521282040727399476054415572
15	40051	2	0.63439604708748376094007426218013
18	48061	2	0.62084984431864043141757747434895
21	56072	3	0.63416093591589850486656132488861
24	64082	3	0.64534652639290546183303831639932
27	72092	4	0.63218023999349759467492049225257
30	80103	4	0.62118037180063057078882593486924
33	88113	5	0.60844776358413499295352266926784
36	96123	5	0.6217769029933341018434589386743
39	104134	5	0.61822574572072519494270181894535
42	112144	6	0.61669354470724935257663901211345
45	120154	6	0.61420785909673902835947956191376
48	128164	6	0.60148874922129813569426914909855
51	136175	7	0.58071644217503670670765814065817
54	144185	7	0.57253102550980117246837153288652
57	152195	8	0.56719977839185042878256126641645
60	160206	8	0.5705925205250652609834105533082
63	168216	9	0.57124972949332541993783252110006
66	176226	9	0.56669542378150761230415355385048
69	184237	10	0.56999486163604506927526927029248
72	192247	10	0.57660189760240454504014451231342
75	200257	10	0.5738664185047279708840051171137
78	208268	11	0.58243399389377159547365181424539
81	216278	11	0.58891922241383010128146224815282
84	224288	12	0.59671340553209506474274803622393
87	232299	12	0.58375028837850140295273604351678
90	240309	13	0.57265224501068057172403769072844
93	248319	13	0.58183579038550492512626988172997
96	256329	13	0.59158394585793583342336887653801
99	264340	14	0.58535665152194027438525836259942
102	272350	15	0.57364825408261732597736681782408
105	280360	15	0.56190502071476711165587403229438
108	288371	15	0.5625801107467464090561293232895
111	296381	16	0.55983302088017095066163619776489
114	304391	16	0.54781462682069403946627517143497
117	312402	17	0.54680036604854387327634412940824
120	320412	17	0.55239009329221955280075917471549
123	328422	17	0.54694214757524406422817264683545
126	336433	18	0.54590844448449704628956169472076
129	344443	18	0.54615843571905864362037164028152
132	352453	19	0.54815497216790154411114599497523
135	360464	19	0.54151339055262559529779764488922
138	368474	20	0.54272658586586364215520461584674
141	376484	20	0.54331704945660852512645533352043
144	384494	20	0.54349823515216366676128245671862
147	392505	21	0.54229014918289397684247887809761
150	400515	21	0.54355999111637753884451740304939
153	408525	22	0.54436989523764189868870744248852
156	416536	22	0.54739693187391968987043355809874
159	424546	23	0.55435144148144033238168049138039
162	432556	23	0.55256212646794622411761110924999
165	440567	24	0.54659577541641446440934259953792
168	448577	24	0.54233605785632177376243134858669
171	456587	25	0.54292341407931610230974683872773
174	464598	25	0.53911011343291859176929392560851
177	472608	26	0.54083116673182229927618891451857
180	480618	26	0.54655511504572917846900281801936
183	488629	27	0.54790825274149124179956515945378
186	496639	27	0.55009976377012059778337516036117
189	504649	27	0.55604272954643318982448363385629
192	512659	28	0.56051150101216085097632912948029
195	520670	28	0.5599922690555323434580259345239
198	528680	28	0.55805215221764836730500292105717
201	536690	29	0.55912832751949870235819162189728
204	544701	29	0.55368399177697524837782339091063
207	552711	30	0.55954225687322689530844854743918
210	560721	30	0.55520604202200241061859742330853
213	568732	31	0.55859475326859009403079880939913
216	576742	31	0.55076155475533417060773899720516
219	584752	32	0.55135860517476642517209484140039
222	592763	32	0.55089960393306081076758573544794
225	600773	33	0.54682915463486081453226006487967
228	608783	33	0.55192484371858940850330554894754
231	616794	34	0.55913968758637588862825396063272
234	624804	34	0.56683745765503534830287435397622
237	632814	35	0.56348074188266861206386693083914
240	640824	35	0.55459895480564713743376614729641
243	648835	36	0.55827424684023174705771452863701
246	656845	36	0.54833613318461771335421417461475
249	664855	36	0.54486795312609204167131338181207
252	672866	37	0.53425999784715305640503402173636
255	680876	37	0.53800468510202448246815265520127
258	688886	38	0.53972870013232399077907075479743
261	696897	38	0.53983569910826234572454040971934
264	704907	39	0.53831241687795694517149058810901
267	712917	39	0.53578840622020473816178309789393
270	720928	40	0.53622840833219675982235230549122
273	728938	40	0.54094753545044937936836504377425
276	736948	40	0.54512574801290492043648328035488
279	744959	41	0.54107905575427006628075332628214
282	752969	41	0.5374422178458218013474834151566
285	760979	42	0.54397189379477650650329678683192
288	768989	42	0.53507515072050759741273395775352
291	777000	43	0.52996679872624841145523078012047
294	785010	43	0.52615009904646359295554702839581
297	793020	43	0.52345242469958441766664236638462
300	801031	44	0.52233717735701024054151275777258
303	809041	44	0.51906125747772702272442302273703
306	817051	45	0.52684553114493593017897410391015
309	825062	45	0.5254698608146418647990572026174
312	833072	46	0.52487030999008266185512638912769
315	841082	46	0.52218624674021330012152475319454
318	849093	47	0.51787409260548589173822620068677
321	857103	47	0.51606791282795227981949892637203
324	865113	48	0.50950919881048073456497604638571
327	873124	48	0.5111242736320698032415066336398
330	881134	48	0.50989690332477455303461510993657
333	889144	49	0.51135422167344779520448128096177
336	897154	49	0.51141918980469402988831006950932
339	905165	50	0.51012142406888549839294455523486
342	913175	50	0.5053428727884897719846435393265
345	921185	51	0.50585581706674287438829651364358
348	929196	51	0.5079931595877821282059016994026
351	937206	52	0.51142879441793998029908152602729
354	945216	52	0.51262313798059577774068884536973
357	953227	53	0.51135298757639746636272093383013
360	961237	53	0.51492935096988901033654428829323
363	969247	54	0.50773024716055137339765224169241
366	977258	54	0.50517297310450059999453742420883
369	985268	55	0.50797743536625594718003640082316
372	993278	55	0.50063871267492587868730424816022
375	1001289	55	0.50418380907776250143825791383279
378	1009299	56	0.50528573293567879964882649801439
381	1017309	56	0.50788100341865649589578879385954
384	1025319	57	0.50349624330279829642620370577788
387	1033330	57	0.50616385531522589680264445632929
390	1041340	58	0.50615052640203894718240462680114
393	1049350	58	0.50716306311774006498893641037284
396	1057361	59	0.49734813634551816585727124220284
399	1065371	59	0.50222644324549881034158715920057
402	1073381	60	0.49903675551168713564464951559785
405	1081392	60	0.50154288948829206518098544620443
408	1089402	61	0.49957897281329788352621790181729
411	1097412	61	0.50081434306012762025517304209643
414	1105423	61	0.5081374515098635580301333902753
417	1113433	62	0.50682414786093044067882829040173
420	1121443	62	0.50654106843718504915585754133645
423	1129453	63	0.50684561483278955940079413267085
426	1137464	63	0.50446866017364422329904982689186
429	1145474	64	0.50112509174959751767630677932175
432	1153484	64	0.49937627995112837675506511914136
435	1161495	64	0.50412985281317201913253711609286
438	1169505	65	0.50564391058209068319229118060321
441	1177515	65	0.5111697799993297763876398676075
444	1185526	66	0.50575297190317847206841861407156
447	1193536	66	0.5035192875339656870536941823957
450	1201546	67	0.49389992638888852161116460592893
453	1209557	67	0.49462308628245771346954029468179
456	1217567	67	0.49636819049668662318097744901024
459	1225577	68	0.49744787827189024254082028164703
462	1233588	68	0.49415449681890083466484497876081
465	1241598	69	0.49447477879672319112103195948293
468	1249608	69	0.49329975791696412112941061423044
471	1257618	69	0.49271153640403070328446233361319
474	1265629	70	0.4954388810902172757266725966474
477	1273639	70	0.49558537590712409270921057213855
480	1281649	71	0.49336319454517818527961026120465
483	1289660	71	0.49079101714192258087976483693637
486	1297670	72	0.48989215946820668934336140409869
489	1305680	72	0.48869500814432575985790663253283
492	1313691	73	0.48945390095535185048802873097884
495	1321701	73	0.49050634366528195196011097323208
498	1329711	74	0.49561317835807117138102739772876
501	1337722	74	0.49835947743544867227782901863975
504	1345732	74	0.50382222020809519502648754496477
507	1353742	74	0.50174863144331494080319089334807
510	1361753	75	0.50281800308815438604881364881294
513	1369763	75	0.5003521845888915242639427560789
516	1377773	76	0.49400857901523520521180898867897
519	1385783	76	0.49626001846376932569171458453638
522	1393794	77	0.50283048872134128437494382524164
525	1401804	77	0.50688256196324588120916132538696
528	1409814	78	0.5054388408384321573763031665294
531	1417825	78	0.50605507707111918591635912889615
534	1425835	79	0.50111931249442787095205176228774
537	1433845	79	0.49877016925382411383083081091172
540	1441856	79	0.49794762166432310346309009219112
543	1449866	80	0.49323766976397620531713528180262
546	1457876	80	0.49536097854152083552747853900655
549	1465887	81	0.49337385017207846527043102469179
552	1473897	81	0.48592773469485550652535721383174
555	1481907	81	0.48872849201492823967285517028358
558	1489918	82	0.48761653737952542764233498928661
561	1497928	82	0.48934600216172796649516385514289
564	1505938	83	0.48639722276170532788697187243088
567	1513948	83	0.48792397165929068947320956795011
570	1521959	84	0.48821743141271689570004355118726
573	1529969	84	0.48492146488324278097437058931973
576	1537979	84	0.48557846061913129132037170165859
579	1545990	85	0.4858717883694811945360925165005
582	1554000	86	0.48753571509254423066437311717891
585	1562010	86	0.48839199892191975660438174600131
588	1570021	87	0.49182444373383737978855378969456
591	1578031	87	0.48760348394055041953976115109981
594	1586041	87	0.48858545226376631775977443794545
597	1594052	88	0.48003015919775765540933321062766
600	1602062	88	0.47998640855493607260129351743672
603	1610072	89	0.47823736493440488493078532883374
606	1618083	89	0.47815288731468119642897818266647
609	1626093	89	0.47555439289222450893745985922578
612	1634103	90	0.47380345724730099643551284316345
615	1642113	90	0.46996760365468009945644212166371
618	1650124	91	0.47001979184889325358298606261087
621	1658134	91	0.47212851786088178007716464890109
624	1666144	92	0.4730091622111610161205419444741
627	1674155	92	0.47255072821950977468574706108484
630	1682165	93	0.47740189891286766155076293216553
633	1690175	93	0.47905610135271192717709709540941
636	1698186	93	0.48226983587756711013838639701135
639	1706196	94	0.48153930575117015466801717593626
642	1714206	94	0.48021293054970909386369726234989
645	1722217	95	0.47813283481729695889583808821044
648	1730227	95	0.47867255360991839419071425254515
651	1738237	96	0.48215369803241320267872538352094
654	1746248	96	0.47674150861675407275797056172451
657	1754258	97	0.47295341694863290982198122947011
660	1762268	97	0.47136945658458273555879713967443
663	1770278	97	0.47134201677634857130527734625502
666	1778289	98	0.48066424743352786919103891705163
669	1786299	98	0.47557691976838167846608484978788
672	1794309	99	0.47326570093347958279039744411421
675	1802320	99	0.47304802225777892177305261611764
678	1810330	100	0.47820012835621533708874153489887
681	1818340	100	0.47660983233300507899699027802853
684	1826351	101	0.4755066315147463140711181495135
687	1834361	101	0.47919220351401442536953823037038
690	1842371	102	0.48362011668219850868410958355526
693	1850382	102	0.49001342989509133474257396301255
696	1858392	102	0.49689021206680122899612683795567
699	1866402	103	0.49779760369132985964313320437213
702	1874413	103	0.49966212484541899785384089227591
705	1882423	104	0.50892161651773282216026927926578
708	1890433	104	0.51303795761816961551460281043546
711	1898443	105	0.5053120403430566565106119014672
714	1906454	105	0.49172271150323787480829196283594
717	1914464	105	0.48825912581600522388569629583799
720	1922474	106	0.48041430154441633337825123817311
723	1930485	106	0.47773838471496482549483175716887
726	1938495	107	0.47695784326539375497233663736552
729	1946505	107	0.47613010589297305452660680202825
732	1954516	108	0.47171574863611775985106078223907
735	1962526	108	0.46424972912695172677643995484686
738	1970536	108	0.46312019559487399567032639424724
741	1978547	109	0.46168058037118980818647173691716
744	1986557	109	0.46052672590006266117867994580592
747	1994567	110	0.46141462672457572713469176051149
750	2002578	110	0.46677340448347970358611291885609
753	2010588	111	0.46458048089657344448255571478512
756	2018598	111	0.46720466364847845763819123021676
759	2026608	112	0.46836731592321623196539803757332
762	2034619	112	0.47033427420225976112178045696055
765	2042629	112	0.47230586240698152478145743771165
768	2050639	113	0.47383234345591340730408091985737
771	2058650	113	0.47332717116928785250351552349457
774	2066660	114	0.47648762609948752677624383977673
777	2074670	114	0.46690935225160540289479627062974
780	2082681	115	0.46988865043325533932261350855697
783	2090691	115	0.47571796046587122575033390603494
786	2098701	115	0.47440785129131218811338044361037
789	2106712	116	0.47329639200625367445596225479676
792	2114722	116	0.47346579883477513117640000928077
795	2122732	117	0.47223260764705132785934438288677
798	2130742	117	0.46959935905348915152757172108977
801	2138753	118	0.46582250557191895445896534511121
804	2146763	118	0.4609866548539474639945012768294
807	2154773	119	0.46151519072143643018790726273437
810	2162784	119	0.46193015049228175472606494622596
813	2170794	120	0.46041034285746762488855665651499
816	2178804	120	0.45930049538538758602257416896464
819	2186815	121	0.46026964533149716807258755579824
822	2194825	121	0.45993528877458877968109618450399
825	2202835	121	0.46090317386707657654199010721641
828	2210846	122	0.4592775496724482153787505467335
831	2218856	122	0.45905181966209307464765743134194
834	2226866	123	0.45891525972381724818305315238831
837	2234877	123	0.45764240969578662276973091138643
840	2242887	123	0.45987222634754199024342824486666
843	2250897	124	0.46177305003378560366300575878995
846	2258907	124	0.4600494163058713170677549442189
849	2266918	125	0.45813642234078955084441986400634
852	2274928	125	0.45827505181862338012876989523647
855	2282938	126	0.4612494907570567903576375101693
858	2290949	126	0.4593364565220123818534148085746
861	2298959	127	0.46061721672645655756284099879849
864	2306969	127	0.46080146418046857847983233114064
867	2314980	128	0.46280300992218748046269638507511
870	2322990	128	0.45967291924809877690094594981929
873	2331000	129	0.45945877974902676887936081584485
876	2339011	129	0.45825078404122437936152323345596
879	2347021	129	0.45502240368782542745407226902898
882	2355031	130	0.45290656838483345225654375099111
885	2363042	130	0.45384681875925525496029422356514
888	2371052	131	0.45120555306161630459982347929326
891	2379062	131	0.45154546107403797927659638844489
894	2387072	132	0.44959835346470605754731764136523
897	2395083	132	0.44932492621511682662216458084004
900	2403093	133	0.44836403810537134306812845352397
