0	0	0	0.6931471805595997848215006342798
3	1602	0	0.68305978700035141493174251081655
6	3204	0	0.65014792075927363423915039675194
9	4806	1	0.64297668597148049940415148739703
12	6408	1	0.64557031732371150667404435807839
15	8010	2	0.63663947902151829527639392836136
18	9612	2	0.62599243761900202898118550365325
21	11214	3	0.62798411817099641929473818890983
24	12816	3	0.63208001955763160051304794251337
27	14419	3	0.61720898024706760676139083443559
30	16021	4	0.6053273079487742069915157117066
33	17623	4	0.5953369207617741354354734539811
36	19225	5	0.59320177862442824423538922928856
39	20827	5	0.58868800683956512553862694403506
42	22429	6	0.5863202552230006858735578134656
45	24031	6	0.5877061529432967557085021326202
48	25633	7	0.58796769286536665344300445212866
51	27235	7	0.57633189674245210998293487136834
54	28837	8	0.57347487924332996023224495729664
57	30440	8	0.5786784548796743976595280400943
60	32042	8	0.57057627349226203161691728382721
63	33644	9	0.56855427114414536227116059308173
66	35246	9	0.56977026209764469744101234027767
69	36848	10	0.56571200864779902506285225172178
72	38450	11	0.57172209748353153280220340093365
75	40052	11	0.58294175561190009204892703564838
78	41654	12	0.58317117197061785205391970521305
81	43256	12	0.57356962468812278110874558478827
84	44858	12	0.56436007465702975327559443030623
87	46461	13	0.56347241584563756422454616767936
90	48063	13	0.54911579798182563738606631886796
93	49665	14	0.54752931279793193297678044473287
96	51267	14	0.55119599780059469473769695468945
99	52869	15	0.54704362435806241915514647189411
102	54471	15	0.55249758486790523370757455268176
105	56073	15	0.55860282045349018975599619807326
108	57675	16	0.55659811117586388551359277698793
111	59277	16	0.55553517046382661082049025935703
114	60879	17	0.55830910429132363237414438117412
117	62482	17	0.55872550631625561567972226839629
120	64084	18	0.54755602166529093732805222316529
123	65686	18	0.54967332735960161560484493747936
126	67288	19	0.54503559474243401528070762651623
129	68890	19	0.53921050173423612505985147436149
132	70492	20	0.54270318334370160062718468907406
135	72094	20	0.53529676543181703429752360534621
138	73696	20	0.53243622706132454069916093430948
141	75298	21	0.52765883096638976912373664163169
144	76901	21	0.52315825212829336621211950841825
147	78503	22	0.523847433650050930964425788261
150	80105	22	0.52331834901961893358190991420997
153	81707	23	0.51845378754873938653702225565212
156	83309	23	0.51622276319633164654021584283328
159	84911	23	0.51331992996849129529124411419616
162	86514	24	0.51536683202652999735704497652478
165	88116	24	0.51706762518731286260020851841546
168	89718	25	0.51529751775025611770786326815141
171	91320	25	0.51601577316338820278218690873473
174	92922	26	0.51356647950237510613646918500308
177	94524	26	0.51166801983353160654388602779363
180	96126	27	0.50961363041916263316721824594424
183	97728	27	0.50759746473041167380557681099162
186	99330	28	0.50470215406329177465494240095722
189	100932	28	0.50168791480765417833964647797984
192	102535	29	0.50596352355907892039965645381017
195	104137	29	0.50368496593638245606427972234087
198	105739	29	0.50263111085803369171287613426102
201	107341	30	0.50023796086601246546621268862509
204	108943	30	0.50053448327074623325216862212983
207	110545	31	0.50044438274054181547967345977668
210	112147	31	0.50513330972313108535587389269494
213	113749	32	0.50628180642082498685851987829665
216	115351	32	0.50424861860754111031468482906348
219	116953	32	0.5054444502469914723974397929851
222	118556	33	0.50990960449629607609267623047344
225	120158	33	0.51236278833587933778659362360486
228	121760	34	0.51217293211594094870520166296046
231	123362	34	0.51107967691632105733390289969975
234	124964	35	0.50909357829956636276591552814352
237	126566	35	0.50501298691113494232496350377914
240	128168	36	0.50045937235736481785153273449396
243	129770	36	0.50110719353718446988921186857624
246	131372	37	0.50012770212427026805812602106016
249	132974	37	0.49847771943243812664547931490233
252	134577	38	0.50137330896143428304867484257556
255	136179	38	0.50001646971251345608067140346975
258	137781	39	0.49925867820016117670789412841259
261	139383	40	0.50280558072864445229299690254265
264	140985	40	0.50777230318603772118990491435397
267	142587	41	0.50610254368997786844630581981619
270	144189	41	0.50235398009421805554097772983368
273	145791	42	0.50968773858431781764721790750627
276	147393	43	0.51115388759959978770552879723255
279	148995	43	0.50707056058668598108596370366286
282	150598	44	0.50494709992984299073981446781545
285	152200	44	0.5049162767521113703850232923287
288	153802	45	0.50402730359222147615838593992521
291	155404	45	0.50371334815559720698985302078654
294	157006	46	0.50575097368307775358431399581605
297	158609	46	0.50205674408087708204817545265541
300	160211	47	0.50158931153520336376772092989995
303	161813	48	0.50315457885590741948789172965917
306	163415	48	0.50312463639492255307317236656672
309	165017	48	0.50387435166430460942166291715694
312	166619	49	0.49908141606389988531589096965035
315	168221	49	0.50356221572865977886834798482596
318	169823	50	0.50317085663163940711939403627184
321	171425	51	0.50453105773788942123303513653809
324	173027	51	0.50548379099773721456756447878433
327	174630	52	0.50495998366212180297196709943819
330	176232	52	0.50540291276146664944945996467141
333	177834	53	0.50336306283378617898449647327652
336	179436	53	0.50445335662177703817121710017091
339	181038	53	0.50466992223394391281487969536101
342	182640	54	0.50700002548808653646261745961965
345	184242	54	0.50549188377300147134718599772896
348	185844	55	0.50378036848504847977636700306903
351	187446	55	0.50394629785581401826277669897536
354	189048	56	0.50451979145982361885103273380082
357	190651	56	0.50549483895703195557302933593746
360	192253	56	0.50841277523193817433622143653338
363	193855	57	0.51280314394968362634585901105311
366	195457	57	0.51406583567936214862470478692558
369	197059	58	0.51233837351510547186705935018836
372	198661	58	0.51171773191654534862493619584711
375	200263	59	0.51544561362964846917833483530558
378	201865	59	0.51624244365811866597226753583527
381	203467	60	0.51463627132164857513885181106161
384	205069	60	0.51496744919553050223726131662261
387	206672	61	0.51909488478612408890455753862625
390	208274	61	0.51263143687917056556813122369931
393	209876	62	0.51012264613102276111789024071186
396	211478	62	0.51386562218266684798351207064115
399	213080	63	0.51217703611208498237772346328711
402	214682	63	0.51368503197259374193350822679349
405	216284	63	0.51218465963279813379926963534672
408	217886	64	0.5119750502212504494892186812649
411	219488	64	0.50890212919836241844961932656588
414	221090	65	0.50963654052450468867618837975897
417	222693	65	0.50808148679532960656501927587669
420	224295	65	0.50866437226606553423380319145508
423	225897	66	0.50420290887183882855282490709214
426	227499	66	0.50856182531622029507900606404291
429	229101	67	0.50660409918798421369245943424175
432	230703	67	0.50934842681240311001999998552492
435	232306	68	0.50277864108185887914714840007946
438	233908	68	0.50603601234198147817977542217704
441	235510	69	0.50694800392132599586858532347833
444	237112	69	0.50893163662445417561031035802444
447	238714	70	0.50692347957938344027439825367765
450	240316	70	0.50925851459252891029194643124356
453	241918	71	0.5018182882057977689527206166531
456	243520	71	0.50760990293885976942789284294122
459	245122	72	0.5082843845544393612811973071075
462	246725	73	0.51269423439324801616834292872227
465	248327	73	0.51429990150720905628389800767764
468	249929	74	0.51096679765354813262945299356943
471	251531	74	0.5143701338147070867279353478807
474	253133	75	0.50988091134063306952839411678724
477	254735	76	0.50795398357995746874138376369956
480	256337	76	0.51544542526215308964054884199868
483	257939	77	0.5167518244469768706750301134889
486	259541	77	0.52065320612210164163968784123426
489	261143	78	0.51715986523240975447635037198779
492	262746	78	0.51063791547045644936275721192942
495	264348	79	0.50892770173502233088669299831963
498	265950	79	0.50995749520867683646230261729215
501	267552	80	0.51300414082910494872891149498173
504	269154	81	0.51027977795939427618776562667335
507	270756	81	0.50958960559893917707796617833083
510	272358	81	0.51454723184916151268453177181073
513	273960	82	0.52107400431475581203955016462714
516	275562	83	0.52426828469126596221627778504626
519	277164	83	0.52630097859075264388195591891417
522	278767	83	0.52321350473360361821306696583633
525	280369	84	0.52533165766955058906262365781004
528	281971	84	0.52106524630247241791636270136223
531	283573	85	0.51235898580539263047484155322309
534	285175	85	0.51433215912873375685876453644596
537	286777	86	0.5157382334161816350714957479795
540	288379	87	0.51229607244235542129473515160498
543	289981	87	0.51078074621992308745888067278429
546	291583	88	0.50688177047867022384508572940831
549	293185	88	0.50802492112996477935382699797628
552	294788	89	0.50138016013079067523250387239386
555	296390	89	0.50397478877743351333151622384321
558	297992	90	0.50644346293151731863702025293605
561	299594	90	0.50664853214493543731578029110096
564	301196	91	0.5141862915120349875053307187045
567	302798	91	0.51730717350006127919215259680641
570	304400	92	0.51623507680095592764502043792163
573	306002	92	0.52015291740819769028547625566716
576	307605	93	0.51429148325134577124373436163296
579	309207	93	0.5113831651858455895620636511012
582	310809	94	0.51609307243745738968954128722544
585	312411	94	0.51041584857342858772000226963428
588	314013	94	0.50868154351312833139076019506319
591	315615	95	0.51473905308536227476423619009438
594	317217	95	0.5136904874625518591102490972844
597	318820	96	0.50676725706618863664942864488694
600	320422	96	0.50743863164859182024457595616695
603	322024	96	0.5089858114153665846757235158293
606	323626	97	0.50867373252282388484957209584536
609	325228	97	0.51009634760556354926563926710514
612	326830	98	0.50853461737731997516220872057602
615	328432	98	0.50196102736109360353822239630972
618	330034	98	0.50093279292213388487198244547471
621	331636	99	0.50057290929676834245753980212612
624	333238	99	0.50348026664736500457308920886135
627	334841	100	0.50800952017587042153223819695995
630	336443	100	0.5104393147360851701321848850057
633	338045	101	0.50238903984977456573801646300126
636	339647	101	0.50268730300943798017243580034119
639	341249	102	0.50217149632866786568285988323623
642	342851	102	0.49929846030584074112468329076364
645	344453	103	0.49852109323327153944660494744312
648	346055	103	0.5103479639578574200697858032072
651	347657	104	0.51915409977805648811255423424882
654	349259	105	0.50939741640164404312685064724064
657	350862	105	0.5101709117685139238673741601815
660	352464	106	0.51119227846079551280666919410578
663	354066	106	0.5040052437434915377778565925837
666	355668	107	0.50287029190645837761763914386393
669	357270	108	0.50677407527337992032556712729274
672	358872	108	0.50294746108621724012266440695385
675	360474	109	0.50085986298564078023076717727236
678	362076	109	0.51013628110357955858233935941826
681	363678	110	0.50785085522861839191222088629729
684	365280	111	0.5071276678994058872973482721136
687	366883	111	0.50810677888344357722161248602788
690	368485	112	0.50572719442129709932487457990646
693	370087	112	0.51226845517683861075397544482257
696	371689	113	0.50980724492621654064805625239387
699	373291	113	0.51000693749406045274241705556051
702	374893	114	0.5135301292116108973218047140108
705	376495	114	0.5205237095455832463386514064041
708	378097	114	0.51337431413952061554084593808511
711	379699	115	0.50829135612980924641135516139911
714	381301	115	0.50688850218929704105619293841301
717	382904	116	0.50392582733629420754795091852429
720	384506	116	0.49852421661682871922849358270469
723	386108	117	0.49005666133206315926429397222819
726	387710	117	0.48584374393811524672770474353456
729	389312	118	0.48644089145351732117461551752058
732	390915	118	0.48477043884463455469813197851181
735	392517	118	0.4817428439857416311298266009544
738	394119	119	0.48988861996664023745751137539628
741	395721	119	0.49208932260904575395343840682472
744	397323	120	0.48809635270215745439514876125031
747	398925	120	0.48533431965331108592920372757362
750	400527	121	0.49129985397690717485730260705168
753	402129	121	0.49495052840041126041015218106622
756	403731	122	0.49114146417039816761018755641999
759	405333	122	0.49038884320913211922743357717991
762	406936	122	0.49086656567675324147614901448833
765	408538	123	0.49168678806288257376877481874544
768	410140	123	0.48774124541719421355168151421822
771	411742	124	0.48671781526556340269351608185389
774	413344	124	0.48873422255130827274172133911634
777	414946	125	0.49158520800606142486799399193842
780	416548	125	0.49528626783866513960674637928605
783	418150	126	0.49506558967424846295912743698864
786	419752	126	0.49014765852726732697774991720507
789	421354	126	0.48760325979663193818325339634612
792	422957	127	0.48890370033711505470819247420877
795	424559	127	0.49041394994450543398656350291276
798	426161	128	0.49423783659783637745022133458406
801	427763	128	0.49694965157443454772945301556319
804	429365	129	0.49278906928504484508124505737214
807	430967	129	0.48947758144167063942830964151653
810	432569	129	0.48999859152237867920831604351406
813	434171	130	0.49661720456087965480662660411326
816	435773	130	0.49869590107269379242183049427695
819	437375	131	0.49773865976329012550394281788613
822	438978	131	0.50142623930940732890348954242654
825	440580	132	0.49637960264594704895557697454933
828	442182	132	0.49822887350532546468784289572795
831	443784	132	0.4956873984837777413758885813877
834	445386	133	0.4942242445356083702101557264541
837	446988	133	0.49532692628678115509543999905873
840	448590	134	0.49325638783181624535956188992714
843	450192	134	0.49039576660560996179683002083038
846	451794	135	0.487821082946251649570257313826
849	453396	135	0.48595145902137304450008059575339
852	454999	136	0.48891535069385361200744455345557
855	456601	136	0.48983524312630249974986895722395
858	458203	137	0.49169338431149339774250961454527
861	459805	137	0.49114356157885902254278676082322
864	461407	137	0.48924852306201038754096543925698
867	463010	138	0.49222332523300571516244872327661
870	464612	138	0.49200702768207310588977065890504
873	466214	139	0.4880061452533180910151600073732
876	467816	139	0.48716010697459594114278047527478
879	469418	140	0.48906746324009836568436071502219
882	471020	140	0.48832920732195145285814419366943
885	472622	141	0.48683160843809103468515786516946
888	474224	141	0.485418451751430835017231402162
891	475826	142	0.48562118794272951527446480213257
894	477428	142	0.48358135882504177383012233804038
897	479031	143	0.48200379443938429213645235904551
900	480633	143	0.48356756398662420481926460524846
