0	0	0	0.6931471805595997848215006342798
3	8157	38	0.53461898502745741623698449984659
6	16315	71	0.49606045977555002224335112259723
9	24473	105	0.47307011342484139859720926324371
12	32631	144	0.45582855483779749494743782634032
15	40789	183	0.44214703812233963065025932337448
18	48947	216	0.43115904469187243952532639923447
21	57104	250	0.42207097632803391995537367620273
24	65262	280	0.41451871517140348455399134763866
27	73420	309	0.40824844131950838166389416983293
30	81578	343	0.40289598695976064357537893556582
33	89736	376	0.39826541820761457435295938012132
36	97894	422	0.39424875070664339160586564503319
39	106052	461	0.39072496711857057638539458821469
42	114209	500	0.38759789836222224845840855778079
45	122367	534	0.38481644408984116978444944834337
48	130525	567	0.38232248883902725244965381534712
51	138683	607	0.38007759525038636860827523378248
54	146841	646	0.37803440893345724438390220711881
57	154999	680	0.37617091710516187275104016407568
60	163157	714	0.37446243500376924506767295497411
63	171314	753	0.37289079870709951336493759299628
66	179472	786	0.37143538248039509319653461716371
69	187630	820	0.37008352770467528580766725099238
72	195788	862	0.368825664509658368572786457662
75	203946	901	0.36765050065559234937495602935087
78	212104	935	0.36655291544680734805439215051592
81	220262	971	0.36552157164324899918383948715928
84	228419	1010	0.36454895518926716535546006525692
87	236577	1044	0.36363238213197379700147848780034
90	244735	1077	0.36276819005644439508628806834167
93	252893	1116	0.36194792529818609061464940168662
96	261051	1155	0.36117077072878750465534380964527
99	269209	1189	0.36043156838900380911638876568759
102	277366	1222	0.35972898259915853103052540973295
105	285524	1252	0.35905985080042585044779457348341
108	293682	1281	0.35842194018406264843790154372982
111	301840	1315	0.35781247812624145110405038394674
114	309998	1348	0.35722868643263672172594169751392
117	318156	1395	0.35667038923111477055627460686082
120	326314	1434	0.3561351455998892356902274514141
123	334471	1474	0.35562126675978622536433704226511
126	342629	1507	0.35512783369482026074592795339413
129	350787	1541	0.35465481041069957246492094782297
132	358945	1570	0.35420040351006115697529708086222
135	367103	1600	0.35376235926487259453310230128409
138	375261	1634	0.35334093749618633584219651311287
141	383419	1667	0.3529344692782996895097369360883
144	391576	1697	0.35254336352812853938587522861781
147	399734	1726	0.35216545022513917606588051967265
150	407892	1759	0.35180055699492168708175654501247
153	416050	1792	0.35144841236080848201339676961652
156	424208	1838	0.35110911920617232651053996050905
159	432366	1877	0.35078021309437751318327514127304
162	440524	1916	0.35046198024177099838993854064029
165	448681	1950	0.35015410604432822827547511224111
168	456839	1984	0.34985666203932919149366398414713
171	464997	2024	0.34956797185116916804048514677561
174	473155	2057	0.34928858111044869261263556836639
177	481313	2091	0.34901777325633165371954191869008
180	489471	2130	0.34875516511544074615969179831154
183	497628	2169	0.34850068038318138263775836094283
186	505786	2203	0.34825370954935719325362697418313
189	513944	2236	0.34801393572976790924400347648771
192	522102	2266	0.34778123698093404980724585584539
195	530260	2295	0.34755548201415215059384422602307
198	538418	2329	0.34733598217356553838897070818348
201	546576	2363	0.3471229349454292290033663448412
204	554733	2410	0.34691585358623999724159148172475
207	562891	2450	0.34671426975224001187925182421168
210	571049	2489	0.34651815041404371298128239686775
213	579207	2523	0.34632722350278222211983347733621
216	587365	2557	0.34614149428186458123946067644283
219	595523	2586	0.34596088257215595884730419129482
222	603681	2615	0.34578491072108846760002620612795
225	611838	2649	0.34561361884560581891889796679607
228	619996	2683	0.34544663596036662145394302569912
231	628154	2733	0.34528399652564834010348704396165
234	636312	2772	0.34512564016329699834173538874893
237	644470	2811	0.34497127577930675190742704216973
240	652628	2845	0.34482086270484707535288748658786
243	660786	2878	0.34467395695586672266230721106695
246	668943	2908	0.34453069516049478204777756218391
249	677101	2937	0.34439092825487682691942836754606
252	685259	2971	0.34425458596762881224861985174357
255	693417	3005	0.34412166492736873113500450926949
258	701575	3051	0.34399168138048041853949143842328
261	709733	3090	0.34386480268972569040997200318088
264	717890	3128	0.34374100230557275148512985651905
267	726048	3161	0.34361991469529096221435793268029
270	734206	3196	0.34350163989838289335665422186139
273	742364	3226	0.34338610627226578975168536089768
276	750522	3255	0.34327317306741711444573184053297
279	758680	3288	0.34316278407393668858915702912782
282	766838	3325	0.34305484893232751630876009585336
285	774995	3371	0.34294925531390363371286866822629
288	783153	3411	0.34284605156968822603502644597029
291	791311	3450	0.34274518514749802156060809465998
294	799469	3484	0.34264649450868173152784379453806
297	807627	3518	0.3425499374783543826694653944287
300	815785	3548	0.3424554183503117910092328202154
303	823943	3577	0.34236292982539162643718100298429
306	832100	3610	0.34227229963709365767599024366064
309	840258	3644	0.34218366959213381006676968354441
312	848416	3674	0.34209690820184129878001044744451
315	856574	3703	0.34201184124320449519984776998172
318	864732	3737	0.34192863357464525764228824300517
321	872890	3771	0.34184702365230057452549772278871
324	881048	3819	0.34176706866739464674154191925481
327	889205	3857	0.34168870432264231151719968693214
330	897363	3896	0.34161190410568453845741032637306
333	905521	3930	0.34153660482985837010261320756399
336	913679	3963	0.34146278510136995887336297528236
339	921837	3993	0.34139055288511044317090181721142
342	929995	4022	0.34131968884744490200233713039779
345	938152	4055	0.34125013729998954215005824153195
348	946310	4089	0.34118192171187333716630973867723
351	954468	4120	0.34111501367281626961869278602535
354	962626	4150	0.34104935357300447673623011723976
357	970784	4183	0.34098499875932009040013781486778
360	978942	4217	0.34092180842706548693499257751682
363	987100	4265	0.34085981955177990787575481590466
366	995257	4303	0.34079895897113982039527968481707
369	1003415	4342	0.34073923732937255737240889175155
372	1011573	4376	0.34068061344927630385015504543844
375	1019731	4412	0.34062305324331182410091400925012
378	1027889	4451	0.34056652590246305756238598405616
381	1036047	4484	0.34051101557922408558098936737224
384	1044205	4517	0.34045648421147839401967871708621
387	1052362	4557	0.34040293746904576321909985381353
390	1060520	4596	0.34035033733092612262538523282274
393	1068678	4629	0.3402986286249489733535256164032
396	1076836	4663	0.3402478613457043943313351519464
399	1084994	4702	0.34019797128339918090844662401651
402	1093152	4736	0.34014894815553831097787451653858
405	1101310	4769	0.34010076641946529463211845722981
408	1109467	4809	0.34005337782647215849607391646714
411	1117625	4848	0.34000682373775004130322940909537
414	1125783	4881	0.33996102420645346597893876605667
417	1133941	4915	0.33991604558168098115800148661947
420	1142099	4954	0.33987180093374314004961433965946
423	1150257	4993	0.33982830640581473957695379795041
426	1158414	5026	0.33978552062721861792837785287702
429	1166572	5065	0.33974346352388035130687171658792
432	1174730	5104	0.33970208169061127945198563793383
435	1182888	5138	0.33966138238067594690150485803315
438	1191046	5171	0.33962137457195773482254708142136
441	1199204	5201	0.33958199026016089305812784004956
444	1207362	5231	0.33954321932694719876622002630029
447	1215519	5264	0.33950506749028835917769697516633
450	1223677	5298	0.33946754058079087190691325304215
453	1231835	5344	0.33943058976230344736535471383831
456	1239993	5383	0.33939421415523796099478204268962
459	1248151	5423	0.33935842931130416610940869759361
462	1256309	5456	0.33932319244512559874848989238671
465	1264467	5490	0.33928853150631399504533192157396
468	1272624	5528	0.33925440012479107787513044058869
471	1280782	5567	0.33922079251160730528624753787881
474	1288940	5601	0.33918767222973378316908110718941
477	1297098	5635	0.33915507177442905106801163128694
480	1305256	5675	0.3391229781288296329933018569136
483	1313414	5708	0.33909137892529078728287572630506
486	1321572	5742	0.33906023858628769884759890373971
489	1329729	5771	0.3390295509696292231005543271749
492	1337887	5801	0.33899934237365264566577138793946
495	1346045	5835	0.33896956733152777685447176736488
498	1354203	5868	0.3389402457091356124507797176193
501	1362361	5897	0.33891135153680074232340757589554
504	1370519	5927	0.33888287899426217109066783450544
507	1378676	5960	0.33885482283804913006264314390137
510	1386834	5994	0.33882719092184804265954767288349
513	1394992	6042	0.33879994665705120970855546147504
516	1403150	6088	0.33877308401525652037378222303232
519	1411308	6129	0.3387466268289494042420528785442
522	1419466	6163	0.33872053933797241498382391000632
525	1427624	6198	0.33869482486667368270616407244233
528	1435781	6230	0.33866948280780823088420561362
531	1443939	6261	0.33864448675619462925112657103455
534	1452097	6294	0.33861984735653316569425896886969
537	1460255	6329	0.33859555191964207931931696293759
540	1468413	6375	0.33857160870198638180639250094828
543	1476571	6415	0.3385479892204028562474604768795
546	1484729	6454	0.33852469250153954805071521150239
549	1492886	6491	0.33850172095503272551297868631082
552	1501044	6525	0.33847906245805692293515676283278
555	1509202	6555	0.33845671568247398530715486231202
558	1517360	6584	0.33843467342631045058354288812552
561	1525518	6618	0.33841293526224403009905472572427
564	1533676	6651	0.33839148857774986600688293947314
567	1541834	6699	0.33837032922883325536389520493685
570	1549991	6738	0.33834945519340259290075323406199
573	1558149	6776	0.33832885634577075650852862054307
576	1566307	6810	0.33830853684131562131298665008217
579	1574465	6843	0.33828848355383628332404555294488
582	1582623	6882	0.33826869664725289776896488547209
585	1590781	6921	0.33824917130822795829914184650988
588	1598938	6955	0.33822990100860106377211877770605
591	1607096	6989	0.33821088043821928570409340863989
594	1615254	7030	0.33819211895258516342721577530028
597	1623412	7064	0.33817359201300561943881461957062
600	1631570	7098	0.33815530889526990154791974418913
603	1639728	7136	0.33813725471403988098728632394341
606	1647886	7176	0.33811943882961942309250957805489
609	1656043	7209	0.33810184997684794572236910426
612	1664201	7243	0.33808449282663211032939898359473
615	1672359	7282	0.33806735140289173591199300972221
618	1680517	7315	0.33805043569272302805828189775639
621	1688675	7350	0.33803372563715022858232828184555
624	1696833	7389	0.33801723226342478278994008178415
627	1704991	7429	0.33800094243035577745715158926032
630	1713148	7462	0.33798485739427475138541012711357
633	1721306	7496	0.3379689765652786337390978133044
636	1729464	7535	0.33795329357538961279061595632811
639	1737622	7574	0.3379378054194676628263493967097
642	1745780	7607	0.33792250244640309464472238687449
645	1753938	7646	0.33790739411013404058792275463929
648	1762096	7685	0.33789246650484100475964055476652
651	1770253	7719	0.3378777229909726842471684449265
654	1778411	7753	0.33786315808900102553025135421194
657	1786569	7793	0.33784877543278291067707641559537
660	1794727	7832	0.3378345623013773724174768631201
663	1802885	7866	0.33782051948561164778084275894798
666	1811043	7899	0.33780665392837133653713976855215
669	1819200	7938	0.33779294715431940065997196143144
672	1827358	7972	0.33777940664611344478984733541438
675	1835516	8005	0.33776603285417355904129976806871
678	1843674	8044	0.33775281001243884215767820933252
681	1851832	8083	0.33773974697092040697654624636925
684	1859990	8117	0.33772683870617487000842515953991
687	1868148	8150	0.33771408381324252712119005082059
690	1876305	8180	0.33770147805937067442272336847964
693	1884463	8209	0.33768902052921900835968926912756
696	1892621	8243	0.33767670884953943089001882071898
699	1900779	8276	0.33766454413379887178336957731517
702	1908937	8326	0.33765251846577704064600311539834
705	1917095	8365	0.33764062991295257232238213873643
708	1925253	8404	0.33762888271258217898207476537209
711	1933410	8440	0.33761726749772930089577016588009
714	1941568	8473	0.33760578581058298119899063749472
717	1949726	8502	0.3375944404305949442246514990984
720	1957884	8532	0.33758322305757360037858916257392
723	1966042	8566	0.33757213286249837524977124303405
726	1974200	8599	0.33756117550002989746715797991783
729	1982358	8646	0.33755033800433037471933062079188
732	1990515	8685	0.33753962214502769567658901905816
735	1998673	8724	0.33752902734717699084754372051975
738	2006831	8757	0.33751855487771742492242310618167
741	2014989	8791	0.33750819585994340510382016873336
744	2023147	8830	0.33749795052692960206641714648867
747	2031305	8864	0.33748782004535665679512135284313
750	2039463	8897	0.33747780842869296025199332689226
753	2047620	8936	0.3374679060281878251181808536785
756	2055778	8976	0.33745811443033019161319430168078
759	2063936	9009	0.3374484272079041891068129643827
762	2072094	9043	0.33743884426637721363206878777419
765	2080252	9083	0.3374293702358256985540663208667
768	2088410	9116	0.33741999908864445112399721438123
771	2096567	9152	0.3374107282431746956952167693089
774	2104725	9182	0.33740156512967167667937928854371
777	2112883	9211	0.33739249627082207316774997707398
780	2121041	9245	0.33738352820515282726177019867464
783	2129199	9279	0.3373746551553096217901384079596
786	2137357	9328	0.33736587858749050861106866250338
789	2145515	9368	0.33735719732816776827988292097871
792	2153672	9407	0.33734860818729356379819250832952
795	2161830	9442	0.33734010986988599567482083330106
798	2169988	9475	0.33733170599278572421297894834424
801	2178146	9515	0.3373233913956592000538137199328
804	2186304	9554	0.33731516410265166561188721061626
807	2194462	9588	0.3373070232830275849700285561994
810	2202620	9627	0.33729896657303021223484051915875
813	2210777	9667	0.33729099550024072007303743703233
816	2218935	9701	0.33728310927376209393813155656972
819	2227093	9734	0.33727530530471738767772649225662
822	2235251	9773	0.33726758180540689080473271133087
825	2243409	9812	0.33725994194825792416025933562196
828	2251567	9846	0.33725238621327713328668096437468
831	2259725	9885	0.33724490416549524063327680778457
834	2267882	9924	0.33723749889411619440338085951225
837	2276040	9957	0.33723017074477301679991114724544
840	2284198	9991	0.33722291865004438982111878431169
843	2292356	10030	0.3372157421475389105225417551992
846	2300514	10069	0.33720863908069770298325806834328
849	2308672	10103	0.33720160849836855465611051840824
852	2316829	10137	0.33719464871349846823989082622575
855	2324987	10176	0.33718775982010973368829809260205
858	2333145	10209	0.33718094158815320460220732456946
861	2341303	10243	0.33717419192521225212999524956103
864	2349461	10283	0.33716751180157050749031100167485
867	2357619	10322	0.33716089943689353525257956789574
870	2365777	10356	0.33715435475916760710290986935433
873	2373934	10390	0.33714787576102811517131385699031
876	2382092	10430	0.33714146046499338105206788895885
879	2390250	10463	0.33713511076596514026704198840889
882	2398408	10497	0.33712882712417557851125593515462
885	2406566	10536	0.33712260284145273425693289937044
888	2414724	10576	0.33711644289115844097537433299294
891	2422882	10609	0.3371103443741461647142898527818
894	2431039	10643	0.33710430388596768214171106592403
897	2439197	10682	0.33709832401827921621872974355938
900	2447355	10722	0.33709240436375687011150148464367
