0	0	0	0.6931471805595997848215006342798
3	8084	14	0.53487843755488195807146212246153
6	16168	31	0.49700077515023177721076308444026
9	24252	48	0.47370138504445452598545784894668
12	32336	72	0.4562112076865635357236783420376
15	40420	91	0.44248987330860239941543454733619
18	48504	110	0.43132854304236695197616313635081
21	56588	127	0.4221770520595569120558820941369
24	64672	144	0.41462853064282972903598079028598
27	72756	159	0.40828669163165465239018203646992
30	80840	173	0.40288428277300153412809891051438
33	88924	190	0.39822164197040266220284365772386
36	97008	207	0.39419082242315650610464672354283
39	105092	230	0.39065753467241898233552888086706
42	113176	249	0.38753345845935449620611734644626
45	121260	269	0.38476342362205218083914814997115
48	129344	285	0.38227528430923279900710554102261
51	137428	302	0.3800220477852319644895828787412
54	145512	321	0.37797184182120918682912247277272
57	153596	341	0.3761072738780020796589553810918
60	161681	357	0.37440269676230941708894306430011
63	169765	374	0.37282806569464294055293862584222
66	177849	388	0.37137281288384627053744679869851
69	185933	403	0.37002425079172290844908843610028
72	194017	419	0.36876686127759933375713785608241
75	202101	436	0.36759591757397591660350144593394
78	210185	459	0.36649923510184478914197825361043
81	218269	479	0.36546761752087780772413339036575
84	226353	498	0.36449692066534417067558138114691
87	234437	515	0.3635813539025045115771206383215
90	242521	532	0.36271730724620032670912905814475
93	250605	546	0.36190194045967122304929830534093
96	258689	561	0.36112538323786075311616627914191
99	266773	577	0.36038710779991217636464284623798
102	274857	594	0.35968553395676133854763634190022
105	282941	608	0.35901728408157301819514373164566
108	291025	623	0.35837810565974165255553884890105
111	299109	640	0.3577684312280839384889929988276
114	307193	657	0.35718570164356611140732411513454
117	315278	680	0.3566277399979613793590260684141
120	323363	704	0.35609333936276593712833005156426
123	331447	723	0.35558153662455083132698518966208
126	339531	740	0.35508963789853775772087374207331
129	347615	757	0.35461768271142807273932362477353
132	355699	772	0.35416281230745366714884880821046
135	363783	786	0.35372625711936950265723567099485
138	371867	803	0.35330498690117545512734409385303
141	379951	820	0.35289950589244573064817700469575
144	388035	843	0.35250808294045737900646031448559
147	396119	866	0.35213145367854037370847208876512
150	404203	886	0.35176775885656563769288140974822
153	412287	905	0.35141557838375891975601916783489
156	420371	922	0.35107645088582972725532727054087
159	428455	937	0.35074753808598696513953996145574
162	436539	951	0.35043042075871089213734421718982
165	444623	966	0.35012287783472256785799459066766
168	452707	983	0.34982577233581252373895154050842
171	460791	1000	0.34953796498434669404176133866713
174	468876	1015	0.34925896418405227850101368858304
177	476960	1029	0.34898883651148326912050379178254
180	485044	1046	0.3487270444047934625508844419528
183	493128	1063	0.34847296738307442787174750264967
186	501212	1078	0.34822672931749482083674251953198
189	509296	1092	0.34798730634277624806927065037598
192	517380	1109	0.34775506240628356602329063207435
195	525464	1126	0.34752962110253798888592768889794
198	533548	1141	0.34731039534228258514048093275051
201	541632	1155	0.3470977145006891584344543844054
204	549716	1173	0.34689064569030614304523396640434
207	557800	1190	0.3466895174693425119016865210142
210	565884	1205	0.34649408885017940473716180349584
213	573968	1220	0.34630387016256286569770850292116
216	582052	1236	0.34611836285372427068907086322724
219	590136	1259	0.34593797027092593188157820804918
222	598220	1282	0.34576276968256314248151284118649
225	606304	1301	0.34559163478597171303974278089299
228	614388	1321	0.34542495532171696437373498156376
231	622472	1337	0.34526266595535637371483517199522
234	630557	1354	0.34510460691103372887766909116181
237	638641	1374	0.34495042718419405280982914518972
240	646725	1391	0.34480016022073173287409986187413
243	654809	1408	0.34465369906476578387710674178379
246	662893	1427	0.34451086419195409149551778682508
249	670977	1447	0.34437154025021743386503203510074
252	679061	1463	0.34423563842449628191744182004186
255	687145	1480	0.34410301971719803315608032789896
258	695229	1495	0.34397339671651783188366380272782
261	703313	1510	0.3438467774321271597237625883281
264	711397	1527	0.34372315486897470071525617640873
267	719481	1544	0.34360231810132019214520937566704
270	727565	1558	0.34348435110883390741776111099171
273	735649	1573	0.34336902564688998040765000041574
276	743733	1590	0.3432565201950008582088003095123
279	751817	1606	0.34314648399538799639074682090722
282	759901	1630	0.34303877575218505446841277262138
285	767985	1649	0.34293343928783565077722528258164
288	776069	1669	0.342830440344876918867811355085
291	784154	1685	0.34272969664042629567290987324668
294	792238	1702	0.34263123198945449887631298224733
297	800322	1724	0.34253491141001007891375707004045
300	808406	1744	0.34244060985375601724456373631256
303	816490	1761	0.34234831833102957743264482814993
306	824574	1776	0.34225790719843418585810468357522
309	832658	1790	0.34216935095240597064503162982874
312	840742	1805	0.34208265228497963805764925382391
315	848826	1822	0.3419978290172436263816280188621
318	856910	1845	0.34191472996587601862472638458712
321	864994	1869	0.34183338251337841429133845849719
324	873078	1888	0.34175363401664765605758589117613
327	881162	1908	0.3416755401193668495452016031777
330	889246	1924	0.34159903691020410132495044308598
333	897330	1941	0.34152400257459952781502465768426
336	905414	1956	0.34145039101726015751125942188082
339	913498	1971	0.34137831589836170609331134073727
342	921582	1988	0.34130757894350277625861167507537
345	929666	2005	0.34123825557995790536125468861428
348	937751	2028	0.34117021390163798644223902556405
351	945835	2048	0.34110348907028797960094834706979
354	953919	2067	0.34103802307023090012449983987608
357	962003	2084	0.34097376259052786240388854821504
360	970087	2100	0.34091068274971270124495958953048
363	978171	2120	0.34084881831444013844389928635792
366	986256	2137	0.34078811127842517647579256845347
369	994340	2154	0.3407285167257815272634502434812
372	1002424	2169	0.34066996013880967986153791571269
375	1010508	2183	0.34061251243686146983336016091926
378	1018592	2200	0.34055611434480798083157537803345
381	1026676	2217	0.34050080360592960282417607231764
384	1034760	2240	0.34044639315228042431016319824266
387	1042844	2264	0.34039294545367765332244402998185
390	1050928	2283	0.34034048813517564502362233724853
393	1059012	2303	0.34028893678714039472410490816401
396	1067096	2320	0.34023825298509541292801827694348
399	1075180	2339	0.3401884484458259638728350182646
402	1083264	2359	0.34013954791525979892696796014206
405	1091348	2375	0.34009152073777881852834070741665
408	1099433	2392	0.34004429665140423200142549831071
411	1107517	2411	0.33999787014405014051732223379076
414	1115601	2431	0.33995219228916356835057399621292
417	1123685	2448	0.33990730584630635124909758815193
420	1131769	2465	0.33986316401936772502168082610297
423	1139853	2480	0.33981979180292226638826491580403
426	1147937	2496	0.33977713826899003102255392150255
429	1156021	2513	0.33973514753272399113726010000391
432	1164105	2529	0.33969384194353630102014562908153
435	1172189	2544	0.33965323988376322494886494496313
438	1180273	2559	0.33961331348876117042223654607369
441	1188357	2575	0.33957401239574092066675348178251
444	1196441	2592	0.33953531272774661875502033581142
447	1204525	2616	0.33949725915163897482784705061931
450	1212609	2635	0.33945978951429589542954090575222
453	1220693	2655	0.33942293920961258413271366407571
456	1228777	2671	0.33938664472940865968197954316565
459	1236861	2689	0.3393509290153483570762205090432
462	1244945	2704	0.33931577694634312836186040840403
465	1253030	2719	0.33928118870196777301373458612943
468	1261114	2735	0.33924711350881991966943473926221
471	1269198	2752	0.33921357603574697758830325255985
474	1277282	2776	0.33918054422330118358175354842388
477	1285366	2795	0.33914802925116843690389600851631
480	1293450	2815	0.3391159850905439143708974825131
483	1301534	2832	0.33908447049354545344002076490142
486	1309618	2849	0.3390534112693806001459506660467
489	1317702	2863	0.33902280334818718499079182038258
492	1325786	2878	0.33899269391912278948097991815303
495	1333870	2895	0.33896302491740321061186591578007
498	1341954	2911	0.33893378091866793733188956139202
501	1350038	2935	0.33890495167743839299845376444864
504	1358122	2958	0.33887655732745708414554997034429
507	1366206	2977	0.33884855786107642705573539387842
510	1374290	2994	0.33882097558098150935634862435109
513	1382374	3011	0.3387938017447879035515256873623
516	1390458	3026	0.33876701750441806648694864634308
519	1398542	3040	0.33874064224061306571655904917861
522	1406627	3057	0.33871461645074035784475086074963
525	1414711	3074	0.33868896090995204151141706461203
528	1422795	3097	0.33866365306704043769414624875935
531	1430879	3121	0.33863872076798201549152622646943
534	1438963	3140	0.3386141388028062193527034651197
537	1447047	3157	0.33858991379484110195718926661357
540	1455131	3174	0.3385660139981165883682479034178
543	1463215	3193	0.33854244563221957964316288780537
546	1471299	3212	0.33851921241156990305398721829988
549	1479383	3229	0.33849626423682394049663457735733
552	1487467	3246	0.33847364872110480282785260897072
555	1495551	3260	0.33845134914569785511417876477935
558	1503635	3275	0.33842936284753455389306964207208
561	1511719	3292	0.33840766607698719026231515272229
564	1519803	3308	0.3383862675137915831946600064839
567	1527887	3332	0.33836515649346637912842084006115
570	1535971	3355	0.33834437085560936653294561438088
573	1544055	3375	0.33832383281111688688724825624377
576	1552139	3391	0.3383035706312340074042310789082
579	1560224	3408	0.33828356958073363403016742267937
582	1568308	3428	0.33826383008715665834387209542911
585	1576392	3448	0.33824434208774817323117645173625
588	1584476	3464	0.33822511250660830528502742708952
591	1592560	3481	0.33820615292544065066948633102584
594	1600644	3501	0.33818743115789695607986686809454
597	1608728	3520	0.33816894854219015087437583133578
600	1616812	3537	0.33815070838789385021527778008021
603	1624896	3557	0.33813271211729772902643276211165
606	1632980	3576	0.33811494254534207870577233734366
609	1641064	3593	0.33809739456291704184920376974333
612	1649148	3610	0.33808007358747615977989653401892
615	1657232	3624	0.33806296900877119693262784494436
618	1665316	3639	0.33804609747020963883556987639167
621	1673400	3656	0.33802943131672447130142700189026
624	1681484	3673	0.33801297588056522513966228871141
627	1689568	3687	0.33799672685025139440284647207591
630	1697652	3702	0.33798068217397331247653369246109
633	1705736	3719	0.3379648414974485981510099463776
636	1713820	3736	0.33794919359816993909007010188361
639	1721905	3759	0.33793374258694158784877004109148
642	1729989	3782	0.33791847936142971331463513706694
645	1738073	3802	0.3379034059040992299394190467865
648	1746157	3819	0.33788850803410275247529170883354
651	1754241	3836	0.33787381589199860787431362041389
654	1762325	3855	0.33785929443459411514183443614456
657	1770409	3875	0.33784494799583214552640697547758
660	1778493	3891	0.33783077364839619871617060198332
663	1786577	3908	0.33781676445743979986247040869785
666	1794661	3928	0.33780293504319686137549183513329
669	1802745	3947	0.33778925555921324175301379000302
672	1810829	3964	0.33777574828623591063347930685268
675	1818913	3983	0.33776240332656981557590825104853
678	1826997	4003	0.33774922119745731663442711578682
681	1835081	4020	0.33773618840917396521916771234828
684	1843165	4036	0.33772331324529886176222248650447
687	1851249	4056	0.33771059043014511891200868376472
690	1859333	4076	0.33769802062584924895460858351726
693	1867417	4092	0.33768559570096084998525043374684
696	1875502	4109	0.3376733101461477093430119111872
699	1883586	4124	0.33766116909893867381597942767257
702	1891670	4138	0.33764917244882353131174568261486
705	1899754	4155	0.3376373143510326690908129876334
708	1907838	4171	0.33762559692610372152898889908101
711	1915922	4195	0.33761401899005849536195000837324
714	1924006	4214	0.33760257176120772593108654291427
717	1932090	4234	0.33759125200986178638729029444221
720	1940174	4251	0.33758006070704271728288858867018
723	1948258	4267	0.33756900528535893624137997903745
726	1956342	4287	0.33755807427639089590698517895362
729	1964426	4307	0.33754725974486476935965129086981
732	1972510	4323	0.33753657498912259526946400001179
735	1980594	4340	0.33752601069783766396525948039198
738	1988678	4355	0.33751556353228551188294659368694
741	1996762	4369	0.33750522988148451419831985731435
744	2004846	4386	0.33749501170193829668875196148292
747	2012930	4403	0.337484908573493336270132658683
750	2021014	4426	0.33747492240200804847205517944531
753	2029099	4446	0.33746504163905471918027956235164
756	2037183	4465	0.33745527981455564203727703898039
759	2045267	4482	0.33744561829283215015351515830844
762	2053351	4498	0.33743606307127438359572124682018
765	2061435	4518	0.33742661288727182622437794634607
768	2069519	4535	0.33741727144925615089476877983543
771	2077603	4552	0.33740803028795146589757791844022
774	2085687	4566	0.33739888833782144539341629752016
777	2093771	4581	0.33738984499383473103506503321114
780	2101855	4596	0.33738089838278290111261981110147
783	2109939	4613	0.33737205203995551672235819751222
786	2118023	4628	0.33736329612412641054675077612046
789	2126107	4642	0.3373546372059402775889225267747
792	2134191	4659	0.33734607295693425088600747585588
795	2142275	4675	0.33733759625524645242578003490053
798	2150359	4692	0.33732921192310871827402252165484
801	2158443	4707	0.33732092025497589782290219773131
804	2166527	4721	0.33731271200459583825548293134489
807	2174611	4738	0.33730459509873500500987120176433
810	2182696	4755	0.33729656171554572852144815442443
813	2190780	4778	0.3372886098347152583620811583387
816	2198864	4798	0.33728074378315492376501083526819
819	2206948	4818	0.33727296128158806842733952180424
822	2215032	4835	0.33726526212997487430556020626682
825	2223116	4852	0.33725764686064751973759712200263
828	2231200	4870	0.33725010540862138119777569045254
831	2239284	4887	0.33724264378288609789180441111967
834	2247368	4904	0.33723526023929306649762338565779
837	2255452	4923	0.33722795495708779434096413751831
840	2263536	4942	0.33722072105379002904257390582643
843	2271620	4960	0.33721356361524823519459914678009
846	2279704	4977	0.337206478629406281033453751661
849	2287788	4997	0.33719946791625338144982038102171
852	2295872	5014	0.33719252690773371394783453069977
855	2303956	5031	0.33718565611305451046320058594574
858	2312040	5045	0.33717885897153460073027986254601
861	2320124	5062	0.33717212966251541850226658425527
864	2328208	5078	0.33716547279649167201398540782975
867	2336292	5095	0.33715887690471901816380295713316
870	2344377	5118	0.33715234745068284327729202232149
873	2352461	5141	0.33714588467968770180149817861093
876	2360545	5163	0.33713948784378727774324602250999
879	2368629	5179	0.33713315521827602605497986587579
882	2376713	5198	0.33712688632021087231649403292977
885	2384797	5213	0.33712067736638240411650713213021
888	2392881	5228	0.33711452991191009909144327139074
891	2400965	5245	0.33710844526540584276119716378162
894	2409049	5261	0.33710242193528733301022271007241
897	2417133	5285	0.33709645812334010361865921368008
900	2425217	5308	0.33709055252167113847505675039429
