0	0	0	0.69314718055914625871594125783304
3	2331	13	0.50400975859446273119601755752228
6	4663	27	0.42184449219684194698487544883392
9	6994	41	0.37920118390935381169626339215029
12	9326	54	0.35464076228276408819795051385881
15	11657	68	0.33928697168158050700981220870744
18	13989	81	0.32887455437040941097492918743228
21	16320	95	0.32136783757490672286394328693859
24	18652	108	0.31566540083818073192389874748187
27	20984	123	0.31111508223681400009397179928783
30	23315	136	0.30733964816695291677461909785052
33	25647	150	0.30408194148643202803228291486448
36	27978	164	0.30121999068588589665296240127645
39	30310	180	0.29865290071990552300817967079638
42	32641	196	0.29628541971981753322396002658934
45	34973	212	0.29408531153184191975213934711064
48	37304	228	0.29201648025648713202784279019397
51	39636	244	0.29005166038624702329329352323839
54	41968	260	0.28817382503523641945619715443172
57	44299	276	0.28637243485196511860735313348414
60	46631	292	0.284636282874156820721367466831
63	48962	308	0.28295729601432145772221815605008
66	51294	324	0.28132656942261663468585197733773
69	53625	339	0.27974690315785050165331426796911
72	55957	356	0.27820875324726201949232518018107
75	58289	372	0.27671517687109353778041054283676
78	60620	388	0.27525848884469050759093988745008
81	62952	402	0.2738413200119276247335164953256
84	65283	415	0.27245747081372978515290128598281
87	67615	429	0.27111057598734089602032781840535
90	69946	443	0.26979468636551579008298062944959
93	72278	456	0.26851171229017933850258259553812
96	74609	470	0.26726038161571452622666811294039
99	76941	484	0.26603837825637033365211436830577
102	79273	497	0.26484421414507902658996840727923
105	81604	512	0.26367848845387864553657664146158
108	83936	526	0.26254231012292161828725056693656
111	86267	539	0.26143539784689445726328926866699
114	88599	553	0.26035179210497894075615477049723
117	90930	567	0.25929418979643376053090264576895
120	93262	581	0.25826252991877807207998785088421
123	95593	594	0.25725612155462418417783965196577
126	97925	608	0.25627274672174954472936292404484
129	100257	624	0.25531326101628865066217599633092
132	102588	640	0.25437684863188769757158524953411
135	104920	656	0.25346169164319476418967269637506
138	107251	671	0.25256947779074939708365832302661
141	109583	687	0.25169734340316890497391000280913
144	111914	703	0.25084636878325339282014283526223
147	114246	720	0.25001526128262713255523408406589
150	116578	736	0.24920460819407203034714370915026
153	118909	752	0.24841318560743091969911233718449
156	121241	769	0.24764054770026175389396883019799
159	123572	785	0.24688543464191450849121167721023
162	125904	800	0.24614740294766221384570314967277
165	128235	816	0.24542550473400068233864601552341
168	130567	832	0.24472170106643315046213160712796
171	132898	846	0.24403437198294794518993455767486
174	135230	860	0.24336173848421274734654673466139
177	137562	874	0.24270699492628106108682572994439
180	139893	887	0.2420661263640413729536504661155
183	142225	901	0.24143855655244664260017373180744
186	144556	916	0.24082575233269229442178982480982
189	146888	929	0.24022708714264184859388251425116
192	149219	943	0.23964353688309106282794402886793
195	151551	957	0.2390715116373755555478908263467
198	153882	971	0.23851212106588132177975580816565
201	156214	985	0.23796544666498431475076813512715
204	158546	999	0.23743136167325401553185315606243
207	160877	1012	0.23690917861194846216754683609906
210	163209	1026	0.23639832461605878033417127426219
213	165540	1040	0.23590007575578489373846480248176
216	167875	1054	0.23541222273239437168257381927106
219	170207	1070	0.23493426518720486595448448952084
222	172538	1087	0.23446634915161548851081363409321
225	174870	1103	0.23400918717163576854289885886828
228	177202	1118	0.23356149086589095276167427073233
231	179533	1135	0.23312322443912633640472620299988
234	181865	1150	0.23269564592962532767472794148489
237	184196	1167	0.23227684020975952750021065185138
240	186528	1183	0.23186607031814773782762983955763
243	188859	1199	0.23146536684006280282233092293609
246	191191	1215	0.23107175088511769378563087684597
249	193523	1231	0.23068636869481354279010076879786
252	195854	1247	0.23030922559679883887540086107037
255	198186	1263	0.22993971133796867190035584371799
258	200517	1277	0.22957748028064067780107393446087
261	202849	1291	0.22922341492958203668095507055114
264	205180	1305	0.22887674723153492162275313148712
267	207512	1319	0.2285370451131611413408961652749
270	209843	1333	0.22820422520995517490227655343915
273	212175	1346	0.22787785896652001937923159857746
276	214507	1360	0.22755833796662067181060251641611
279	216838	1374	0.22724510662463801025090504026593
282	219170	1387	0.22693831666670388758078047430899
285	221501	1401	0.22663775538834957101741451879207
288	223833	1415	0.22634271949122469758108877613267
291	226164	1429	0.22605374937772917953715534622461
294	228496	1443	0.22577036596805349910610516417364
297	230827	1457	0.22549246114051144096457335308514
300	233159	1471	0.22522094414466997669421743921703
303	235491	1485	0.22495343765932596102885554500972
306	237822	1501	0.2246923792829541854931818534169
309	240154	1517	0.22443538232987803038298579849652
312	242485	1533	0.22418335552895041207221993317944
315	244817	1549	0.22393602945457841135734611270891
318	247148	1565	0.22369352150603646900428600474697
321	249480	1581	0.22345526914276975238848876870179
324	251812	1597	0.22322138688178200238709791847214
327	254143	1613	0.22299206791750508793725771283789
330	256475	1630	0.2227672178944189174121248697702
333	258806	1646	0.22254648743245106223831442093797
336	261138	1662	0.22232986633803347720217402638809
339	263469	1678	0.22211692644349320668872849182662
342	265801	1694	0.22190999026948662886660201820632
345	268132	1710	0.221704806887901895162684695606
348	270464	1724	0.22150340015069741594899710435129
351	272796	1738	0.22130559659364110181023477252893
354	275127	1752	0.2211123613816464716919085731206
357	277459	1766	0.22092249550650513989502599088155
360	279790	1779	0.22073516268273291052182116800395
363	282122	1793	0.22055123238183246825450112282851
366	284453	1807	0.2203704039917310508744918706725
369	286785	1821	0.22019274898314428190460034784337
372	289116	1835	0.22001841122901347191920251589181
375	291448	1848	0.21984695543511953430559913158504
378	293780	1862	0.2196785610519009501739873257975
381	296111	1876	0.21951308484186410341365558451798
384	298443	1890	0.21935038337343382153221682528965
387	300774	1904	0.21919139472330192996984976616659
390	303106	1918	0.21903422103775618823284787595185
393	305437	1934	0.21887975843598506120457614088082
396	307769	1950	0.21872814442797078315905423551158
399	310101	1967	0.21857877715928933359812447179138
402	312432	1983	0.21843198903466562454944721594075
405	314764	1999	0.21828859950423756819404275120178
408	317095	2015	0.21814670384953910309278057866322
411	319427	2031	0.21800704247231839083553950331407
414	321758	2047	0.21786972746987684490527215075417
417	324090	2063	0.21773473630203857287490620819881
420	326421	2080	0.21760185057615075154835437842848
423	328753	2096	0.21747121026231588936106220444344
426	331085	2112	0.21734261204711127768440803720296
429	333416	2128	0.21721612969738676723885362207511
432	335748	2144	0.21709171187616951859133962443593
435	338079	2158	0.21696932981436509169093085347413
438	340411	2172	0.21684889192393738688302562422905
441	342742	2186	0.21673035201926676984740538500773
444	345074	2200	0.21661368826591001490733390255627
447	347405	2214	0.21649889081813425417699647823611
450	349737	2228	0.21638583781530124072745024932374
453	352069	2242	0.21627461856527932515525947110291
456	354400	2256	0.21616512796609388402657714323141
459	356732	2270	0.21605737886177026063627693019953
462	359063	2284	0.21595129635303605963869699735369
465	361395	2298	0.21584681315105055943170953014487
468	363726	2312	0.21574397599742739517481027178292
471	366058	2326	0.21564271538099527569798397053091
474	368393	2340	0.21554302553819082444164223488769
477	370725	2354	0.21544484996135296328567676482635
480	373056	2368	0.21534815432429721404616884683492
483	375388	2384	0.21525296327358170445087637290271
486	377719	2400	0.21515910465804688467272853813483
489	380051	2417	0.21506669505130387998192986742652
492	382382	2433	0.2149756880683158233313889695637
495	384714	2449	0.21488701824102235393709747768298
498	387046	2465	0.21479876578095538630641669897159
501	389377	2481	0.2147117264144121628888228769938
504	391709	2497	0.21462600805333886810899457486812
507	394040	2513	0.21454157344381227789931187999173
510	396372	2529	0.21445834055356979841455711266462
513	398703	2546	0.21437632108180246226503129491903
516	401035	2562	0.21429554444137358104605084463401
519	403366	2578	0.21421587163797448094548769859102
522	405698	2592	0.21413739218998253943659904052765
525	408030	2606	0.21406002233658855127274023288919
528	410361	2619	0.21398379536043166115888425338198
531	412693	2633	0.21390867602840668570962634476018
534	415024	2647	0.21383465736474047136361775756086
537	417356	2661	0.21376262727021863585541439078952
540	419687	2675	0.21369069561980474913909233691811
543	422019	2689	0.21361971601197016212836388149299
546	424350	2703	0.21354974772464105359226493874303
549	426682	2717	0.21348081632968002319117317711061
552	429014	2731	0.21341282061877339670807884886017
555	431345	2744	0.21334583243964114207535942568938
558	433677	2758	0.21327971645275586864975991829851
561	436008	2772	0.2132155111970243654972989588714
564	438340	2786	0.21315119651518957266667086969392
567	440671	2800	0.21308780713787139893256039613334
570	443003	2817	0.21302525625789489605033111274679
573	445335	2832	0.21296359279255511198769568181888
576	447666	2849	0.21290375946768663739661064937536
579	449998	2865	0.21284376768332274876271981156606
582	452329	2881	0.21278456468736378637274242464628
585	454661	2897	0.21272618651938748901564224524918
588	456992	2913	0.2126685656620082853773823217125
591	459324	2929	0.21261175402417512025898815863911
594	461655	2945	0.21255568083367737397537666765857
597	463987	2962	0.21250035318309226650690391124954
600	466319	2978	0.21244579915530678593249547247979
603	468650	2994	0.21239195459281823286090684632654
606	470982	3011	0.2123387838247725589724268502323
609	473313	3024	0.21228631733212882659600495571794
612	475645	3038	0.21223456006992591493798272495042
615	477976	3052	0.21218347802433151771950292641122
618	480308	3066	0.21213307119549679180536827516335
621	482639	3080	0.21208336387684323387503582125646
624	484971	3094	0.21203426202978434278456632000598
627	487303	3108	0.21198577364477177997770240835962
630	489634	3122	0.21193794601404875033168195841426
633	491966	3136	0.21189072254149662888345062583539
636	494297	3150	0.21184411073297262917414229832502
639	496629	3164	0.21179811803012527082756832896848
642	498960	3178	0.21175368338934688616781443215586
645	501292	3191	0.21170883392622122376458548842493
648	503624	3205	0.21166456072768569107722669286886
651	505955	3219	0.21162084463300387393580592743092
654	508287	3234	0.21157768719395528278504059471743
657	510618	3250	0.21153508254201863758581225738453
660	512950	3266	0.21149300672624585240022554444295
663	515281	3282	0.21145146349526752760361603122874
666	517613	3298	0.21141042377400795504449604322872
669	519944	3315	0.21136990522505619272131127672765
672	522276	3331	0.21132988610004865837055376687204
675	524608	3347	0.2112903835614737824144526712189
678	526939	3363	0.21125135196061894937713532272028
681	529271	3379	0.21121280935723479865728791082802
684	531602	3395	0.21117472955638907916586788360291
687	533934	3411	0.21113713674239498185869479129906
690	536265	3428	0.21110001498422900634288623678003
693	538597	3444	0.21106333268103069644716640596016
696	540928	3458	0.21102710108066000116444627110468
699	543260	3472	0.21099130535587154455789971052582
702	545592	3486	0.21095595144004253285174854681827
705	547923	3501	0.21092102947914509458726683988061
708	550255	3515	0.21088651835065533313162688955344
711	552586	3529	0.21085241869805371184298792286427
714	554918	3542	0.21081875102407721112030003496329
717	557249	3556	0.21078546787431728937178831984056
720	559581	3570	0.21075257382296372354879565591546
723	561913	3584	0.21072007902424791381257307421038
726	564244	3598	0.21068796643867385154358373711148
729	566576	3612	0.21065623907158959049468194280053
732	568907	3626	0.21062489750435792190685901914549
735	571239	3640	0.21059390406406322537868902600167
738	573570	3653	0.21056328637352925148285009981919
741	575902	3667	0.21053302492642828047664238511061
744	578233	3683	0.21050312060740875019781981336564
747	580565	3699	0.21047457213421588706481202279974
750	582897	3715	0.21044536552028475506759264135326
753	585228	3731	0.21041649470879703054393417005485
756	587560	3748	0.2103879612981996993781308447069
759	589891	3764	0.21035977143721640292284291717806
762	592223	3780	0.21033190371259821715987925472291
765	594554	3797	0.21030436340483482648977542339708
768	596886	3813	0.21027714344404119239939632279857
771	599217	3829	0.21025023740363293911492803545116
774	601549	3846	0.21022362411517012126260794957489
777	603881	3862	0.21019732196539825386238931059779
780	606212	3878	0.21017132008028635570262565579469
783	608544	3892	0.21014562145911869217584921898379
786	610875	3906	0.21012019982302354570435909408843
789	613210	3920	0.2100950660449321660827592950227
792	615542	3934	0.2100702187065890957917702053237
795	617873	3948	0.21004564263267855306338560694712
798	620205	3962	0.21002135044012143483271870536555
801	622537	3976	0.20999733558508915098883562677656
804	624868	3990	0.20997358506005259215498881530948
807	627200	4004	0.20995010635762370587720226922102
810	629531	4018	0.20992689579204290573066771230515
813	631863	4032	0.20990393812190569211573176744423
816	634194	4046	0.20988123492905458311597044485097
819	636526	4059	0.20985879654992631304644135070703
822	638858	4074	0.20983659117581598962942734942771
825	641189	4088	0.20981464063563126654088364375639
828	643521	4102	0.20979293409294877403858947673143
831	645852	4118	0.20977145674590050306029809235042
834	648184	4134	0.20975022076405835935730692654033
837	650515	4151	0.20972921969861044177996234338934
840	652847	4167	0.20970845096288526221428583085071
843	655178	4183	0.20968789333361984028591962214705
846	657510	4199	0.20966756955196988454481754615699
849	659842	4215	0.20964747135450154114089116319519
852	662173	4231	0.20962758980483739423839040227904
855	664505	4247	0.20960791717420734769916634832043
858	666836	4263	0.20958846179085735550451374820113
861	669168	4279	0.20956921628418298531038033161167
864	671499	4295	0.20955017852925278409870202267484
867	673831	4312	0.20953234741302390053974136208126
870	676162	4326	0.20951371453483019768881945310568
873	678494	4340	0.20949528561357522171704204083653
876	680826	4354	0.20947705474003489034551250824734
879	683157	4368	0.20945901255491256032215119375905
882	685489	4382	0.20944116571729007314495163427637
885	687820	4396	0.20942450957449720849723462379188
888	690152	4410	0.20940703761692638917857323122007
891	692483	4424	0.20938975503323700722013711583713
894	694815	4439	0.20937265362049242711783847425977
897	697147	4452	0.2093567356970699178120298711292
900	699478	4466	0.20933999434349043200498385886021
