0	0	0	0.69314718055914625871594125783304
3	2225	2	0.50626901261622714311982917934074
6	4451	5	0.42336545988789464622925606818171
9	6677	8	0.38013348807623648095699309124029
12	8903	11	0.35537735864314923261986223224085
15	11129	13	0.33983265101724069445765508135082
18	13355	16	0.32930861554011592318147449987009
21	15581	19	0.32168731651643267532847403344931
24	17807	22	0.31590970061513290456645108861267
27	20033	25	0.31132034980340322904979188933794
30	22259	28	0.30751629128629859311061522930686
33	24485	32	0.30425942649624809765995792076865
36	26711	35	0.30138285090906502539098710258259
39	28937	38	0.29879761528770232281715379940579
42	31163	42	0.29642928680948532615957446978427
45	33389	45	0.29422636737877427837162258583703
48	35615	48	0.29214953019609041229287527130509
51	37841	51	0.29018617653384459753596047448809
54	40067	55	0.28830709567182855046496570139425
57	42293	58	0.28650034070231611416090800048551
60	44519	61	0.28475889106579999054957852422376
63	46745	64	0.28307574351170255999576852445898
66	48971	67	0.2814463761750210513135073142621
69	51197	70	0.27986520653609914255355306522688
72	53423	73	0.27832499676546701428136998401897
75	55649	75	0.27682561515200021506899474843522
78	57874	78	0.27536720686641269484340455164784
81	60100	81	0.27395010348273607370117588288849
84	62326	84	0.27256424957358488248004846354888
87	64552	86	0.27121347044298244055582358669199
90	66778	89	0.26989333615166760660386557901802
93	69004	92	0.26860800880572882620711538947944
96	71230	95	0.26735345225209300457080985324865
99	73456	97	0.26612706570754679491486172082659
102	75682	100	0.26493191026754270289700343710138
105	77908	102	0.2637659356387012099531830244814
108	80134	105	0.26262631180449919066077768547984
111	82360	108	0.26151591181892702708822184831661
114	84586	111	0.26043093223564844906903203991533
117	86812	114	0.25937080912959070699841390705842
120	89038	117	0.25833692778498357212058067489124
123	91264	121	0.25732704101266368201805789794889
126	93490	124	0.25634548304199372692480096702639
129	95716	127	0.25538355307824606166278158525529
132	97942	130	0.25444549845708025470614188634499
135	100168	133	0.25353147277767923428726248857856
138	102394	137	0.25263839287840278435837149118015
141	104620	140	0.25176756554374396523954260374012
144	106846	143	0.25091371499230624708687287238718
147	109072	147	0.25008286972735865871797500403773
150	111298	150	0.24927157764123566985325908262894
153	113523	153	0.24847670201968385939039762888569
156	115749	157	0.2477049593223371592998205414915
159	117975	159	0.24694816440294817261325022172969
162	120201	162	0.24620911666843361964573944078438
165	122427	164	0.24548596845918879694181669037789
168	124653	167	0.24477956913072293487765307418158
171	126879	170	0.24409083081009616544854168296297
174	129105	173	0.24341835302708206278943237066414
177	131331	176	0.24276184473911582850647050690895
180	133557	178	0.24211863815110559738918993843981
183	135783	181	0.24149057090358927446516190684633
186	138009	184	0.24087755969305449377237948738184
189	140235	186	0.24027776976507034256691497375868
192	142461	189	0.23969382510136022501612274027138
195	144687	192	0.23912118114416081038342554165865
198	146913	195	0.23856085967230156175133970464231
201	149139	198	0.23801338115814887896881657525228
204	151365	200	0.237477976891705438999835564573
207	153591	203	0.23695405095010030338542605932162
210	155817	207	0.23644158030658402047663457778981
213	158043	210	0.23594163988497737771687923213904
216	160269	213	0.23545271233199674409952706355398
219	162495	216	0.23497554545077162235777734622388
222	164721	220	0.23450653935954049456036329956987
225	166947	223	0.23404830203171897440306281623634
228	169172	226	0.23359955512534039123728746289999
231	171398	230	0.23316273058679942709048305005126
234	173624	233	0.23273437812728531293160472159798
237	175850	236	0.23231518386962185518385126670182
240	178076	239	0.23190393703078779341630877297575
243	180302	243	0.23150216846158785943821101227513
246	182528	246	0.23110801042430026419616240218602
249	184754	249	0.23072255203693503577966339435079
252	186980	252	0.23034486104454474086900006568612
255	189206	255	0.22997459463671210411206402568496
258	191432	257	0.22961213925797704926701214844798
261	193658	260	0.22925784336212523539799690297514
264	195884	263	0.2289105909795343396506694944037
267	198110	266	0.22857024220689342586254610978358
270	200336	269	0.22823671324042280050825581838581
273	202562	271	0.22791043961612475476918859840225
276	204788	274	0.22759004412498140546006197837414
279	207014	277	0.2272760527361423477099577894478
282	209240	280	0.22696892461758413905847930891468
285	211466	282	0.22666741184084140958709951974015
288	213692	285	0.2263725571416633219890002237662
291	215918	288	0.22608266297344070672181715053739
294	218144	291	0.22579831126424243503691968726343
297	220370	294	0.2255197823215953911724085401147
300	222596	296	0.22524830165048631558377678629768
303	224821	299	0.2249805688488340782438257292597
306	227047	303	0.22471795686995660323859169693606
309	229273	306	0.22446122886095803972139606230485
312	231499	309	0.22420858965998305412092861388373
315	233725	312	0.22396056426531374405897167889634
318	235951	316	0.22371742174808947889452781510045
321	238177	319	0.22347862017216169050470853107981
324	240403	322	0.22324444082186145621449213649612
327	242629	325	0.22301446955920298242936894439481
330	244855	328	0.22278906686591037900058154264116
333	247081	331	0.22256815250794381721988202116336
336	249307	335	0.22235092647088094963692128658295
339	251533	338	0.22213769039616587663843461086799
342	253759	341	0.22193033134398038042078837861482
345	255985	344	0.22172509335073267711102573684911
348	258211	347	0.22152323620733188613840525249543
351	260437	349	0.22132539149854577043008418968384
354	262663	352	0.22113176576986920407463799165271
357	264889	355	0.22094187290956335267821941670263
360	267115	358	0.2207543005073435982144047784459
363	269341	361	0.22056994646394401105027327503194
366	271567	364	0.22038876632054441029318070377485
369	273793	366	0.22021076262638852871766914631735
372	276019	369	0.22003592044668221494596593856841
375	278245	372	0.21986402064083687690754231880419
378	280470	375	0.2196950945356883067027808920102
381	282696	378	0.21952957834159514405314439500216
384	284922	380	0.21936647985049945175362040572509
387	287148	383	0.21920717550630658410071305297606
390	289374	386	0.21904951546673423479205666808411
393	291600	389	0.21889474708952844084208777530876
396	293826	392	0.21874271133383008103301392566209
399	296052	395	0.21859309443054059096667174344475
402	298278	398	0.21844605541412964733183343923884
405	300504	401	0.2183023160419250152664005781844
408	302730	405	0.2181600237421285060079867434979
411	304956	408	0.21802025565712912502647213841556
414	307182	411	0.21788278289751478178359889170679
417	309408	414	0.21774754116442665563546654539095
420	311634	417	0.21761444483550002049199179054995
423	313860	421	0.21748346539969090618349412125099
426	316086	424	0.21735464352481673189210198415822
429	318312	427	0.21722798355101369249808840322657
432	320538	431	0.21710329934369110294056781640393
435	322764	433	0.21698070193516347248241515899281
438	324990	436	0.21685999591713836509576651678799
441	327216	439	0.21674121903856283233302804092091
444	329442	441	0.21662428926308935350775186634564
447	331668	444	0.21650923778402161867795427951933
450	333894	447	0.21639595386264826037958641791192
453	336119	450	0.21628460057501064373042254374013
456	338345	453	0.2161749166220094386936523278564
459	340571	456	0.21606691130280328283497226493637
462	342797	459	0.2159606348718524082563874344487
465	345023	461	0.21585606168834267637457458022254
468	347249	464	0.21575307522380435254483188600716
471	349475	467	0.21565162522009603818240464079281
474	351701	470	0.21555187130850611554322426854924
477	353927	473	0.21545358327956237731726218953554
480	356153	475	0.21535673091414980762081654575013
483	358379	478	0.21526132088509522533037454650184
486	360605	482	0.21516738548059144431334743785555
489	362831	485	0.21507486255397231800223778463987
492	365057	488	0.21498378303175566528260276299989
495	367283	491	0.21489501993316401096123513525527
498	369509	494	0.21480669329665452726985108711233
501	371735	498	0.21471954071098714456056200106104
504	373961	501	0.21463380948211402410308323851496
507	376187	504	0.21454922447077873215448562405072
510	378413	508	0.21446595032368595545868572571635
513	380639	511	0.21438404859413140446378065462341
516	382865	514	0.21430309013671602902384449862438
519	385091	518	0.21422334126486625160978860549221
522	387317	521	0.21414475448160033566047388831066
525	389543	524	0.21406732040267470451588849300606
528	391768	527	0.21399096741767928420152600210713
531	393994	530	0.21391579838060587048786942432343
534	396220	533	0.2138416143537964775322990362838
537	398446	535	0.21376954075792625742380437259271
540	400672	538	0.2136974291539272263751314540059
543	402898	541	0.2136264467096786745514691574499
546	405124	544	0.21355646116741575091246829742886
549	407350	546	0.21348740902996593549190151861694
552	409576	549	0.21341931789246063044807044661866
555	411802	552	0.21335225014029141066274064542085
558	414028	555	0.21328604440369297590152086741
561	416254	557	0.21322171143743184895669173783972
564	418480	560	0.21315731056883252536593431614165
567	420706	563	0.21309381307021310614224773871683
570	422932	566	0.21303120967919686457037187210517
573	425158	568	0.21296946549501552525818226513366
576	427384	572	0.21290953068607193499062191222038
579	429610	575	0.21284944372356434660886748133635
582	431836	578	0.21279019106132315841684032875492
585	434062	581	0.21273172793621114573525687774236
588	436288	585	0.21267403773993184823432045504887
591	438514	588	0.21261711972608038356824522452371
594	440740	591	0.2125609881093205588697969687928
597	442966	595	0.21250561335804599161214412106347
600	445192	598	0.21245098926999111954572185823054
603	447417	601	0.21239705596082456007245298224007
606	449643	604	0.21234381215627479155827472823148
609	451869	608	0.21229133093205004856329765061673
612	454095	611	0.21223950765679655550144389053457
615	456321	614	0.21218840725891399690006267064746
618	458547	617	0.21213791458549927093635290020757
621	460773	620	0.21208808711327908902433136972832
624	462999	623	0.21203892022287690322102093887224
627	465225	625	0.21199041526902795418152436468517
630	467451	628	0.2119425351207039620593519657632
633	469677	631	0.21189524895684838656784165777935
636	471903	634	0.21184859365980576728638595795928
639	474129	637	0.21180253892986183883451190013147
642	476355	640	0.21175803936562651030861559320329
645	478581	642	0.21171313357416737810368090322299
648	480807	645	0.21166879181338849047477879139478
651	483033	648	0.21162501532993163722018437056249
654	485259	651	0.21158178492879714527319379158143
657	487485	654	0.2115391578835495445254366586596
660	489711	656	0.21149701958973382565076803984994
663	491937	659	0.21145543166867136752884448469558
666	494163	662	0.21141432636580709258922183835239
669	496389	665	0.21137374550557752606039230158785
672	498615	669	0.21133368453505879669407363508071
675	500841	672	0.21129413011770348251872064793133
678	503066	675	0.21125508265106390792809065715119
681	505292	679	0.21121647493585121724279929367185
684	507518	682	0.21117837503236497331826626577822
687	509744	685	0.21114073660918131203345637914026
690	511970	689	0.21110358248361288380223754757026
693	514196	692	0.21106684577036918804004983485356
696	516422	695	0.21103055073460202928359308316431
699	518648	698	0.21099470572755074648796380643034
702	520874	701	0.21095930836547049924689645195031
705	523100	704	0.2109243229658225027289830677546
708	525326	707	0.21088978856292286967466509395308
711	527552	710	0.21085565354891891431954320523801
714	529778	713	0.21082192188005061117550553717592
717	532004	716	0.21078860204691204915938840258605
720	534230	718	0.21075568565393901221405315027368
723	536456	721	0.21072316476313660005281747089612
726	538682	724	0.2106910340044266527481653383802
729	540908	727	0.21065927080800134207905216499057
732	543134	730	0.21062787712127176154019991827226
735	545360	732	0.2105968515330309542843423287195
738	547586	735	0.21056619075684993025454616599745
741	549812	738	0.21053591520393574731961905399658
744	552038	741	0.21050598150051069712418438939494
747	554264	744	0.21047739093709499913487093181175
750	556490	746	0.21044816878142091898240551017807
753	558715	749	0.21041927793326434259491009015619
756	560941	752	0.2103907143364766585413860866538
759	563167	755	0.21036248378563773830940419884428
762	565393	758	0.21033458113695821523059237279085
765	567619	762	0.21030698325807359316819145078625
768	569845	765	0.21027972591998767004639603328542
771	572071	768	0.2102527833892540998217413061866
774	574297	772	0.21022614033247824516514867809747
777	576523	775	0.2101998004545524156849722885454
780	578749	778	0.21017376279954158579954537344747
783	580975	781	0.21014802124586884346513215859886
786	583201	784	0.21012256748911789516753856332798
789	585427	788	0.21009741677602897236276646708575
792	587653	791	0.21007255295879462275721039077325
795	589879	794	0.21004794642513166524899759224354
798	592105	797	0.21002362420565195977317785036576
801	594331	800	0.20999958581037159177640205598436
804	596557	803	0.20997581380552660101912465506757
807	598783	806	0.20995230772784409523090687343938
810	601009	809	0.20992905452863988569056630240084
813	603235	812	0.20990608410806962935701847072778
816	605461	814	0.20988336036034069276290381367289
819	607687	817	0.20986087679201639866199968764704
822	609913	820	0.20983863946515438070328229969164
825	612139	823	0.2098166695905653855724892764556
828	614364	826	0.20979493879157182223416100441682
831	616590	829	0.20977343217245425499584143835818
834	618816	832	0.20975217173656274249893272099143
837	621042	834	0.20973113990996283817480616562534
840	623268	837	0.20971034491578141589762651619822
843	625494	840	0.20968977908682670530104985573416
846	627720	843	0.20966944312326799004786437308212
849	629946	846	0.20964932202395425431262765414431
852	632172	850	0.20962942090051722709986847803521
855	634398	853	0.20960974201043286457846193115984
858	636624	856	0.20959026813478517925481980910263
861	638850	859	0.20957100092802521951185212856217
864	641076	862	0.2095519497726917867996832001154
867	643302	866	0.20953409756416629949882235450787
870	645528	869	0.20951545630456200330904437123536
873	647754	872	0.20949701284155725078406362626993
876	649980	875	0.20947875807891302990526583016617
879	652206	879	0.20946070203481001459344668091944
882	654432	882	0.20944283958252005173328313958336
885	656658	885	0.20942616515959358580722948772745
888	658884	888	0.20940867712002733669329757049127
891	661110	891	0.20939137671141669350127756388247
894	663336	894	0.20937425744505752667201647909678
897	665562	897	0.20935831966416615368409281927597
900	667788	899	0.20934156494434624784517495754699
