0	0	0	0.69314718055914625871594125783304
3	453	1	0.53539566758889201025795046007261
6	906	2	0.43592366347328287412565828162769
9	1359	4	0.39017517754677116803563308167213
12	1812	5	0.35400192541837471882359977826127
15	2265	7	0.33551892441190173110854289006966
18	2718	8	0.32492350017269844286715851922054
21	3171	10	0.31812315934818052864940796098381
24	3624	11	0.31281042639447464992485947732348
27	4078	13	0.30962110411169313506363209853589
30	4531	14	0.30582881958124374932594946585596
33	4984	15	0.3027126266282703093146722039819
36	5437	17	0.30012861768499471404325618095754
39	5890	18	0.29732752729240097266938391840085
42	6343	20	0.29500450407375122807707157335244
45	6796	21	0.29316097748660574495715991361067
48	7249	23	0.29148330966824370635848140409507
51	7702	24	0.28966563084281404805153670167783
54	8156	25	0.28749480440552965809786201134557
57	8609	27	0.28519800720116239567403226828901
60	9062	28	0.28392703189119966600273414769617
63	9515	30	0.28269490622108556232561227261613
66	9968	31	0.2811534394156242067097650760843
69	10421	32	0.27930117489960321064401682633616
72	10874	34	0.27712248310621662161778999688977
75	11327	35	0.27607906243786467515022309271444
78	11780	37	0.27508303109417858722807181948156
81	12234	38	0.27371457284927980246891365823103
84	12687	40	0.2721242189489367913068917914643
87	13140	41	0.27013178142162064254705455823569
90	13593	43	0.26921439217444570468629194692767
93	14046	44	0.26836588529601268504620747989975
96	14499	46	0.26713678582369460023926421854412
99	14952	48	0.26575854128410558718798029076424
102	15405	49	0.26397237685037105991980865837832
105	15858	51	0.26316770576141912396650468508597
108	16312	53	0.26242879364671967135080876687425
111	16765	54	0.26132331555475657447473736283428
114	17218	56	0.2601453744729999573159773262887
117	17671	58	0.25854283484735801623699558149383
120	18124	59	0.25781265196877650724971431372978
123	18577	61	0.25715857839648892380068900820334
126	19030	63	0.2561594016906494908347724503983
129	19483	64	0.25514589984765473351657760758826
132	19936	66	0.2537300493283635161034794691659
135	20390	68	0.25306743438939388601838231807051
138	20843	69	0.25248774859304706774665305601957
141	21296	71	0.25158694255757074742518852872308
144	21749	73	0.250721473563694507991073123776
147	22202	74	0.24947177085509344984792790000938
150	22655	76	0.24886142104826261545191812274425
153	23108	78	0.24834526257319591846517425892671
156	23561	79	0.24753525276998564197405983122735
159	24014	81	0.24680044254258659552903054645867
162	24468	83	0.24567616399782796210438107209484
165	24921	84	0.24512622474980777509401264069311
168	25374	86	0.24466883107269590813537263329636
171	25827	88	0.24393506481300530897016187736881
174	26280	89	0.24330856890753055354892353534524
177	26733	91	0.24230451021805332612046868234756
180	27186	93	0.24181025913531709048420736962726
183	27639	94	0.24140276125100956772229210400837
186	28092	96	0.24073627782870452018748608224996
189	28546	98	0.24019311348145391815656068956741
192	28999	99	0.23930115276992997008775887479715
195	29452	101	0.23885190317638557710999691607867
198	29905	103	0.23848582464563419791581111439882
201	30358	104	0.23788145270319530077962610903342
204	30811	106	0.23742598602654341188866737866192
207	31264	107	0.23662425873473028059557066171692
210	31717	109	0.23621436858535801994740666032158
213	32170	111	0.23588697138451997226127332396572
216	32624	113	0.23534147713326933337718571692676
219	33077	114	0.23495133811891466546484252830851
222	33530	116	0.23422750042600307129880832235358
225	33983	117	0.23385316782588724815461489470181
228	34436	119	0.23355998643664221958715643268079
231	34889	121	0.2330660300273546814420200234963
234	35342	123	0.23273849377671887439511522188695
237	35795	124	0.23208894127909460158853960365377
240	36248	126	0.23174559349075379843796440582082
243	36702	128	0.23148361437770262338808890945074
246	37155	129	0.23102993612048541849368632483674
249	37608	131	0.23075523388903965149587804717157
252	38061	132	0.23016376204654112602732141112938
255	38514	134	0.22984772689766774789177361526527
258	38967	136	0.22961244800088556616834978285624
261	39420	137	0.22919783871828314225638223433634
264	39873	139	0.22896298788307054006274654511799
267	40326	141	0.22843059012755800862848332144495
270	40780	142	0.22814032276288762068894300227839
273	41233	144	0.22792727009787230874060526275571
276	41686	145	0.22754900944528544393108404619852
279	42139	147	0.22735013937265008410193445342884
282	42592	148	0.22686306697919972341637162571715
285	43045	150	0.22659230015934880841932397288474
288	43498	151	0.22640005623873352136321557281917
291	43951	153	0.22605456132019108306252519469126
294	44404	154	0.22590024210027095930009011226502
297	44858	156	0.22545067676498672937235312474513
300	45311	157	0.22519762469412910044219700012036
303	45764	159	0.22502347350970958173022040682554
306	46217	160	0.22470344132795996849871755784989
309	46670	161	0.22457525537924291625380135428713
312	47123	163	0.22416201579931188669903008303663
315	47576	164	0.22392498538017199805061352435587
318	48029	166	0.22376736359007834420431493072101
321	48482	167	0.2234733489301886366629190661115
324	48936	169	0.22336966564087204489830185138999
327	49389	170	0.22299111949304331603549655937968
330	49842	171	0.22276477256634619195097002375405
333	50295	173	0.22262206575503901140322682294936
336	50748	174	0.2223523411665906668321923689291
339	51201	176	0.2222767501685106450448614623383
342	51654	177	0.2219264251909269236584520967881
345	52107	178	0.22171511881810798683112295748288
348	52560	180	0.22158592355884548785738275000767
351	53014	181	0.22133951378081187510993288469763
354	53467	183	0.22128673011120170155408004575293
357	53920	184	0.22096312325371805784790524285199
360	54373	186	0.22076113606075767337166837478435
363	54826	187	0.22064190687609244734268543197686
366	55279	188	0.2204115698759397390382730463898
369	55732	190	0.22037696093359171456427247903775
372	56185	191	0.22007296095099174171316747106175
375	56639	193	0.21988055594041255869086626262288
378	57092	194	0.21977220571434855078685188800591
381	57545	196	0.21956016286413448934666803324944
384	57998	197	0.21954079876370580226563333781087
387	58451	199	0.21926282682271966417708597418823
390	58904	200	0.21908066697712025305833094535046
393	59357	201	0.21898017201616185034573902612465
396	59810	203	0.21878295302037437108921835715591
399	60263	204	0.21878243713526568381411152586224
402	60717	206	0.2185173281381099785747323949181
405	61170	207	0.21834242504735398848758620715671
408	61623	208	0.21825049515752287243586238218995
411	62076	210	0.21806611756738031315805415033537
414	62529	211	0.21807375070194309762960926946107
417	62982	213	0.21782529674868281177602113984904
420	63435	214	0.21765785000601689525012716330821
423	63888	216	0.21757314982354766796923684069043
426	64341	217	0.21740257927848044561258689100214
429	64795	218	0.21741546219557447705561514794681
432	65248	220	0.2171857024409635794626183269429
435	65701	221	0.2170272298815272560279510116743
438	66154	223	0.21695090219675366993712373187009
441	66607	224	0.21679191189974963971387467154273
444	67060	225	0.21681966232885346856917863078706
447	67513	227	0.21660059413029883468304603866272
450	67966	228	0.21644635072874407466514412590186
453	68419	230	0.21637584637909426654722722105362
456	68873	231	0.21622794242121906593823155162681
459	69326	232	0.21626705487654773740757718769601
462	69779	234	0.21606128573634217349130892671383
465	70232	235	0.21590976667289279999906170814938
468	70685	236	0.21584367585835803615701422586426
471	71138	238	0.21570703271972707648629352661374
474	71591	239	0.21574746504058250895496939847362
477	72044	241	0.21555405218103268483176293557335
480	72497	242	0.21541139656332669582994299162237
483	72951	243	0.21535212247210933078633843251737
486	73404	245	0.21522338710005106676703690027352
489	73857	246	0.21527347035582275469600688211358
492	74310	248	0.2150899713990559181109318842573
495	74763	249	0.21495261231824783210164753199933
498	75216	250	0.21489632514529374840428488369071
501	75669	252	0.2147757606276465558448052206586
504	76122	253	0.21483513147377047980413067307381
507	76575	255	0.21466124114887366602921758840239
510	77029	256	0.21452638801610360297367208204378
513	77482	258	0.214473340676562845841246485179
516	77935	260	0.2143601395816857879683681176175
519	78388	262	0.21442333009339933913572906476475
522	78841	263	0.21425898996831863052570099625882
525	79294	265	0.21412859538237255518922097508039
528	79747	267	0.21407927675133253675454625408747
531	80200	268	0.21397309596527264163867698698596
534	80653	270	0.21404096804605660109288578496489
537	81107	272	0.21388147337167812134239852639439
540	81560	273	0.21375785859310147962730752624338
543	82013	275	0.21371409199025284686435099956725
546	82466	277	0.21361606049424394782043634677393
549	82919	278	0.21368983228162088949808605775615
552	83372	280	0.21353650069168791936213835924718
555	83825	282	0.21341422539376478373362999718665
558	84278	283	0.21337266556612755064037401098176
561	84731	285	0.21328018254707434286920886279404
564	85185	287	0.21336283222385149516142632819538
567	85638	288	0.21321587098680680472106985234859
570	86091	290	0.21309488213630783937091450752632
573	86544	292	0.21305431919285797159879791706771
576	86997	293	0.21296632347196509105202721912065
579	87450	295	0.213042179163005745978765048676
582	87903	297	0.21290481794775417689891128247837
585	88356	298	0.21279264405385775460466390995862
588	88809	300	0.21275724866315762207058526200854
591	89263	302	0.21267550034556623184123225200892
594	89716	303	0.21276030791261996144569934585888
597	90169	305	0.21262648965102629028400826882717
600	90622	307	0.21251253109265796914506552184321
603	91075	309	0.2124784279611895976280777631473
606	91528	310	0.2124010902151421131822672805356
609	91981	312	0.2124905396557975056914813194453
612	92434	314	0.21236237755743089805626766519708
615	92887	315	0.21225053047514713666643615397334
618	93341	317	0.21221812556054134302208069584594
621	93794	319	0.21214534170471335827734549184242
624	94247	320	0.21223817654697677004271838541172
627	94700	322	0.2121149534543336490077791722797
630	95153	324	0.21200388851279350355127917282516
633	95606	325	0.21197337817624961608942157909041
636	96059	327	0.21190424718621708732868569313723
639	96512	329	0.21199138493361230350942037148343
642	96965	330	0.21187234535158727677384149501449
645	97419	332	0.21177024909653821560517883426655
648	97872	334	0.21174385911697732320924103532889
651	98325	336	0.21167880672296643385088543709571
654	98778	337	0.21177099151407144383973957246781
657	99231	339	0.21165768294332210075481270905584
660	99684	341	0.21155464804258458655361607725354
663	100137	342	0.2115283790361786042666381035815
666	100590	344	0.21146741648848282890682526158344
669	101043	346	0.21156469432451399659278479248314
672	101497	347	0.21145209667077710657956401973934
675	101950	349	0.21135126301304224538668563582178
678	102403	351	0.21132575996270067109072954281146
681	102856	352	0.21126783672424009896673169350834
684	103309	354	0.21136294114648573883030735487409
687	103762	356	0.21125549939712595648444448670489
690	104215	357	0.21115717956612609085276233145123
693	104668	359	0.21113488879751640681092794693541
696	105121	360	0.21108113956700269575605943828123
699	105575	362	0.21117547827036436958181297995907
702	106028	363	0.21107091735111077612785379642446
705	106481	365	0.21097588037403228189425874461449
708	106934	366	0.21095483550901822367151794423989
711	107387	368	0.21090418410360242673640129851265
714	107840	369	0.21100400044264963628215525659471
717	108293	371	0.21090089326856234497320485843375
720	108746	372	0.21080614308369180487368055310071
723	109199	373	0.21078624377116494947870251053246
726	109653	375	0.21073827110842516252553480171628
729	110106	376	0.21084053851844425375716696180461
732	110559	378	0.21074044740909225748026756264153
735	111012	379	0.21064491872880139466950311089022
738	111465	381	0.21062620916065055709509579173755
741	111918	382	0.21058139299327310878240382407967
744	112371	384	0.21068289326133821104392040979292
747	112824	385	0.21058694237644184910074329764029
750	113278	387	0.21049603201332567348202928769751
753	113731	388	0.21047883379904616663047534075304
756	114184	390	0.21043501276103132591188682454231
759	114637	391	0.21054421234784656546956682632299
762	115090	392	0.21044991939273757775019646487635
765	115543	394	0.21035707033765138618264245451428
768	115996	395	0.21033765366515161376881337673694
771	116449	397	0.21029441515770519455230669336743
774	116902	398	0.21040521575880299920413563086186
777	117356	400	0.21031124739359491337964414015005
780	117809	401	0.21022140409441758546194023438147
783	118262	403	0.21020396359027446187006660238694
786	118715	404	0.21016378970331683895267360639991
789	119168	405	0.21027654393600467286340460759675
792	119621	407	0.21018459307121284407315897624358
795	120074	408	0.21009393359369707421357986731891
798	120527	410	0.21007812568299649713665644412686
801	120980	411	0.21004084926453259196676981446217
804	121434	412	0.21015341513187457689326720355893
807	121887	414	0.2100635634407561624925619980786
810	122340	415	0.20997521030264013064403627595311
813	122793	417	0.20995950317557393605127913360775
816	123246	418	0.20992372495587235947667181790166
819	123699	420	0.2100385697146662788981075209449
822	124152	421	0.2099496723141506537846368019018
825	124605	422	0.20986203250293522515335098432843
828	125058	424	0.20984698762716477715706275830598
831	125512	425	0.20981250235999376885231981759716
834	125965	426	0.20992405236554351199984580489399
837	126418	428	0.20983770591372422065212788311328
840	126871	429	0.20975310651245249182750285399379
843	127324	431	0.20973995843437182040602806409879
846	127777	432	0.20970839638688437700508870875638
849	128230	434	0.20981440345890484122648445008963
852	128683	435	0.20973084359125571118909192591673
855	129136	436	0.2096497518932798898028124767734
858	129590	438	0.20963888882934453294915044807567
861	130043	439	0.20960961471433348091153447967372
864	130496	441	0.20971384261429590334380179683649
867	130949	442	0.20963240639743727089516767136956
870	131402	444	0.20955426052891382160403566103923
873	131855	445	0.20954424670174545686229805596668
876	132308	447	0.20951624014889283498241923098249
879	132761	448	0.20961527233703861061719919689494
882	133214	449	0.20953675027170079459004625732632
885	133668	451	0.20946151199194765202271639736864
888	134121	452	0.20945443084616294227018329365819
891	134574	454	0.20942854801726454305743629902281
894	135027	455	0.20953376436592541232073472201591
897	135480	457	0.20945637695433599878569452812371
900	135933	458	0.20937818274365435633477261490043
