0	0	0	0.6931471805595997848215006342798
3	369	58	0.69018769698006043888938165764557
6	738	116	0.68721618057321220973676645371597
9	1107	173	0.68408830311184187777939769148361
12	1476	232	0.68114537479924330831693168875063
15	1845	289	0.6781000650617128311381520688883
18	2214	347	0.67529938307872550140587009082083
21	2583	404	0.67259360650985133833756890453515
24	2952	463	0.66992727011436581374681509259972
27	3321	521	0.66732173488228097024688167948625
30	3690	578	0.66481647340582272764919480323442
33	4059	636	0.66232311285262146505203872948186
36	4428	695	0.65981569973644083049180153466295
39	4797	753	0.65733082175615875630825257758261
42	5166	811	0.65492388375049337412292516091838
45	5535	869	0.6526062525696630922666940932686
48	5904	926	0.65044097508192477707922307672561
51	6275	984	0.64823992280919340291944763521315
54	6644	1041	0.64591948338723914613268561879522
57	7016	1098	0.64353096396617204266732414907892
60	7385	1156	0.64140808909854718500298531580484
63	7754	1213	0.63934180095849857394796345033683
66	8123	1271	0.63712030346064352226420623992453
69	8492	1328	0.63492569039389812335372198504047
72	8861	1390	0.63290169914444394105856872556615
75	9230	1448	0.63099588758696611989762459415942
78	9602	1506	0.62914680962993352331125151977176
81	9971	1563	0.62715106180287316650634465986514
84	10340	1621	0.62528682439371141565942480156082
87	10709	1679	0.62344081906327319941851783369202
90	11078	1736	0.62159750418960002527057895349571
93	11447	1794	0.61970270332901178367279726444394
96	11816	1853	0.61803256287492391862770091393031
99	12185	1911	0.6163320492899205804704365618818
102	12554	1970	0.61465544415240380704545941625838
105	12923	2027	0.6131188966456778688396411780559
108	13292	2085	0.61145686830869383499020841554739
111	13661	2143	0.60992909791931815277621353743598
114	14033	2201	0.60836062899719556273936404977576
117	14405	2260	0.60693435867612577361285275401315
120	14774	2317	0.60542444391537975079131683742162
123	15143	2375	0.60388426624516078344839797864552
126	15512	2433	0.6024111458303755828325165566639
129	15881	2491	0.60099207231627416181396483807475
132	16250	2549	0.59959317426824410013352917303564
135	16619	2607	0.59840126489973222145835052288021
138	16988	2665	0.59698470992970209536565562302712
141	17357	2724	0.59572647612747708922853462354396
144	17726	2782	0.59429419195407018339238902626676
147	18095	2841	0.59299355977334544665069415714242
150	18464	2899	0.59168830325342158804602377131232
153	18833	2957	0.59040192499647503598936282287468
156	19202	3014	0.5891397633658733701267351534625
159	19571	3073	0.58788363866279758074284700342105
162	19940	3130	0.58677369053828043465870223371894
165	20309	3188	0.58551928491898952433558633856592
168	20678	3247	0.5843565623586786106358204051503
171	21047	3304	0.58324714528141952119000279708416
174	21416	3363	0.58202538813035387121885833039414
177	21788	3421	0.58098764641522027130093874802697
180	22157	3479	0.57985542768355091691745428761351
183	22526	3537	0.57879188084811172831933845372987
186	22895	3595	0.57768973426528713588368191267364
189	23264	3652	0.57656367919803397370515085640363
192	23633	3709	0.57553962672514247245203478087205
195	24002	3767	0.574552699975744873839289539319
198	24371	3825	0.57356643420643493858079864367028
201	24743	3882	0.57268668306080205976371644283063
204	25112	3940	0.5717127788240888852655530172342
207	25481	3998	0.57073586204088488926799982436933
210	25850	4060	0.56977346592790500956482446781592
213	26219	4117	0.56893118169345857637608787626959
216	26588	4176	0.56800262911502752416481598629616
219	26960	4234	0.56718994801832112173656241793651
222	27329	4292	0.56643279963547321642636234173551
225	27698	4350	0.56555303490062869276044921207358
228	28067	4408	0.56472781415126671600290819696966
231	28436	4466	0.56387510868932910756967658016947
234	28805	4523	0.56301984222391698864385034539737
237	29174	4581	0.56215433542316861625920410006074
240	29543	4639	0.5613339524474022512734450174321
243	29912	4696	0.56053272943864629329624449383118
246	30281	4754	0.55968001310855219898598988947924
249	30650	4813	0.55886282658848118742866972752381
252	31019	4871	0.55808231135310071291399935944355
255	31388	4929	0.55739300861012353038859146181494
258	31757	4987	0.5566032570118241151746474315587
261	32126	5044	0.55585676926131155628496571807773
264	32495	5102	0.55514169168477900395686219781055
267	32864	5160	0.55443918942425129969819863617886
270	33233	5217	0.5537613750707320869892669179535
273	33602	5276	0.55302552505063529153517265513074
276	33971	5334	0.55237900800900419095995630414109
279	34340	5392	0.55176341755546831624457126963534
282	34709	5450	0.55108476123747895947246888681548
285	35078	5508	0.55042052088450321711832202709047
288	35447	5567	0.54978057430568405550275201676413
291	35816	5626	0.54918586214610198847907440722338
294	36185	5684	0.54851671740851726255527864850592
297	36554	5743	0.547936249487577020644835101848
300	36923	5802	0.54732775763254115641842645345605
303	37292	5861	0.54674681909843891869371645952924
306	37661	5919	0.54611427639044807236246015236247
309	38030	5977	0.5454924926636780524447090101603
312	38399	6036	0.54486386888475135670262261555763
315	38768	6094	0.54421970967449750933297991650761
318	39137	6152	0.54365093328027491725862319071894
321	39506	6211	0.54312501399343460217750134688686
324	39875	6270	0.54263003631700534867832175223157
327	40244	6329	0.5420705750093699482050624283147
330	40613	6388	0.54149010041399725512434315533028
333	40985	6446	0.54097518840724856392654373848927
336	41354	6504	0.5404524645198769405851635383442
339	41723	6564	0.53989897236944173197770169281284
342	42092	6622	0.5393620685543836223985181277385
345	42461	6680	0.53882551978218307109358420348144
348	42830	6739	0.53834713970545799988087765086675
351	43199	6797	0.53784333613775292537440009255079
354	43568	6856	0.53734469298368281453548434001277
357	43937	6915	0.53681497609582717878140556422295
360	44306	6974	0.53632190160171633319663442307501
363	44675	7032	0.53581950110601150871758591165417
366	45044	7091	0.53534601147590510361595761423814
369	45413	7150	0.53489939969294164612279018911067
372	45782	7209	0.53443838688310130180525447940454
375	46154	7269	0.53401217865576433574403836246347
378	46523	7328	0.53351818660779237735169999723439
381	46892	7387	0.53304891920000341265506449417444
384	47261	7445	0.53258035809200843235799993635737
387	47630	7503	0.53211405275264556102854385244427
390	47999	7562	0.53164584031096373539782007355825
393	48368	7621	0.53117657483911606686177719893749
396	48737	7680	0.53078839983877668107226099891705
399	49106	7739	0.53032264068390055911095259943977
402	49475	7798	0.52993822218547437241653597084223
405	49844	7856	0.52945351138195928530905121078831
408	50213	7916	0.52900455348959940504727228471893
411	50585	7975	0.52852995826930415645961147674825
414	50954	8033	0.52810152909893648409678235111642
417	51323	8092	0.52764859037130751318045440712012
420	51692	8151	0.52722616549970535704261465070886
423	52061	8210	0.52682750988442905715203323779861
426	52430	8269	0.52640996694491926088943500872119
429	52799	8328	0.52603605863485203286700198077597
432	53168	8387	0.52562462871027970656712113850517
435	53537	8445	0.5252460855727700828055048987153
438	53906	8503	0.52485437736210160952765590991476
441	54275	8561	0.52444131170310903655717993387952
444	54644	8620	0.52405758878790331678487746103201
447	55013	8678	0.52365699096195972295220144587802
450	55382	8737	0.52331241045023579872008667734917
453	55751	8795	0.52293648132044323606493207989843
456	56120	8854	0.5225250854220042651121502785827
459	56489	8913	0.5222097227320363632685484844842
462	56858	8971	0.52181741449079588335280277533457
465	57227	9030	0.52147819746560586384731550424476
468	57596	9088	0.52110263439013104758146255335305
471	57965	9146	0.52071618423947474418866931955563
474	58334	9205	0.52037029727947770041396324813832
477	58703	9263	0.51998892713148214816953895933693
480	59072	9322	0.51962206998189486295558481288026
483	59441	9381	0.51927708119089488469910520507256
486	59810	9440	0.51898386519151340490196844257298
489	60179	9499	0.51861564964283379808307472558226
492	60548	9557	0.51828246148036316576224180607824
495	60917	9615	0.51797296835580952656385989030241
498	61286	9674	0.51764108571830580451944570086198
501	61655	9733	0.5172892809720698314990272592695
504	62024	9792	0.51699109550055688533376496707206
507	62393	9851	0.51666997095703881548445224325405
510	62765	9910	0.51634112679645838284159253817052
513	63134	9968	0.51602140123212836275712334099808
516	63503	10027	0.51568639491967882548806301201694
519	63875	10085	0.51536325966262697129138814489124
522	64244	10143	0.51504229649804877944063719041878
525	64613	10202	0.51470170788829849861656384746311
528	64982	10261	0.5143785384826731199581217879313
531	65351	10320	0.51406961699196596082828136786702
534	65720	10378	0.51375950044728346810529728827532
537	66089	10436	0.51345991383896372184381107217632
540	66458	10495	0.51312823822298569975686177713214
543	66827	10553	0.51283628762081845398057566853822
546	67196	10611	0.51252167213729660222298889493686
549	67565	10669	0.5122149189020089865564955289301
552	67934	10726	0.51190023372752380126371463120449
555	68303	10784	0.51161253679224805157588207293884
558	68672	10842	0.51135234900413550906961290820618
561	69041	10900	0.5110766863664268910838472947944
564	69410	10957	0.5107889375778379426051856171398
567	69779	11015	0.51048773995109697487748690036824
570	70148	11073	0.51021289118797652495373995407135
573	70517	11132	0.50993282975890463770696214851341
576	70886	11189	0.50963517825309223585605877815397
579	71255	11247	0.50936227151096835630283976570354
582	71624	11305	0.50909609855375281828315792154172
585	71993	11363	0.50882563241537626108623726395308
588	72362	11421	0.50852833624294191405823539753328
591	72731	11479	0.50826145729188731969827585999155
594	73100	11537	0.50798751461845448318399576237425
597	73469	11595	0.50772319127977783015381874065497
600	73841	11653	0.50744311492374083449874433426885
603	74210	11711	0.50719105793749874599996019242099
606	74579	11768	0.50692032418970400797775255341548
609	74948	11827	0.50662330797007015803501417394727
612	75317	11885	0.50634878888030510069029332953505
615	75686	11944	0.5060894584210682278779813714209
618	76055	12006	0.50584373485480338406006239893031
621	76424	12064	0.50555932290096139425372712139506
624	76793	12122	0.50530461997304876309300425418769
627	77162	12181	0.50504002728864161309019209511462
630	77531	12239	0.50479642886381526079020432007383
633	77900	12297	0.50455537321049737098377363508916
636	78269	12355	0.50429271087326033029540894858656
639	78638	12413	0.50403316352917459930438326409785
642	79007	12471	0.50375894546479260682758649636526
645	79376	12528	0.50349810665157379574452534143347
648	79745	12586	0.50321691128850465357658094944782
651	80114	12645	0.50295164661309399445343615298043
654	80483	12703	0.50270284279442145614069659131928
657	80852	12761	0.50244985708139100477609417794156
660	81221	12820	0.50220423404831460167940804240061
663	81590	12879	0.50193877113813900603389583920944
666	81959	12938	0.50167673697263459597905921327765
669	82328	12996	0.50142344001587180191137349538621
672	82697	13055	0.50118883825000881682143472062307
675	83066	13114	0.50094421340078076898549852558062
678	83435	13172	0.50070774728690681243392646138091
681	83804	13231	0.50047533971088842275065644571441
684	84176	13289	0.50022588133269718646545243245782
687	84545	13347	0.49997497222833797714258707856061
690	84914	13405	0.49974232178545080484965978939726
693	85286	13464	0.49950049972678894905087076949712
696	85655	13522	0.49926374637075221496473886872991
699	86024	13581	0.49903452337216874790115639370924
702	86393	13640	0.49880676196064299698917920977692
705	86762	13699	0.49856489439343132374915512627922
708	87131	13758	0.49832585985093447167315616752603
711	87500	13817	0.49809057242101972828862699316232
714	87869	13876	0.49786589113573576081961391537334
717	88238	13934	0.49764536871969550224648060066102
720	88607	13994	0.49742126643353862247565189136367
723	88976	14052	0.49718119866270993334467220847728
726	89345	14110	0.49695068584420581947469486294722
729	89714	14169	0.49670787995552423410572373541072
732	90083	14228	0.49648385005489203969375466840575
735	90452	14286	0.49626649143240270101173905459291
738	90821	14345	0.49604516952906263504985417966964
741	91190	14404	0.4958114634012308341581842796586
744	91559	14462	0.49559595301762321417626822039892
747	91928	14521	0.49538218708442000037805996726092
750	92297	14580	0.49515431046345986798584704047244
753	92666	14639	0.49492981895263676861418389307801
756	93035	14702	0.49469705105753936091872446922935
759	93404	14761	0.49447061770187161755529814399779
762	93773	14820	0.4942535886428303659734240227408
765	94142	14877	0.49402015145586175570713294291636
768	94511	14936	0.49380377768499189583550901261333
771	94880	14994	0.49358196375005791711743086125352
774	95249	15053	0.49335862492982457405688023754919
777	95618	15111	0.49315229162735063628275611335994
780	95987	15169	0.49295337869923949725148304423783
783	96356	15228	0.49274727891298819582033274855348
786	96725	15287	0.49254648240117132607096550600545
789	97094	15345	0.49233439387833488609658161294647
792	97463	15403	0.49212494098329406799763319213525
795	97832	15461	0.4919144432754246620831395375717
798	98201	15520	0.49170293008339732709899294604838
801	98570	15579	0.49149077823353726213184700100101
804	98939	15638	0.49128896374390551571309515566099
807	99308	15696	0.49109731096049968890326908876887
810	99677	15754	0.4908969306095788964761084116617
813	100046	15813	0.49069108367799829650834908534307
816	100415	15871	0.49048632902212807582742470913217
819	100784	15930	0.49029524214115355329468570744211
822	101153	15989	0.49008814781240928049044214276364
825	101522	16049	0.48989647952591841573166675516404
828	101891	16107	0.4896860120708664276811816762347
831	102260	16166	0.48949130645182409304894122215046
834	102632	16225	0.48927686993704883056111043515557
837	103001	16284	0.48908875956661063133523725809937
840	103370	16343	0.48889478450832835054740144187235
843	103739	16401	0.48869677797060412371976667600393
846	104108	16460	0.48851911843171741400837504443189
849	104477	16519	0.4883222249707711570820833912876
852	104846	16578	0.48811237870139223549159623871674
855	105215	16637	0.48791288340509125776023324760899
858	105587	16696	0.48772437117077904744633087830152
861	105956	16754	0.48753051104578148944312943058321
864	106325	16813	0.48733254864136904549454243351647
867	106694	16871	0.48713048419720000881127930369985
870	107063	16929	0.48694590682135946435593609749048
873	107432	16989	0.48676460615899302952769289731805
876	107804	17048	0.48656372997141317249258918309351
879	108173	17107	0.48637721488218915721901680626615
882	108542	17165	0.48619290563946626626545821636682
885	108911	17224	0.48599531205021823110357104269497
888	109280	17282	0.4858049801954242297163943931082
891	109649	17345	0.48561843056585590749918424080533
894	110018	17404	0.48542722361481754900225382698409
897	110387	17462	0.48524622365924729994191011428484
900	110756	17520	0.48504649870004323819472347167903
