0	0	0	0.69314718055914625871594125783304
3	2331	13	0.68077102051749172062500292668119
6	4663	26	0.66886658146584831996506181894802
9	6994	40	0.65743080959013788788780630056863
12	9326	53	0.64646706776035978148087224326446
15	11657	69	0.63594290568978129041255442643887
18	13989	85	0.62584988100124439025506717371172
21	16320	101	0.6161231797776266505550779584155
24	18652	117	0.60676779520270462953135393036064
27	20984	133	0.59778948168897116932640756203909
30	23315	149	0.58914845051526676389386238952284
33	25647	164	0.58083211685518021383245468314271
36	27978	180	0.57283960601824290836958653017064
39	30310	196	0.56514714388505038478172082250239
42	32641	212	0.55774992150625735121138859540224
45	34973	228	0.55062692130247492539041331838234
48	37304	244	0.5437629510374664132399402660667
51	39640	260	0.53715511008598360032095797578222
54	41971	276	0.53078885451632606962135696448968
57	44303	290	0.52465965929222047048341437402996
60	46634	303	0.51875298048776252723968127611442
63	48966	317	0.51305828701703204419715120820911
66	51297	330	0.5075662954624755585086859355215
69	53629	344	0.50227399383331783333517250866862
72	55960	357	0.49715664038320594997344414878171
75	58292	371	0.49221533443708048727316395343223
78	60624	385	0.48744273777321400764606096345233
81	62955	399	0.48283057666663203866264097996464
84	65287	412	0.47838247910671044538233331877564
87	67618	425	0.47408320548215188150464882710367
90	69950	439	0.46992718634509778041774552548304
93	72281	453	0.46590503566308028027265208947938
96	74613	467	0.46201876115016055068807077077508
99	76945	480	0.45825970266863214064301246253308
102	79276	493	0.45461592537526934743041806541441
105	81608	509	0.45108621794621645006984067549638
108	83939	525	0.44767022148718699225966588528536
111	86271	541	0.4443581709487482989118234399939
114	88602	556	0.44115089747975699818738348767511
117	90934	572	0.43804523064809380850093134540657
120	93265	588	0.43502966718175095639509208922391
123	95597	604	0.43210684599819576545698396330408
126	97929	620	0.42927246006262154143229281544336
129	100260	636	0.42652280765450312216557904321235
132	102592	652	0.42385287083534484153801713546272
135	104923	667	0.42126205108229575202472005912568
138	107255	683	0.4187474951158912106485843196424
141	109586	699	0.41630461391193968045953965884109
144	111918	715	0.41393118889360697165713531830988
147	114249	728	0.41162376211268103531892847968265
150	116581	742	0.40938241131009056594791672978317
153	118913	756	0.40720139177959147058771804950084
156	121244	769	0.40508464552134065828070674797345
159	123576	783	0.40302370546535692952261342725251
162	125907	797	0.40101737811250887100200657187088
165	128239	810	0.39906552890262686483779930313176
168	130570	824	0.39716679051196440708437762623362
171	132902	838	0.39531806603088448515137542926823
174	135234	851	0.39351696950564990507004381470324
177	137565	865	0.39176272746059020990472276935179
180	139897	879	0.39005428936606006962151127481775
183	142228	893	0.38838945499392740767774512278265
186	144560	906	0.38676674186915649400475558650214
189	146891	920	0.38518449221151312977795555525518
192	149223	933	0.38364243865206837380554816263611
195	151554	949	0.38213883542330145948184849657991
198	153886	965	0.38067115799065182057958622863225
201	156218	980	0.37923956182480195176154325054085
204	158549	996	0.37784252990127586979696161506581
207	160881	1013	0.37647847903032061189776413812069
210	163212	1028	0.37514812402453051598527622445545
213	165544	1044	0.37384819713370365246163373740274
216	167875	1060	0.37257897521023175535503924038494
219	170207	1076	0.37133924743754714858923193787632
222	172538	1092	0.37012798118845785522168512216012
225	174870	1108	0.36894464344899480234829525215901
228	177202	1124	0.36778856452307251423405887180706
231	179533	1139	0.36665809314523567508103951695375
234	181865	1155	0.36555256615426584554384703551477
237	184196	1169	0.36447214086637552687975016851851
240	186528	1182	0.36341528278274715102469372141059
243	188859	1196	0.36238170877873343567188157976489
246	191191	1210	0.36137058539593136519130212036544
249	193523	1224	0.36038077570172488695021684179665
252	195854	1237	0.35941247339082876832705437664117
255	198186	1251	0.35846434081868783216862084373133
258	200517	1265	0.35753651918008133581139418311068
261	202849	1279	0.35662768450235604600351280168979
264	205180	1292	0.35573761079340021629136003866734
267	207512	1306	0.35486622573866694052568959705241
270	209843	1320	0.35401248082829966934426124680613
273	212175	1334	0.35317602944933690345408194843912
276	214507	1348	0.35235653525486687609458158476627
279	216838	1362	0.35155315382626206588412287601386
282	219173	1376	0.35076567301609201665613113618747
285	221505	1392	0.3499936146089230870614983359701
288	223836	1408	0.34923629333595890278374440640619
291	226168	1424	0.34849395741712180241123064661224
294	228499	1439	0.34776578074638675452945335564436
297	230831	1455	0.34705142894118623519972288704594
300	233163	1472	0.34635060291546626576320022650179
303	235494	1488	0.34566291706284502094348454193096
306	237826	1503	0.34498789785743838587350751367921
309	240157	1519	0.34432554082065408573853915186191
312	242489	1535	0.34367530468040974334087422903394
315	244820	1551	0.34303692604502100671481912286254
318	247152	1567	0.34240993122314483665391549038759
321	249483	1583	0.34179437316216115805289632589847
324	251815	1599	0.34118966638499143018137260696676
327	254147	1613	0.34059569723193083845558248867746
330	256478	1626	0.34001210473671061862432907219045
333	258810	1640	0.33943869254099917620592918865441
336	261141	1654	0.33887523656900581103812442052003
339	263473	1667	0.33832129449106329577290352972341
342	265804	1681	0.33777676437304604561973064846825
345	268136	1695	0.33724149761988420070935035255388
348	270468	1709	0.33671523511869755340697452083987
351	272799	1723	0.3361977182248816475862440711353
354	275131	1736	0.33568866651721201987967901914089
357	277462	1750	0.33518791737309849843029496696545
360	279794	1764	0.33469537016053058087194926883967
363	282125	1777	0.33421082889515890679277276831272
366	284457	1791	0.33373401226553101039939974725712
369	286788	1805	0.33326467978183643703360417021031
372	289120	1819	0.33280283213822708932028149320104
375	291452	1835	0.33234802493573012416305800798
378	293783	1850	0.33190042676095798945823389658472
381	296115	1866	0.33145976440800517526241719679092
384	298446	1884	0.33102578815718031179926583718043
387	300778	1900	0.33059846895975752989471629916807
390	303109	1916	0.3301774492092003354670737280685
393	305441	1931	0.32976275694452017450686298616347
396	307772	1947	0.32935418597606180846071310952539
399	310104	1963	0.32895162060505078738259499004926
402	312436	1979	0.32855498749529837843041946143785
405	314767	1996	0.32816393780795960477547623668215
408	317099	2012	0.32777857219996364701586344381212
411	319430	2028	0.32739864195414852821031104213034
414	321762	2043	0.3270241538754556365198311596032
417	324093	2058	0.32665505382077747453806182420522
420	326425	2071	0.32629102383896646522032369830413
423	328757	2085	0.3259320902369283179389469751186
426	331088	2098	0.32557798812936072918589047731075
429	333420	2112	0.32522862993238571549525772752531
432	335751	2126	0.32488405028976036215127010109427
435	338083	2140	0.32454399875950856735329352886765
438	340418	2154	0.32420851345767265350161778769689
441	342749	2168	0.32387750702093182075813615483639
444	345081	2181	0.32355086698414808887847016194428
447	347413	2194	0.323228347282848826882428738827
450	349744	2208	0.32291008037611790282284118802636
453	352076	2222	0.32259577445107129323176309299015
456	354407	2236	0.32228547614987146374687654315494
459	356739	2250	0.32197915699732992944603893192834
462	359070	2264	0.32167661842238670644178455404472
465	361402	2280	0.32137776186027794400601464985812
468	363733	2297	0.32108260030390556316604033781914
471	366065	2312	0.32079114728852653470880795794073
474	368397	2328	0.32050307765973307105866751953727
477	370728	2344	0.32021846951787108492837319317914
480	373060	2360	0.3199373353670350583755066509184
483	375391	2376	0.31965942778294925696869199782668
486	377723	2392	0.31938473880870676957499654236017
489	380058	2408	0.31911330636769708046784899124759
492	382389	2423	0.31884490965839329401632085136953
495	384721	2439	0.31857959354716203215218683908461
498	387053	2455	0.31831730101391159104551320524479
501	389388	2471	0.31805795443857309834356783539988
504	391719	2485	0.31780146050326812945385768216511
507	394051	2499	0.3175478324496245896568780153757
510	396382	2513	0.3172970649927788211464019241248
513	398714	2527	0.31704893760467200980457391779055
516	401045	2540	0.31680347930971636261077151175414
519	403377	2554	0.31656060008909880920668911130633
522	405709	2568	0.31632031242697672412944598363538
525	408040	2581	0.31608256013877183976390483621799
528	410372	2595	0.31584725071918084982058871901245
531	412703	2609	0.31561438980607647852849595437874
534	415035	2623	0.31538391021884087939142204959353
537	417366	2636	0.31515580539384985270245920219168
540	419698	2650	0.31492996200290923614062421620474
543	422029	2664	0.31470640270353889000887193105882
546	424361	2678	0.3144850800599249818212399532058
549	426693	2692	0.31426597080148976903757329637301
552	429024	2708	0.31404896197733173091037883750687
555	431356	2723	0.31383398683786706273579625303682
558	433687	2739	0.31362104351871172847054936028144
561	436019	2755	0.31341026200912608379312018769269
564	438350	2771	0.31320138618624343562757417203102
567	440682	2786	0.31299444824704536483039873928647
570	443014	2803	0.31278941775024743376931724014867
573	445345	2819	0.31258626749033702196811645990238
576	447680	2835	0.31238491180170646632774378304021
579	450012	2851	0.31218540915866443974380217696307
582	452343	2867	0.31198767795909398969911308086012
585	454675	2883	0.31179169898709807595693632720213
588	457006	2898	0.31159743299266445815121073792398
591	459338	2914	0.31140489394171122494725523210946
594	461670	2928	0.31121406943284807278260473140108
597	464001	2941	0.31102481577726376338333125204372
600	466333	2955	0.31083715420870178247625403855636
603	468664	2969	0.31065111397269956627908982227382
606	470996	2983	0.31046659244748769923560871575319
609	473327	2997	0.3102835711912965144243514714617
612	475659	3011	0.31010203245514683656480769968766
615	477990	3025	0.30992199295237493616994584044733
618	480322	3039	0.30974340106389613991311193785805
621	482654	3053	0.30956626042293300393737354170298
624	484985	3066	0.30939050308273785550028378565912
627	487317	3081	0.30921615143223557531371170625789
630	489648	3094	0.30904312911246967221501336098299
633	491980	3108	0.30887142515402837839033622913121
636	494311	3122	0.30870106562165183783363886504958
639	496643	3136	0.30853197360420381301082670688629
642	498974	3151	0.30836417384138509190094623590994
645	501306	3167	0.30819761778026583121103953999409
648	503638	3183	0.30803227200270277830185250422801
651	505969	3199	0.30786809802803682956096054113004
654	508301	3215	0.30770517026659716108838438231032
657	510632	3231	0.30754337792328118039719697662804
660	512964	3247	0.30738269313572258445432794360386
663	515295	3262	0.30722316522298298568927066298784
666	517627	3278	0.30706473982676268930092078335292
669	519959	3294	0.30690743463281516811846927339502
672	522290	3310	0.30675116007455882627397159012617
675	524622	3326	0.30659601132310937421365792943106
678	526953	3342	0.3064418855268577490669201779383
681	529285	3358	0.3062888330166465555848276380857
684	531616	3371	0.30613678046565084844843340761145
687	533948	3385	0.30598570730563617869890435940761
690	536279	3399	0.30583562162397925909829154988984
693	538611	3412	0.30568650024394067310495870515297
696	540943	3426	0.30553836459381128465295773821708
699	543278	3440	0.30539112515249206003531412534358
702	545609	3454	0.30524480434315698351710466340592
705	547941	3468	0.30509940429265497430222353614226
708	550272	3481	0.30495490441010886240036370509188
711	552604	3495	0.3048112949840154350944487759989
714	554935	3508	0.30466855493094890938721164275194
717	557267	3522	0.30452666274133127766177153716853
720	559599	3536	0.3043856404575305263371376440773
723	561930	3550	0.30424542140221150221535140190099
726	564262	3564	0.30410602615738480114515596142155
729	566593	3577	0.30396744462964647714997568073159
732	568925	3593	0.30382963106080113080409432768647
735	571256	3609	0.30369263294906545525009278208017
738	573588	3625	0.30355639861950389768452396310749
741	575919	3640	0.30342092073333548629676670316258
744	578251	3656	0.30328622603370469779093809847836
747	580583	3672	0.30315222712818562511571940376598
750	582914	3688	0.30301895972714837368400253581058
753	585246	3704	0.30288641661150078610020841551886
756	587577	3720	0.30275456023065600019705811973836
759	589909	3736	0.3026234341916775316683185792499
762	592240	3752	0.30249299952374270050725613145914
765	594572	3768	0.30236323727318958898280243374757
768	596904	3784	0.30223414516955982023205251607578
771	599235	3800	0.30210571027076810191047684384102
774	601567	3814	0.30197791759463482597070083102153
777	603898	3827	0.30185077486259698220649738686916
780	606230	3841	0.30172426364239263163469217943202
783	608561	3854	0.30159836591608285560894842092239
786	610893	3868	0.30147311477457378048327996111766
789	613224	3881	0.30134845312228536462484385083371
792	615556	3895	0.30122441664866683730394925078144
795	617888	3909	0.3011009702054359693512708417984
798	620219	3922	0.30097809205709552538010598254914
801	622551	3935	0.30085577860714374232031786959851
804	624882	3949	0.30073405318764756533056470289011
807	627214	3963	0.30061287873044434393321466814086
810	629545	3977	0.3004922405857605172130320170254
813	631877	3991	0.3003721469372013785914532491006
816	634208	4004	0.30025261362986060964530565797759
819	636540	4018	0.30013357789729067093276171362959
822	638872	4034	0.30001507043725222922958550952899
825	641203	4049	0.29989710253201101730624600349984
828	643535	4065	0.29977963600125484555647403794865
831	645866	4080	0.29966268842837501251707976734906
834	648198	4096	0.29954620358681172120896007982083
837	650529	4112	0.2994302479536564143280941152625
840	652861	4128	0.299314779154663423987869919074
843	655193	4144	0.29919978909986694182165933852957
846	657524	4160	0.29908524805874603380573262256803
849	659856	4176	0.29897118129064559344243434679811
852	662187	4191	0.29885757116983391323827845553751
855	664519	4207	0.29874441192651535192936762541649
858	666850	4223	0.29863169904780950680844853195595
861	669182	4239	0.29851944280502834550006241443043
864	671513	4252	0.29840763671793185674019355246855
867	673845	4266	0.29829625612412041801846385169483
870	676177	4279	0.29818530883559307698149609677785
873	678508	4293	0.29807479500795941440571823477512
876	680840	4307	0.2979646804439090579386117951799
879	683171	4320	0.29785498814680899659634860654478
882	685503	4334	0.29774569319487842466998017698643
885	687834	4348	0.2976367968492575899475127698679
888	690166	4362	0.29752829560819432641594062260992
891	692497	4375	0.29742019909589823001283548364881
894	694829	4389	0.2973124989017842945138170307473
897	697161	4402	0.29720518746913215935023799829651
900	699492	4415	0.29709825710773107854123509241617
