0	0	0	0.6931471805595997848215006342798
3	1602	2	0.52361760387234768110431559762219
6	3205	5	0.4962078095011591694074581937457
9	4807	7	0.47474062726023619207538217779074
12	6410	10	0.45778233052848310569160616978479
15	8013	13	0.44446471931663972254611394419044
18	9615	15	0.43402262132455132759289995192375
21	11218	18	0.42504851757239342502359136233281
24	12820	22	0.41761177694868595322574833517137
27	14423	25	0.41123603545043235785172441865143
30	16026	28	0.4059577621478587250436476097093
33	17629	32	0.40149984989575926430660501864622
36	19231	35	0.39737488706914197988950832041155
39	20834	39	0.39376808648325523076749732354074
42	22437	42	0.39061415787671266430791661150579
45	24039	45	0.38768761055299810758256739973149
48	25642	48	0.38519591953102361170380163457594
51	27244	51	0.38275957509754038321503344377561
54	28847	54	0.38069034207086610566150852719147
57	30450	57	0.37872738623801049939743279537652
60	32053	60	0.37699451552732582415572437639639
63	33655	63	0.37548286103890038400976436605561
66	35258	66	0.373966613016539273228744377775
69	36860	69	0.37256162237826340177804240738624
72	38463	72	0.37127802122998154743527265964076
75	40066	75	0.37008896378236810775774756621104
78	41668	78	0.36915614654092049340405878865568
81	43271	81	0.36805636256099022451948599155003
84	44873	83	0.36697739203811502450847115142096
87	46476	86	0.36598352615557133704626835424278
90	48079	88	0.36500959960527262770924039614329
93	49682	91	0.36422761881690057794713766270434
96	51284	93	0.3633998483528145251320040642895
99	52887	96	0.36265543587812892889488125547359
102	54490	98	0.36191253609645562816510278025817
105	56092	101	0.36118163747780340777637775317999
108	57695	104	0.36053369882277724878250069195929
111	59297	106	0.35991702280993814744292080831656
114	60900	109	0.35924176220364290035291787717142
117	62503	112	0.35862196177463034896248927907436
120	64106	115	0.3580782161040625966030859217426
123	65708	118	0.35756686468060283612402372455108
126	67311	121	0.35703663519963529937584212348156
129	68913	124	0.35652112843032413014299208953162
132	70516	126	0.3560377237732522126556489183713
135	72119	129	0.35554584356086216256898069332237
138	73721	132	0.35518317568682761242726542150194
141	75324	135	0.35475348390702582390687780389271
144	76926	138	0.35432099114843540466068816385814
147	78529	140	0.35393191502453175134590424022463
150	80132	143	0.35349691676203809365119923313614
153	81735	145	0.35317949006178311899262212136819
156	83337	148	0.35280555808657104721604014230252
159	84940	150	0.35245307827799188249429107600008
162	86543	153	0.35210139781173288575644164666301
165	88145	156	0.35172227589161964012021144299069
168	89748	158	0.351475078220909009640848807976
171	91350	161	0.35115671435787959575591798966343
174	92953	163	0.35087569250313177526834351738216
177	94556	166	0.35057939518258868227817970364413
180	96159	169	0.35028232164625483502362612853176
183	97761	172	0.35009887698733432870312753948383
186	99364	175	0.34982509927311589148501980162109
189	100966	178	0.34955198934240316877009036033996
192	102569	181	0.34925486279748441109660461734165
195	104172	184	0.34898713784252777259098365902901
198	105774	187	0.34882426198879246115325258870143
201	107377	190	0.34863503409153789869279194135743
204	108979	193	0.34842575279347526295836701137887
207	110582	196	0.3482065335231705471841223697993
210	112185	199	0.34798855699683078901429666984768
213	113788	201	0.34781207179172163312941279400548
216	115390	204	0.34763769830489293921615967519756
219	116993	206	0.34742364616955451195323689717043
222	118596	209	0.34720771536317085459444342632196
225	120198	211	0.34704581459893718564657660863304
228	121801	214	0.34692354233236633032078088945127
231	123403	216	0.34674134358660058108370094487327
234	125006	219	0.34656668700581944042582449583279
237	126609	222	0.34638698260581624044363024950144
240	128212	224	0.34620794942257715476330304227304
243	129814	227	0.34606604368143872862972898474254
246	131417	230	0.34590693157645513444720108964248
249	133019	233	0.34574097312693596872890111626475
252	134622	236	0.34556940082796511193308219844766
255	136225	239	0.34541575087646148034536963677965
258	137827	241	0.34531064507183961698189023081795
261	139430	244	0.34517463137056353383869122808392
264	141032	247	0.34501903299736536023800681505236
267	142635	250	0.34486144906102000895486980880378
270	144238	253	0.34470940811888728383394209231483
273	145841	256	0.3446056092098225831499291871296
276	147443	259	0.34452259002425933420710180143942
279	149046	262	0.34438029947781600981215888168663
282	150649	264	0.3442241095617745161305833789811
285	152251	267	0.34410799975765227198820639387122
288	153854	269	0.34400122905432156672489441007201
291	155456	272	0.34388803134994327947993042471353
294	157059	274	0.3438017326592686107034069209476
297	158662	277	0.34367759892869520488289936110959
300	160265	280	0.3435506107456712254766273417772
303	161867	282	0.34346822864157033894372261784156
306	163470	285	0.3433659853856885768585982532386
309	165072	287	0.34327989944389175613892462024523
312	166675	290	0.34314868930408509717366882796341
315	168278	293	0.34305468938860700367499134699756
318	169880	296	0.34299252141155084361301419448864
321	171483	299	0.34290846865329643877728926781856
324	173085	302	0.34283275638968552234686626434268
327	174689	305	0.34272462825643101869133033687831
330	176291	308	0.34258859886174680697834560305637
333	177894	311	0.34252064027835504855801218582201
336	179496	314	0.34244006693039741318074220544077
339	181099	317	0.342365075251327422023450708366
342	182702	319	0.34227836595060445734617360358243
345	184304	322	0.34219207717509630972685386041121
348	185907	325	0.34214748896182634041451819939539
351	187509	327	0.34207643449264396595665971290146
354	189112	330	0.34197668176192363986842792655807
357	190715	332	0.34188684837964811169541690105689
360	192318	335	0.34183031313956202534853900942835
363	193920	337	0.34179156233667934428055446005601
366	195523	340	0.34173106247055140549662155535771
369	197125	342	0.34166923434498952527604842543951
372	198728	345	0.34158783619923749341751317842864
375	200331	348	0.34151289977130344643896364686952
378	201933	351	0.34146311514377791773711123823887
381	203536	354	0.34141162067362534893177894446126
384	205138	357	0.34133717515821654364671644543705
387	206742	359	0.34126163448203872263775338069536
390	208344	363	0.34118437344974034131084295040637
393	209947	366	0.34115185315183693681717613799265
396	211549	369	0.34110941755757956395100904956053
399	213152	372	0.34112452450081465205045105903991
402	214755	374	0.34098933061809005851117149177298
405	216357	377	0.34093066119463216745444356092776
408	217960	380	0.34090434699912858240722357550112
411	219562	382	0.34085686168292994580042432062328
414	221165	385	0.34079280421782792709350928817003
417	222768	387	0.34073414830418646825904716024525
420	224371	390	0.34066788783917878458140648945118
423	225973	392	0.34065804133347760140893001334916
426	227576	395	0.3406118657584994990905613576615
429	229178	398	0.34055852912607059712613022384176
432	230781	400	0.3404978372026927213589431175933
435	232384	403	0.34046491267053868856606868575909
438	233986	405	0.34042191440721225603738275822252
441	235589	408	0.3403680247768695599219768155308
444	237191	411	0.34030187858922206212142214099003
447	238795	414	0.34025256481844323719343492484768
450	240397	417	0.34019813068748033790811291510181
453	242000	420	0.34014896375961967134315955263446
456	243602	423	0.34010923963371958445023324202339
459	245205	426	0.34007248054069905141005847326596
462	246808	428	0.34000883619410737779276132641826
465	248410	432	0.33995353450700155351071884979319
468	250013	435	0.33992448682579268215420142951189
471	251615	438	0.33988992314303645425610511665582
474	253218	440	0.33985686415415683470087060413789
477	254821	443	0.339790217495983315476593134008
480	256424	446	0.33973731635646264859218490528292
483	258026	448	0.33971523367563494222309827819117
486	259629	451	0.33968746815306266606526719442627
489	261231	453	0.33965453693073893726150913607853
492	262834	456	0.33960049083573290440440928250609
495	264437	458	0.33956495002957343132266032625921
498	266039	461	0.33953856995276859853660766930261
501	267642	463	0.33952372297445837512341881847533
504	269244	466	0.33948379708942777455149553134106
507	270848	469	0.33943381949701117994422361334728
510	272450	472	0.33940964704446696664774663076969
513	274053	474	0.33939783519537791711684349138523
516	275655	477	0.33937946459044415759009893918119
519	277258	480	0.3393212150214693356709005911398
522	278861	483	0.33928168006641390430644378284342
525	280463	486	0.33924889153802140207005777483573
528	282066	489	0.33922607255384440438916726634488
531	283668	492	0.3392076753772447772483644712338
534	285271	495	0.33919793751916571533655542225461
537	286874	498	0.33913730100711730885976180616126
540	288477	500	0.3391040036753519282264335288346
543	290079	503	0.3390864388686489760971198847983
546	291682	506	0.3390722192235980370078607393225
549	293284	508	0.33903758627131136416110734899121
552	294887	511	0.33900841216617350060147373369546
555	296490	513	0.33896675843297002783671700854029
558	298092	516	0.33896066610040193056718749176071
561	299695	519	0.3389568846960855363903419856797
564	301297	521	0.33891074082149269530717106135853
567	302901	524	0.33888678827893009559701908983698
570	304503	526	0.3388526343044865329900972028554
573	306106	529	0.33883707853196737280754291532503
576	307708	532	0.33884397542972599648436471397872
579	309311	535	0.33879779333844284305854444028228
582	310914	538	0.33876623932167665431691716548812
585	312516	541	0.33873152391709088204763133944653
588	314119	544	0.33872409199458275441685373152723
591	315721	547	0.33870102417433239905264485969383
594	317324	550	0.3386912784442727142319995436992
597	318927	553	0.33865412257333898926603410473035
600	320530	556	0.33862371590299478185670523089357
603	322132	559	0.33863125170381092043925264079007
606	323735	562	0.33861081884668631225565604836447
609	325337	564	0.33856543126452581793373042273743
612	326940	567	0.33853563506671113803037087564007
615	328543	569	0.33850770698465809660504532985215
618	330145	572	0.33849699707990171804183887616091
621	331748	574	0.33849033541041090300538485280413
624	333351	577	0.33846508534887398411683534504846
627	334954	580	0.3384499030174848432928058628022
630	336556	582	0.3384228010856011326090708735137
633	338159	585	0.33840478429785508796001636255824
636	339761	587	0.33839256508102305565088840921817
639	341364	590	0.33835769678986954422938993047865
642	342967	593	0.33833910203864814292273877072148
645	344569	596	0.33831807062334368074729695763381
648	346172	599	0.33831356689720404329335678994539
651	347774	602	0.3383062746155917621670994321903
654	349377	605	0.3382734766270898418838442012202
657	350980	608	0.33825471901124443130370877952373
660	352583	611	0.33823673927910974379429376313055
663	354185	614	0.33824634394177599538977574411547
666	355788	617	0.33823788034490581688729093912116
669	357390	620	0.33821219848492034554254814793239
672	358993	622	0.33818796546683255188625594200857
675	360596	625	0.33816630782562295820525832823478
678	362198	628	0.33817345655505848256439094257075
681	363801	630	0.33816222580658061858116525399964
684	365404	633	0.33812000394851943196883325981617
687	367007	635	0.33810701712300400556543422680988
690	368609	638	0.33808502917380972574434849775571
693	370212	640	0.33807559169037665336432496587804
696	371814	643	0.33806500876870143601493623464194
699	373417	645	0.33810658535118448542178271054581
702	375020	648	0.33805884449736678387665733680478
705	376622	650	0.33801977677403810540468498402333
708	378225	653	0.33801445274626285009134107895079
711	379827	655	0.33802640934611560830092003016034
714	381430	657	0.33799453903848442060109391604783
717	383033	660	0.33798385879899989214791844460706
720	384636	662	0.33796538052532848483977545583912
723	386238	664	0.33795586315672260235842827569286
726	387841	667	0.33795789940800485817717913050728
729	389443	669	0.33794558546744463134459124376008
732	391046	671	0.33792741107167534320154800298042
735	392649	674	0.3379085926871782108449338011269
738	394251	676	0.33790257761236525135828401289473
741	395854	678	0.33791151132933788803214270046738
744	397457	681	0.3378861608143688965988360450865
747	399060	684	0.33785989369838603790796582870826
750	400662	686	0.33785702457772737172803090288653
753	402265	689	0.33785113207776007460125811121543
756	403867	691	0.33784989825287081721683080104413
759	405470	694	0.33784028676447208638933261681814
762	407073	696	0.33781561250925901118691285773821
765	408675	699	0.33779985439395260327088976737286
768	410278	701	0.33779571023717946953723867409281
771	411880	704	0.33779746149608536054387286640122
774	413483	706	0.3377993498800728744413390813861
777	415086	709	0.33775806086683485274235749784566
780	416689	713	0.33775498922362923170936710448586
783	418291	716	0.33773295759091376266880502043932
786	419894	720	0.33775245433352263368931289733155
789	421496	723	0.33771693319537793298579231304757
792	423099	726	0.33770438621612558494078371040814
795	424702	730	0.33769654585012220948669892095495
798	426304	733	0.33768508774961952800808262509236
801	427907	736	0.33768492527938331893011536521954
804	429510	739	0.33768270098654862287901323725237
807	431113	742	0.33766824868879363741314136859728
810	432715	745	0.3376457648358463514703942109918
813	434318	748	0.33764499583612195277027012707549
816	435920	751	0.33764743982384770593085931977839
819	437523	754	0.33761738576754884988417870772537
822	439126	757	0.33760320198218035647741430693713
825	440728	759	0.33759010623993901401007633467088
828	442331	762	0.33759259777348282760556230641669
831	443933	765	0.33760023569176095259436465312319
834	445536	768	0.33757799736133486945277581980918
837	447139	770	0.3375589649234424505230833801761
840	448742	773	0.3375475161946012714331288862013
843	450344	776	0.33755215215996237088091902478482
846	451947	778	0.33756068570348279900272814302298
849	453549	781	0.33754283479133234679991915072605
852	455152	783	0.33751485568425831917949153648806
855	456755	786	0.33750380604226559722036427046987
858	458357	788	0.33749467267940264081360624004446
861	459960	790	0.3374974898029459158266263330006
864	461563	793	0.3374974010974058358236504773231
867	463166	795	0.33747907975305430072765489057929
870	464768	798	0.33746845550152976267455073866586
873	466371	801	0.33745001400466539953626465830894
876	467973	804	0.33744621584595568819509026070591
879	469576	807	0.33744296602455653433239035621227
882	471179	810	0.33742493935747858158080703105952
885	472781	813	0.33742145152268904206849242655153
888	474384	816	0.3374242882481512939563117470243
891	475986	818	0.33740876329955404866467461033608
894	477589	821	0.33738580545354929229873164331366
897	479192	824	0.33736890148501419428583858461934
900	480795	827	0.33735677974276595536551326404151
