0	0	0	0.6931471805595997848215006342798
3	8010	1	0.52250060811817988781768917760928
6	16021	3	0.49517931134270198878510882423143
9	24032	5	0.47429936510684994610542730697489
12	32043	7	0.45745295907218702646801489208883
15	40054	9	0.444079645473478001882483567897
18	48065	11	0.4335115515529616714296423651831
21	56075	12	0.42469076142192624390148125712585
24	64086	14	0.41726569673541802352190188685199
27	72097	16	0.41098768740292951351378292201844
30	80108	18	0.40567859308359022207923771929927
33	88119	20	0.40102134917494913768365449868725
36	96130	22	0.39700846176158643974218875882798
39	104141	24	0.39359570853939429557755147470743
42	112151	25	0.39035979142904581040696143645619
45	120162	27	0.38752191469313801430729427011102
48	128173	29	0.38497738283196764053073479772138
51	136184	31	0.3826962755322828035886573161406
54	144195	34	0.38055637810080039651339234296756
57	152206	37	0.37873987206997716814527166206972
60	160217	39	0.37710150438407513684424543498608
63	168227	41	0.37553743780453457956625129554595
66	176238	44	0.37405783969713923831079682713607
69	184249	47	0.37275343466265037362106227192271
72	192260	49	0.37146135564517779314996914763469
75	200271	52	0.3703183131662433624775587759359
78	208282	54	0.36920309301150250336220892677375
81	216293	57	0.36812975280838733382893224188592
84	224303	60	0.36708074883878910599221967459016
87	232314	63	0.36611114603870181793965343786112
90	240325	66	0.36521988974711516728888227589778
93	248336	68	0.36435928925612304229986193604418
96	256347	71	0.36355570869693171198733239180001
99	264358	74	0.36283319457073748282027736422606
102	272368	76	0.36213702058279717554967191972537
105	280379	79	0.36133228040827441995830326959549
108	288390	82	0.36069312525084734621927395892271
111	296401	85	0.36004267555401026079664461576613
114	304412	87	0.3594210583574866668676861536369
117	312423	90	0.35886125734253243590998749823484
120	320434	93	0.35833172057507184371516473220254
123	328444	96	0.35779117639950530627146463302779
126	336455	99	0.35727653654027669016812751578982
129	344466	101	0.35676362104897019200677732442273
132	352477	104	0.35631791698051373806777064601192
135	360488	107	0.35587095526066198081238667327852
138	368499	110	0.35541585829269994878387706194189
141	376510	112	0.35496510059575647755281124773319
144	384520	114	0.35452922398473574183697110129287
147	392531	117	0.35414226636884849064301761245588
150	400542	120	0.35374878749930693810910042884643
153	408553	123	0.35335502586083594733779023044917
156	416564	126	0.35297931387667641489613856720098
159	424575	129	0.35266846896988607307221741393732
162	432586	132	0.35238216522902388039284460319323
165	440596	135	0.3520578661077070070639649657096
168	448607	137	0.35175115888312613598998268571449
171	456618	140	0.35145466429170080235877549057477
174	464629	142	0.35112121855088651578569169942057
177	472640	144	0.35082459877581745333330331959587
180	480651	147	0.35049716594910984568400635907892
183	488661	149	0.3502376732265455316905899962876
186	496672	153	0.34998594129996818402617009269306
189	504683	156	0.34973841772135333405557844344003
192	512694	159	0.34944454989719692106220350069634
195	520705	162	0.34919813117010856107214067378663
198	528716	165	0.34894529559254050532501878478797
201	536727	167	0.34872462200047682490122724630055
204	544737	170	0.34849815123545746509137188695604
207	552748	172	0.34827611822644166661433473564102
210	560759	174	0.34805364124777665724153052906331
213	568770	177	0.34783857092164216506802176809288
216	576781	179	0.34763187997952943453228158432466
219	584792	182	0.34743788962938748632325314247282
222	592803	184	0.34725833942566358691905747946294
225	600813	187	0.34710574803915644759300107580202
228	608824	189	0.34690075302380812827252043462067
231	616835	192	0.34670936702275723106936311523896
234	624846	195	0.34653768861976635973221050335269
237	632857	199	0.34639289192572336739672778094246
240	640868	201	0.34619116559394808030347689964401
243	648879	204	0.34602190269855370718943277097424
246	656889	207	0.3458351732105891529478469692549
249	664900	209	0.34567546643770008518714575984632
252	672911	212	0.34552398132947859110686295025516
255	680922	215	0.34540084948518567919961697043618
258	688933	217	0.34524855710549195997316473949468
261	696944	220	0.34511391773393074178244432914653
264	704954	222	0.34495901954001051414877565548522
267	712965	225	0.34479343479832841312671121158928
270	720976	228	0.34466321179323317069886911667709
273	728987	230	0.34452715678934148213485855194449
276	736998	233	0.34441910475837034244506185132195
279	745009	236	0.34432960718481542272684237104841
282	753020	238	0.34418964650431893570470265331096
285	761030	241	0.34407669095428350392040783845005
288	769041	244	0.34395771088469456744363128564146
291	777052	246	0.34384781685700949172002083287225
294	785063	249	0.34371173724659825898797294030373
297	793074	251	0.34359864470544598802348446042743
300	801085	254	0.34349507708123488969320646901906
303	809096	256	0.34337559498357006493307608252508
306	817106	259	0.34329566988136489547045471226738
309	825117	262	0.34319255719703722906643861279008
312	833128	265	0.34306606184207188992019155193702
315	841139	268	0.34298872004946234781641578592826
318	849150	271	0.34289398790043479348099708658992
321	857161	274	0.34279368115293168406410018178576
324	865172	276	0.34270732868566350370898021537869
327	873182	280	0.34262130202186702465638745707111
330	881193	283	0.34253752538834930652100752013212
333	889204	285	0.34244239622141658951903764318558
336	897215	287	0.34236641280126345332490700457129
339	905226	290	0.34228062898260586122134441211529
342	913237	293	0.34219898369199225340864245481498
345	921247	296	0.34212232169949563509447898468352
348	929258	298	0.34204512985203311403736847751134
351	937269	301	0.34196024722812301543939383918769
354	945280	304	0.34186520323087021822061615239363
357	953291	307	0.34181680724670315818514154670993
360	961302	310	0.34176791945493123492383347183932
363	969313	312	0.34169052433376545518939337853226
366	977323	315	0.34163114298695790305160358002468
369	985334	318	0.34156484695716510247009978229471
372	993345	321	0.34147830088462205466726118174847
375	1001356	324	0.34139239994597825322841799788876
378	1009367	326	0.34132205600102344389412678538065
381	1017378	329	0.34126240927187728724234716537467
384	1025389	332	0.34120972995725329379723689271486
387	1033399	335	0.34115799898474541418380567847635
390	1041410	337	0.34110286744374440637272982712602
393	1049421	340	0.34104409454806311474683866435953
396	1057432	343	0.34099185254771241515570068258967
399	1065443	345	0.34094412017683667359690957709972
402	1073454	348	0.34087612599737976415426032872347
405	1081465	350	0.34083148188260814492878125747666
408	1089475	353	0.34079512979193060662197467536316
411	1097486	356	0.34073456329291840205542030162178
414	1105497	359	0.34067056676206097787229509776807
417	1113508	361	0.34061885725975082905847557412926
420	1121519	363	0.34056770607261172001400950648531
423	1129530	366	0.34051221278640408929305749552441
426	1137540	368	0.34047128954730149219543022809376
429	1145551	371	0.34041561799063529969444630296493
432	1153562	373	0.34037313180299666459660556938616
435	1161573	377	0.34032646331928673166800081162364
438	1169584	380	0.34028816231773539868754596682265
441	1177595	383	0.34023940469185370849558580630401
444	1185606	386	0.34018575304326353903050517146767
447	1193616	389	0.34014299356664767781666114387917
450	1201627	391	0.34010202313644327665187461207097
453	1209638	394	0.34007187480583989103166686618351
456	1217649	396	0.34003560304316426954329699583468
459	1225660	398	0.34000393214960372700872426321439
462	1233671	401	0.33995497992570622436403482424794
465	1241682	404	0.33992023156849543452651118968788
468	1249692	407	0.33988572653451026850390803701885
471	1257703	410	0.33983052140301134302902141826053
474	1265714	413	0.33979577428980112241418964913464
477	1273725	416	0.33975927900314994989372507916414
480	1281736	419	0.33971075341842527084423863925622
483	1289747	421	0.33966796637668683622734988603042
486	1297758	424	0.33962832935125875088999691797653
489	1305768	427	0.33958929097601237012682418026088
492	1313779	430	0.33955149419215974182506556644512
495	1321790	432	0.33952110190586076710062002348423
498	1329801	435	0.33948443605512695908643650000158
501	1337812	438	0.3394635924921621805694371687423
504	1345823	441	0.33942686075036948567529293541156
507	1353833	443	0.33939008396666087152837576468301
510	1361844	446	0.33934811454240165762286096651223
513	1369855	449	0.33930905683365475411505940428469
516	1377866	452	0.33927319569896985385071275231894
519	1385877	454	0.33924983671591185663274359285424
522	1393888	457	0.33921704940478869527709093745216
525	1401899	459	0.33919077600025376861836434727593
528	1409909	462	0.33915241466255668933982292401197
531	1417920	465	0.33911622348635012125228627155593
534	1425931	467	0.3390869446267611442280554001627
537	1433942	470	0.33905386137644633048893183513428
540	1441953	473	0.3390259329210928984643658168352
543	1449964	476	0.33900270645827773607905442077026
546	1457975	478	0.33898913315936879397938241709198
549	1465985	481	0.33897927316542575404412218631478
552	1473996	483	0.33893166173037725386052443354856
555	1482007	486	0.33890963047586047940384901266953
558	1490018	489	0.33887560443434888712843644498207
561	1498029	492	0.33884261265119952621915899726446
564	1506040	494	0.33881608936773033313727410131833
567	1514051	497	0.33879162252368250074496813795122
570	1522061	500	0.33876586133103830933421818372153
573	1530072	503	0.33873607221490048546641560278658
576	1538083	505	0.33871142771266632420790188007231
579	1546094	508	0.33868163170742038303728804748971
582	1554105	511	0.33866266061080751992307114051073
585	1562116	514	0.33863655835420969353322107053827
588	1570126	516	0.3386241335757970150055484737095
591	1578137	519	0.33859875771989184078947232592327
594	1586148	522	0.33858823952133215717807956934848
597	1594159	525	0.33855743830586237930191373379785
600	1602170	527	0.33852893419629070947962645732332
603	1610181	530	0.33850381966468973127248887067253
606	1618192	533	0.3384877969591078006317275139736
609	1626202	536	0.33846099854655514738155375198403
612	1634213	538	0.33844571106328130705165335712081
615	1642224	541	0.33841449777350707250889172428288
618	1650235	544	0.33839127506408744894272899728094
621	1658246	546	0.33837229740095997598814392404165
624	1666257	548	0.33834170309577199509121214759944
627	1674268	551	0.33832824454146881443250549637014
630	1682278	554	0.338304377833886615878355996756
633	1690289	557	0.33828722902094682245532908382302
636	1698300	560	0.33825698307258761365901023054903
639	1706311	564	0.33824945829249986051223686445155
642	1714322	567	0.33822690670522381761742281014449
645	1722333	569	0.33820882420350656394347765854036
648	1730344	572	0.33819212071754001236456588230794
651	1738354	574	0.33816957135108138832180202371092
654	1746365	577	0.33815352470426862652175259427167
657	1754376	580	0.33814048432764887142099041739129
660	1762387	583	0.33812483093477979645413711295987
663	1770398	585	0.3381078623301247421117921021505
666	1778409	588	0.33809033600068932878812688613834
669	1786420	591	0.33807904152214351967131733545102
672	1794430	594	0.3380549598900652319422022173967
675	1802441	596	0.33804040165243864901611914319801
678	1810452	599	0.33803148939653254734238885248487
681	1818463	602	0.33801963563287612535290804771648
684	1826474	604	0.3380022390272450771853129936062
687	1834485	606	0.33799335831058718859765122033423
690	1842495	609	0.33798043789549925275395025892067
693	1850506	612	0.33797090114509215075244696890877
696	1858517	614	0.33795208171564938837150293693412
699	1866528	618	0.33794209606228842179831417524838
702	1874539	621	0.33793562525465753454412265455176
705	1882550	624	0.33791949477150867719998927896086
708	1890561	627	0.33790655562285670798772230227769
711	1898571	630	0.33789323750886446351415770550375
714	1906582	632	0.33788021888532243641733998629206
717	1914593	635	0.33786632799970295337743664276786
720	1922604	637	0.33785568182909431200755534518976
723	1930615	639	0.33784580506459682691655643793638
726	1938626	642	0.33782489187553244036621435952839
729	1946637	645	0.33781976493331572486411573663645
732	1954647	647	0.33780874075179928572865151181759
735	1962658	649	0.3377976597260096136565721280931
738	1970669	652	0.33778881685178396843127757165348
741	1978680	654	0.33776987720391493663640858358121
744	1986691	657	0.33775776711174682054306117606757
747	1994702	660	0.33774659374292420599417141602316
750	2002713	664	0.33773566731374138338850343643571
753	2010723	666	0.33771262535199386700668355842936
756	2018734	669	0.33770145127196155021565004972217
759	2026745	672	0.33769276227416938906955579113855
762	2034756	674	0.33768798784183773342704171227524
765	2042767	677	0.33767453340287012508724728832021
768	2050778	680	0.33767196452524428362806929726503
771	2058788	683	0.33765583516528968610614924727997
774	2066799	685	0.33764708835377210682793247542577
777	2074810	688	0.33763886103915691228039008819906
780	2082821	691	0.33762846972169097137239646144735
783	2090832	694	0.33761625136007400449500437389361
786	2098843	697	0.33761001252717220966204081378237
789	2106854	699	0.3376019643307774376062013743649
792	2114864	702	0.33759011283019901838997611775994
795	2122875	705	0.33757841162863083672718289562908
798	2130886	708	0.33756580607887826106505713141814
801	2138897	710	0.33755444539122880787118674561498
804	2146908	714	0.33754251018372816162127492134459
807	2154919	717	0.337536382682073865524330358312
810	2162930	719	0.3375292014906698390142025800742
813	2170940	722	0.337535177222434423782715384732
816	2178951	724	0.33752207072745082916398473571462
819	2186962	727	0.33751395280533963427771482201933
822	2194973	730	0.33750099527645316399571129295509
825	2202984	732	0.33748793229705315033228885113203
828	2210995	735	0.3374822125773296876971585334104
831	2219006	738	0.33748799454969830025063970424526
834	2227016	740	0.33747096790931180310124659627036
837	2235027	743	0.33746012540114805888791238430713
840	2243038	746	0.33744930911469034340299799623608
843	2251049	748	0.33744842050632151142508519114926
846	2259060	751	0.33743386625073362727889048073848
849	2267071	754	0.33742527378079872901750491109851
852	2275081	756	0.33741447507745786493771333880431
855	2283092	759	0.33740995368316062386071507717133
858	2291103	762	0.33740588647438524150246053068258
861	2299114	765	0.33739862214884408508908109070035
864	2307125	767	0.33738646084712781147985083407548
867	2315136	770	0.33738201125177308403735310093907
870	2323147	772	0.33737108294160345067780326644424
873	2331157	775	0.3373763837372987794971379571507
876	2339168	778	0.33737636212865329543575398929534
879	2347179	781	0.33737328091237617222475364542333
882	2355190	783	0.33736619478921314740915704533109
885	2363201	786	0.33736146464028821112535183601722
888	2371212	789	0.33735314317866654798550030136539
891	2379223	792	0.33734173322192706478972468175925
894	2387233	794	0.33733373163172175601687285961816
897	2395244	797	0.33732369485040997192371037272096
900	2403255	799	0.33731779382933768651753325684695
