0	0	0	0.6931471805595997848215006342798
3	1602	1	0.5229695586641841531516661234491
6	3204	2	0.49619413980592330659646904678084
9	4806	4	0.4747012639663271693635238079878
12	6409	5	0.45747393506437561416788639689912
15	8011	6	0.44450795835158890545457666121365
18	9614	8	0.43381058690473861538805522286566
21	11216	9	0.42478629241344445510719651792897
24	12818	10	0.41746274788552795165230691054603
27	14421	12	0.41100044076146907690016973901947
30	16023	14	0.40559977727663060198537436917832
33	17625	16	0.40101308224009629688211475695425
36	19228	18	0.39703557797734528866939740510134
39	20830	20	0.39346705102372447893088747150614
42	22433	21	0.39008756257822857493877677370619
45	24035	23	0.38730814374306693492755471197597
48	25637	25	0.38500450045219747341462834810955
51	27239	27	0.38273672891731358447486854856834
54	28842	28	0.3805045488626681016164354787179
57	30444	30	0.37851087826585200213358461951429
60	32047	31	0.37679385267403114889717130608915
63	33649	33	0.37553879955931207534902682709799
66	35251	34	0.37388826292308791066076878450986
69	36853	36	0.37242074060211155517308156959189
72	38456	38	0.37113285783989902189006215849076
75	40058	39	0.37000684030435387894542031972378
78	41661	41	0.36903844790528589347999854908267
81	43263	42	0.36808050996654539943619965924881
84	44865	43	0.36700587909504056582932207675185
87	46468	45	0.36603574752299672390165596880252
90	48070	46	0.36513927827078634935631384905719
93	49672	48	0.36439715243599152261211315817491
96	51275	49	0.36356822655709902791798526777711
99	52877	51	0.36284582873864196228552714273974
102	54480	52	0.36208919810121037441419389324437
105	56082	53	0.36144240168506419630389814301452
108	57684	54	0.36086527975375071175534458234324
111	59286	56	0.36025226192324261154098508086463
114	60889	57	0.35959887904903337085826819929935
117	62491	58	0.35898560269435964009687722864328
120	64094	60	0.35839808576662557371150796825532
123	65696	61	0.35789135945187539045164726303483
126	67298	63	0.3573881243585458888922801179433
129	68900	65	0.35687008442046874723274640928139
132	70503	66	0.3563849884496395059585438502836
135	72105	68	0.35589455227134736414740245891153
138	73708	69	0.35554091567878753910036948582274
141	75310	71	0.35514861424765958863858372751565
144	76912	72	0.35468389447115261647880402051669
147	78515	74	0.35426999426191480013770274126728
150	80117	75	0.35387684656399265303861056963797
153	81719	76	0.3535462312212467317351638484979
156	83322	77	0.3531095920758868245137307440018
159	84924	79	0.35279459391696188497178354737116
162	86527	80	0.352422601351470243802310733372
165	88129	82	0.35198393291841556518306788348127
168	89731	83	0.35171287841161036347159551951336
171	91333	85	0.35147139456516246491801780393871
174	92936	86	0.35107781833301071605646370699105
177	94538	87	0.35079475720070074640233315221849
180	96141	89	0.35054319897771102354511185694719
183	97743	90	0.35031423110709353219149875258154
186	99345	91	0.35008075519387232832357881306962
189	100947	93	0.34983453765015420922068756226508
192	102550	95	0.34959118771442287965101058944128
195	104152	96	0.34931169723048771658113764715381
198	105755	98	0.34911028172666647151345387101173
201	107357	99	0.34885965263910173606021203340788
204	108959	101	0.3486011766639292575042929911433
207	110562	102	0.34837068107538621264396283550013
210	112164	104	0.34812148860084496382327756691666
213	113766	106	0.34802180087770584471229540213244
216	115369	107	0.34782736215466780738125862626475
219	116971	109	0.34762758744165717095242484901974
222	118574	110	0.34738542854380871638397820788668
225	120176	112	0.34720496787140014971484447414696
228	121778	113	0.34705065323035511060112412451417
231	123380	114	0.34682911041024339082738947581674
234	124983	116	0.34664159195421107018120210341294
237	126585	117	0.34644318993419220831242455460597
240	128188	119	0.34625662584837568758189263462555
243	129790	120	0.34614604715492913733498880901607
246	131392	122	0.345999544094193867138642417558
249	132994	123	0.34584693958788148560046238344512
252	134597	125	0.34564228899595417221490833981079
255	136199	126	0.3454448360988598976106800364505
258	137802	128	0.34534211020618604814913510381302
261	139404	130	0.34522105429811733579015253781108
264	141006	131	0.34501906645245605798066890201881
267	142609	133	0.34487336512069571847760585114884
270	144211	134	0.34472231183882046101629725853854
273	145813	136	0.34464013617547967216481197283429
276	147416	137	0.3445252696511137413537539941899
279	149018	139	0.34439983330410783857189471746096
282	150621	141	0.34430920922771718339916446893767
285	152223	142	0.34414279121478785761212293436984
288	153825	143	0.34403880566738503921087044545857
291	155427	145	0.34393754465768233696820743716671
294	157030	146	0.34378952085022762563681908432045
297	158632	147	0.34366325955945981052153115342662
300	160235	149	0.34355870297005075553187225523288
303	161837	150	0.34348196103574396564894755101705
306	163439	151	0.34338628773683282924267246016825
309	165041	153	0.34328084039087830570124992846104
312	166644	154	0.34317164701517732794400217244402
315	168246	156	0.34307872873617129005907600003411
318	169849	157	0.342980902536306753169981220708
321	171451	159	0.342910534641302611191804317059
324	173053	161	0.34281829661531326713941325579071
327	174656	162	0.3427015415908378215270602140663
330	176258	164	0.34262512557150887060331001521263
333	177860	165	0.34254323425848876016885924400412
336	179463	167	0.34246204214827680178956370582455
339	181065	169	0.34239230072286419570559701242018
342	182668	170	0.34234537647232399226737697972567
345	184270	172	0.34222743354250884095790752326138
348	185872	173	0.34216084826441989230616513850691
351	187474	175	0.34207739963086952750259683853074
354	189077	176	0.34194466574143500547933172128978
357	190679	177	0.34186269895003684737844196206424
360	192282	179	0.34177169382989025514518743875669
363	193884	180	0.34170508203641558608865125279408
366	195486	181	0.34167109400339351621411765336234
369	197088	183	0.34155720647608239781689576375356
372	198691	184	0.34149866801278794259388860155013
375	200293	185	0.34143614801566091188078644336201
378	201896	186	0.34137817743982634688393318356248
381	203498	188	0.34131908348362793859109842742328
384	205100	189	0.34125679702929406778011411915941
387	206703	191	0.34119804477636533901474535923626
390	208305	192	0.3411133230711052566341834335617
393	209907	194	0.34106810176768836972982512634189
396	211510	196	0.3410462084145282624092487822054
399	213112	197	0.34101478965033105161808180127991
402	214715	199	0.34093975090767619784415387584886
405	216317	201	0.34090533743584650050451045899536
408	217919	202	0.34084455192329615735857828440203
411	219521	204	0.3408119419347061529457221240591
414	221124	205	0.34076627325067365692490284345695
417	222726	207	0.34072453086910364783435056779126
420	224329	208	0.3406723132776077744843234995642
423	225931	210	0.3406340699359590162842437166546
426	227533	211	0.34060810375588373988264834224537
429	229135	213	0.34057471759277252454367612699571
432	230738	214	0.34051503414298767147272428701399
435	232340	215	0.34042907361354440842760027408076
438	233943	217	0.34039062262830721561357449900243
441	235545	218	0.34035476390436675275807942853135
444	237147	219	0.34030942315283513321944042218092
447	238750	220	0.34026383931594433862599657913961
450	240352	222	0.34024075298271744260958371341985
453	241954	223	0.34019571687973160223350532760378
456	243557	224	0.34018577748523731729690666725219
459	245159	225	0.34009480326407603989480321615702
462	246762	227	0.34007438981204507477684728655731
465	248364	228	0.34004649954323279414936109787959
468	249966	229	0.33999872608592296430174428678583
471	251568	230	0.3399612692762894461395717371488
474	253171	231	0.33989477944160578770649294710893
477	254773	233	0.33983858098266667147058228692913
480	256376	234	0.33981278488995442232933896775648
483	257978	235	0.33978572137151796805909498289111
486	259580	236	0.3397593183755922563449303197558
489	261182	237	0.33972459201028809561151433626947
492	262785	239	0.33967940215236741563487044004432
495	264387	240	0.33962365896329388403884763647511
498	265990	241	0.33962429195680648996713557608018
501	267592	243	0.33960270559941346801835493351973
504	269194	244	0.33951244529548030293142346636159
507	270797	246	0.33946286739437159241106201079674
510	272399	247	0.33944081820701987872723748296266
513	274001	248	0.33940824376439066023536383909232
516	275604	249	0.3393902691726942699723679197632
519	277206	251	0.33933763103738329158787223605032
522	278809	252	0.33932249647805379222376132020145
525	280411	254	0.33929410689371986009632564673666
528	282013	256	0.33926613653731135800128981827584
531	283615	257	0.33925365533914347837551872544282
534	285218	259	0.33921277953382866776621540338965
537	286820	261	0.33916922418561207264176005082845
540	288423	262	0.33911848980031483735686492764216
543	290025	264	0.33910705183520384320416951595689
546	291627	266	0.33909754994099156055753496730176
549	293229	268	0.3390629021556526567771072677715
552	294832	270	0.33904266717710090928150634681515
555	296434	271	0.33901109677669261088794883107767
558	298037	273	0.33900112096143458773056522659317
561	299639	274	0.33899189040889715629489842285693
564	301241	275	0.33895343173439984596484464418609
567	302844	277	0.33891463724758796871583399479277
570	304446	279	0.33890609242176644722022160749475
573	306048	280	0.33886659298870180911933402967406
576	307651	282	0.33887890464214048824587166564015
579	309253	283	0.33882836105922592428996154012566
582	310856	285	0.33881123578062827261803136025264
585	312458	286	0.33883331709148378774187904127757
588	314060	287	0.33877693359930449723549372720299
591	315662	288	0.33876654409628720321379091728886
594	317265	290	0.3387481349185825774128488774295
597	318867	291	0.33872196376790719707372545599355
600	320470	293	0.33868814795145485430083454048145
603	322072	294	0.3386895350752242017655646577623
606	323674	295	0.33867833713135747641942430163908
609	325276	297	0.33865191547515754999508885703108
612	326879	298	0.33861878126571015590329238875711
615	328481	300	0.33859230485560948276102521958819
618	330084	301	0.33859743586130736092698612083041
621	331686	302	0.33857421572570622902986769986455
624	333288	303	0.33854720028739543336016026842117
627	334891	305	0.33852115288748441113142462199903
630	336493	306	0.33848608802091761926789104109048
633	338095	307	0.33847157837311930839163665041269
636	339698	308	0.33845639901626733969663973766728
639	341300	310	0.33843273392635858654031721926003
642	342903	311	0.33842305953621154568367046522326
645	344505	312	0.33843084392087086076372770548915
648	346107	314	0.33838049868806047149050186817476
651	347709	315	0.33841132727759493104002785912598
654	349312	316	0.33833386266221604499193631454546
657	350914	318	0.33832022167624126174345633444318
660	352517	319	0.33830243434435547378313913213788
663	354119	320	0.33829481168196984253171422096784
666	355721	321	0.3383023305540602820862261523871
669	357323	323	0.33823703918497599607562165147101
672	358926	324	0.33823036891550051219468286944903
675	360528	326	0.3382166515512485260863684288779
678	362131	327	0.33822154761537570610840930385166
681	363733	328	0.33824741582094391967316937552823
684	365335	330	0.33819090671504897782639886827383
687	366938	331	0.33816323205522996753202846775821
690	368540	333	0.33814162170814260344187118789705
693	370142	335	0.33812584432536774148303493348067
696	371745	336	0.33813524568479519372132813259668
699	373347	338	0.33809208217111591521231162005279
702	374950	340	0.33807139461078067332877594708407
705	376552	341	0.33805159119852878912837468305952
708	378154	343	0.33806442363489813685006879495631
711	379756	345	0.33809749877431427567131549949409
714	381359	347	0.33801397280477801787768044050608
717	382961	349	0.33800176939381554319652423146181
720	384564	350	0.33798745799980584036958930482797
723	386166	351	0.33800550956190456020067358622327
726	387768	353	0.33799254205292783570513392987777
729	389370	355	0.33799747553123471455194248846965
732	390973	356	0.33797185398427725955272649116523
735	392575	358	0.33799232036567461445741855641245
738	394178	359	0.33796280151487956278089086481486
741	395780	361	0.33794472861371160909982336306712
744	397382	363	0.33792299597975328229182423456223
747	398985	364	0.33792380891259760078426666041196
750	400587	365	0.33790230820744077133710447924386
753	402189	366	0.33787996278806925465332255953399
756	403792	367	0.33787585812182202582576451277419
759	405394	369	0.33785266055326118594948070494866
762	406997	370	0.33783364648492714144012438737263
765	408599	371	0.3378212769411939597752336794656
768	410201	373	0.33784479690564456211276933572663
771	411803	374	0.33782434481045808816190856305184
774	413406	376	0.33778912126587934405819169114693
777	415008	377	0.33777191211632429101996422105003
780	416611	378	0.33775318189424069492687863203173
783	418213	380	0.33777729777079523731941890218877
786	419815	381	0.33778486835960314094151613062422
789	421417	383	0.33772643627862763970881587738404
792	423020	384	0.33770380983835501798040468202089
795	424622	386	0.3377000493746052933730084077979
798	426225	387	0.33770841970212123195338449477276
801	427827	389	0.33771154986945672860088052402716
804	429429	391	0.33768998658546200974939210937009
807	431032	392	0.33768741606272123512155758362496
810	432634	394	0.33766356698948485348665826677461
813	434236	395	0.33767380610380309802209808367479
816	435839	397	0.33771656902604424432823293500405
819	437441	398	0.33765522486619659048301400616765
822	439044	399	0.33763965822416919237980437173974
825	440646	400	0.3376294451469080137862022183981
828	442248	402	0.33763257788415063087583689593885
831	443850	403	0.33762472030447249204954118795285
834	445453	405	0.33762678427492809341003976442153
837	447055	406	0.33761178993566609563004021765664
840	448658	408	0.33759184974568634540759148876532
843	450260	409	0.33762006076228695539143132009485
846	451862	410	0.33757613779642442475292796189024
849	453464	412	0.33757703324751581197560312830319
852	455067	413	0.33756086544753266531770918845723
855	456669	414	0.33754953041190299822815745756088
858	458272	415	0.33758595235220884012150577291322
861	459874	417	0.33760694176908218055999100215558
864	461476	418	0.33753191181076447335840384766925
867	463079	419	0.33753743618938403248108670595684
870	464681	421	0.33752503782778053853519395488547
873	466283	422	0.33751409796930154083582920065965
876	467886	423	0.33750801407289715561077514394128
879	469488	424	0.3375092837971297443644402846985
882	471091	426	0.33747643060674298309820073882292
885	472693	427	0.33745604794792316560858580487547
888	474295	429	0.33746530123966439473903733414772
891	475897	430	0.33746615452681044677873956061376
894	477500	431	0.33743254626184510103215075105254
897	479102	432	0.33743103360414561375790754027548
900	480705	434	0.33741117858794017481116611634206
