0	0	0	0.6931471805595997848215006342798
3	1602	3	0.6880547402033487802697209190228
6	3205	7	0.67733133958134228436165358289145
9	4807	10	0.66853950044395482610326553185587
12	6410	13	0.66046962051024704631885242633871
15	8013	17	0.65296177777263531005758068204159
18	9615	20	0.65087393952044136913315242054523
21	11218	23	0.64383330914683190027147929868079
24	12820	27	0.63755727559355490630110807614983
27	14423	30	0.63254516301519103649297903757542
30	16026	33	0.62867935557581255956449695077026
33	17629	37	0.62453329228581555554455917445011
36	19231	41	0.61922710036990680215751581272343
39	20834	45	0.61049101730231991602693142340286
42	22437	48	0.60172793913191924275452038273215
45	24039	52	0.59054175700157296446946020296309
48	25642	56	0.58863509122174262344628914433997
51	27244	60	0.5806498481441290104854147102742
54	28847	64	0.5799861380665428667313676669437
57	30450	67	0.58136835819249499390792834674357
60	32053	71	0.57953670039222116017185726377647
63	33655	74	0.57826561713124424723986294338829
66	35258	77	0.5753715398489894772282582380285
69	36860	81	0.5718601154929463525888877484249
72	38463	84	0.57126635531347247365374641958624
75	40066	88	0.57160213268192616720142495978507
78	41668	91	0.57083459260030033899369072969421
81	43271	95	0.5707983838582104674230777163757
84	44873	98	0.5675945053512637672454843595915
87	46476	102	0.56792653074044496808170379154035
90	48079	106	0.56682898181663454728607121069217
93	49682	110	0.56585919552699792678396306655486
96	51284	114	0.56432426225794518614975459058769
99	52887	118	0.56278223013590367163061500832555
102	54490	122	0.55989798409419733182801337534329
105	56092	126	0.55884546157374259678363159764558
108	57695	129	0.55914527209313114042288361815736
111	59297	133	0.55577724495081015643194177755504
114	60900	136	0.55534994740469345586575400375295
117	62503	140	0.55542354022587736572802441514796
120	64106	143	0.55292016090218087942531610678998
123	65708	146	0.55371968415931571705357328028185
126	67311	150	0.55380614382379411697598925456987
129	68913	153	0.55012748422369694978328880097251
132	70516	157	0.54937112195987547469400169575238
135	72119	160	0.54848694391584751350876558717573
138	73721	164	0.54875368291759774042049002673593
141	75324	168	0.54633231455235364837363931656
144	76926	172	0.54296768752995816509354654044728
147	78529	176	0.54065516282815717641341279886547
150	80132	180	0.53727953340604139853553533612285
153	81735	184	0.53778615971282239804907021607505
156	83337	188	0.5358153732519375100906700026826
159	84940	191	0.53264370380745162947278004139662
162	86543	195	0.53286755881335656770403375048772
165	88145	198	0.53248787325107660439726942058769
168	89748	202	0.53109174120174118538528773569851
171	91350	205	0.53151124214195266670657247232157
174	92953	208	0.53214439515702371963357109052595
177	94556	212	0.53087363044712665427482534141745
180	96159	215	0.52970904894929882189558156824205
183	97761	218	0.52787327887657697900181119621266
186	99364	222	0.52593186475230857546137031022226
189	100966	226	0.52503461993240729821508239183458
192	102569	230	0.52419601268322402187749275981332
195	104172	234	0.52242873816711965506698334138491
198	105774	238	0.51920239716992344636281586645055
201	107377	241	0.517549722776030507453981499566
204	108979	245	0.51485585102074227226154334857711
207	110582	249	0.51393228423856474051945042447187
210	112185	253	0.5136225707239550075655643013306
213	113788	256	0.51334728484756819710810304968618
216	115390	260	0.51316936160288695312203799403505
219	116993	263	0.51204794570994116575946009106701
222	118596	266	0.51040827972190638828209330313257
225	120198	270	0.51074639378238950726540679170284
228	121801	273	0.51132528618611983173281032577506
231	123403	276	0.51064168880198046451823756797239
234	125006	280	0.50851278306643132864905965107027
237	126609	284	0.50857423052272032748533092672005
240	128212	288	0.50686135410693600178433371183928
243	129814	292	0.50532048549796348968499160037027
246	131417	296	0.50386321026334079942188282075222
249	133019	299	0.50322055802761245235643627893296
252	134622	303	0.50247035719712085377608445924125
255	136225	307	0.50182248483468838706755832390627
258	137827	311	0.50219442537163627715557367992005
261	139430	314	0.50130136127362667775031468408997
264	141032	318	0.50218175803144837754388163375552
267	142635	321	0.50290022023029468112298445703345
270	144238	324	0.50376504699346691396044661814813
273	145841	327	0.50304979556316475886035277653718
276	147443	331	0.50202970142608027703801099050906
279	149046	334	0.50196890074564370909371291418211
282	150649	338	0.50129805669249538624399065156467
285	152251	342	0.50001884407699448420459020780982
288	153854	346	0.49886389877823877903040283854352
291	155456	350	0.49773790727795341748418422866962
294	157059	354	0.49673278494271411176441688439809
297	158662	358	0.49609791604405772957875342399348
300	160265	362	0.49516924683898216885680199084163
303	161867	365	0.4945660333945635089847314702638
306	163470	369	0.49394574083722386781403201894136
309	165072	372	0.49343894163740259495298801084573
312	166675	376	0.49147162495179202990058797695383
315	168278	379	0.49206013335576986866826132427377
318	169880	382	0.4912376777917015213681395380263
321	171483	386	0.48941167796259188449425892031286
324	173085	389	0.48924089541997739516432375239674
327	174688	393	0.48938235453106182504257049004082
330	176291	396	0.4883693315521271949286585822847
333	177894	400	0.48889679343991160331839296304679
336	179496	403	0.48792320745766132317200458601292
339	181099	407	0.48737591054346862673440909929923
342	182702	411	0.48529656896666967247355728432012
345	184304	415	0.48440892854412564982879985109321
348	185907	419	0.48522965193822020779634840437211
351	187509	423	0.48561165283741269949047136833542
354	189112	426	0.48579540421174305375728863509721
357	190715	430	0.48639548020054640398157630443166
360	192318	434	0.48511324477460909809778399903735
363	193920	437	0.48390262172156567332947929571674
366	195523	441	0.48363251317662647732475988959777
369	197125	444	0.48481856481895152510830371284101
372	198728	448	0.48420893821211657970238206871727
375	200331	451	0.4837874821739787667418397631991
378	201933	454	0.48212415849237311160635499618365
381	203536	457	0.48169407938598701734989049327851
384	205138	461	0.47912380013790006882956618028402
387	206742	465	0.47904699277932266676671702043677
390	208344	468	0.47872584469116741257010971821728
393	209947	472	0.47804999982128759672406204117578
396	211549	476	0.47599217553611150588466216504457
399	213152	480	0.47565584562988555417106795175641
402	214755	484	0.47436117773358660310023537931556
405	216357	488	0.47419874159839020544282561786531
408	217960	492	0.47264949575075071441787599724194
411	219562	496	0.47146253368601287458972137756064
414	221165	499	0.47182289490617146388018454672419
417	222768	502	0.47094676406213198394112851019599
420	224371	506	0.46944399694768507158570969295397
423	225973	509	0.46853924401122498677452199444815
426	227576	513	0.46910831026013177780242813241784
429	229178	516	0.46794694426725691460688949518953
432	230781	519	0.46724918934456910468711043904477
435	232384	523	0.46718380302765316613999857509043
438	233986	526	0.46683495837127914063202638317307
441	235589	530	0.46712947403287291558982019523683
444	237191	534	0.4659569765317873035748164056713
447	238795	537	0.46674783842778089226754900664673
450	240397	542	0.46727959656838063962069895751483
453	242000	545	0.46691276682874505166154222024488
456	243602	549	0.46745120563850439676656378651387
459	245205	553	0.46760910711741038303657092001231
462	246808	557	0.46658403685393384785484727217408
465	248410	560	0.4664540822782916595912183765904
468	250013	563	0.46579429397661975542632717406377
471	251615	567	0.46481040806616319427391204044397
474	253218	570	0.46505490003411870114646831098071
477	254821	573	0.46495134292820783361577241521445
480	256424	577	0.46506070579598718373048882313014
483	258026	580	0.46359634610847094693397707487748
486	259629	583	0.46334928034198613611138739543094
489	261231	587	0.46364462141778794990187861913
492	262834	591	0.46208954865885337737196891794156
495	264437	595	0.46201835942595148587486164615257
498	266039	599	0.46175645524356934146226194570772
501	267642	603	0.46063693933456467677345358424645
504	269244	607	0.45997951732486180853598511930613
507	270848	611	0.45929932045858401501448042836273
510	272450	615	0.45896844408329773301602472201921
513	274053	618	0.45846824655461138053880176812527
516	275655	621	0.45787066674259996323925747674366
519	277258	625	0.45869958466708388167276666536054
522	278861	628	0.4582465772355297506379656624631
525	280463	631	0.45708274257705450160926829994423
528	282066	635	0.45701586567554786100231467571575
531	283668	638	0.45708900660387624670377704205748
534	285271	641	0.45638475122766802849483269710618
537	286874	645	0.45574256084225450713631744292798
540	288477	648	0.45525975618271269373948939573893
543	290079	652	0.45518297828666670623576351317752
546	291682	656	0.45582575356472376792993372873752
549	293284	660	0.45462355200617915462757423483708
552	294887	663	0.45386168213064886911567441529769
555	296490	667	0.4538045954889889377348310972593
558	298092	671	0.45344747589354983396958687080769
561	299695	674	0.45354518316868813743170107954938
564	301297	677	0.45352783337547869502159869625757
567	302901	681	0.45411181294568403465916617278708
570	304503	684	0.45422683993060825047294315481849
573	306106	687	0.45359329303314954717762930158642
576	307708	691	0.4525894929461602989029245236452
579	309311	694	0.45128355138681602864991759815894
582	310914	697	0.45232715225135922132437826803653
585	312516	700	0.45196308393911882594906614940555
588	314119	704	0.45218866236397309288363999257854
591	315721	708	0.45189880158212197835965184822271
594	317324	712	0.45116892344813497306432736877468
597	318927	716	0.45082409643159532253164911708154
600	320530	720	0.4509487696270638168449806926219
603	322132	724	0.45106895789160855736454891484755
606	323735	728	0.45074024221152442226667744762381
609	325337	732	0.44993377160583752916167554758431
612	326940	735	0.44972805596054077348355804133462
615	328543	738	0.44874257462686539810192698496394
618	330145	742	0.44792014404660152049331145462929
621	331748	745	0.44755877631525697868397628553794
624	333350	749	0.44746287635336939869645789258357
627	334954	752	0.44715492718713867326130184665089
630	336556	755	0.44669560827886095610850247794588
633	338159	759	0.44533194845964546582095522353484
636	339761	762	0.44580625246398064565056529318099
639	341364	766	0.44576653427323736922360808421217
642	342967	769	0.44521609027156550109083354982431
645	344569	773	0.44541807651831166747768975255894
648	346172	777	0.44533218601165580619039019438787
651	347774	781	0.44619506484204501939316855896323
654	349377	785	0.4456755078523408908353076185449
657	350980	788	0.44490895451371220703506992322218
660	352583	792	0.44498247827661441267110831176979
663	354185	795	0.44542601980210033696394589242118
666	355788	799	0.44543778626951568977432316387421
669	357390	802	0.44529604225088359470419163699262
672	358993	806	0.44529895792035045776202650813502
675	360596	809	0.44463809912571877758225014076743
678	362198	812	0.44383830934435875015253714082064
681	363801	815	0.44355614338924875816871917777462
684	365404	819	0.44375855403718128533441245053837
687	367007	822	0.44366584341114273515316313023504
690	368609	826	0.44323318117676840932617210455646
693	370212	830	0.44365696044031444067456959601259
696	371814	833	0.44380174055864934912207786510407
699	373417	837	0.44340939692489816925657919455261
702	375020	841	0.44370389189587622347232809261186
705	376622	845	0.44310513678259222380972914834274
708	378225	849	0.442840072303030796163625382178
711	379827	853	0.44268985560993745487223804957466
714	381430	857	0.44217107304158415059802678115375
717	383033	860	0.44202302192749981513131274368789
720	384636	864	0.44101218818302329038871789634868
723	386238	867	0.44014249379560022035207111912314
726	387841	870	0.44047981653193879481023031985387
729	389443	873	0.44080355563870360358080802143377
732	391046	877	0.4402641193945978637103166875022
735	392649	880	0.43926497624981009071376547581167
738	394251	883	0.43863457864409011177642128131993
741	395854	887	0.43886052209655146416622528704465
744	397457	891	0.43828283224811898088901784831251
747	399060	895	0.43782409964562718496239313026308
750	400662	899	0.43826613051585588953784622390231
753	402265	902	0.43851928941680368145838997406827
756	403867	906	0.43823339804847621925532052955532
759	405470	910	0.43759908085765508722886352188652
762	407073	915	0.43671936755115225992085470352322
765	408675	918	0.43686141150247331799150174447277
768	410278	921	0.4366849214188450734042135081836
771	411880	924	0.4364678170515962074560434302839
774	413483	928	0.43617713953141101779209520827862
777	415086	931	0.43564398221305206115872010741441
780	416689	935	0.43529316329176748201490454448503
783	418291	938	0.43426118073651653883615608719992
786	419894	941	0.43405768626315199831822155829286
789	421496	945	0.43428771885332523305933705159987
792	423099	949	0.43426915422224598994915822913754
795	424702	953	0.43510401443594176607021495328809
798	426304	956	0.43537344551773193845889409203664
801	427907	960	0.43523746166934118573266232488095
804	429510	964	0.43452910303567932048807165301696
807	431113	968	0.43416612928473979904353541314777
810	432715	972	0.43404143081609825038924554974074
813	434318	975	0.43390370210189943556144953618059
816	435920	978	0.43367368810644796317532723151089
819	437523	982	0.43347732050919046686843216775742
822	439126	985	0.43306462186044386575289877328032
825	440728	988	0.43247062396444635457015692736604
828	442331	992	0.43308608796182124223150822217576
831	443933	995	0.43218601470727646685077161237132
834	445536	998	0.43196492800447605642233384060091
837	447139	1001	0.43148946904050833328625458307215
840	448742	1005	0.43183505982548969770462576889258
843	450344	1009	0.43201406499095351687600441437098
846	451947	1013	0.43135988979053391245699344835884
849	453549	1017	0.43062659888383558737245948577765
852	455152	1020	0.43071191274358450185033575507987
855	456755	1024	0.43067981498159690900706664251629
858	458357	1028	0.43019648982159564010174790382734
861	459960	1032	0.42978491187514711313610860088374
864	461563	1035	0.42983190065638127164149295822426
867	463166	1039	0.42942778398216402413467562837468
870	464768	1042	0.4295228090848437485504973665229
873	466371	1045	0.42969891274882293652481735080073
876	467973	1049	0.42985594771689505932954489253461
879	469576	1052	0.42966623241233936614236199602601
882	471179	1056	0.42893837599026213291963927076722
885	472781	1059	0.42793874030055023549579118480324
888	474384	1062	0.42799567131208127168662258554832
891	475986	1066	0.42768117805208666348804058543465
894	477589	1070	0.42815725787346148312195737162256
897	479192	1074	0.42879037437135836263735200191149
900	480795	1078	0.42870188894556976455518793045485
