0	0	0	0.6931471805595997848215006342798
3	8010	3	0.68835211094685966326522930103238
6	16021	7	0.6858840109397367212906715394638
9	24032	10	0.6744811820429125193143704564136
12	32043	13	0.66243930217751589850649907020852
15	40054	17	0.6569629217299648438199710653862
18	48065	21	0.64943297944171207713992544086068
21	56075	24	0.64860160403874533852075501272338
24	64086	28	0.64319016335903733683210248273099
27	72097	31	0.64292897092235112843638944468694
30	80108	34	0.63515243984303337843044801047654
33	88119	38	0.63448459614240182435906945102033
36	96130	42	0.62686197081386840768146839764086
39	104141	45	0.62600269250158757650126517546596
42	112151	49	0.62600909330541953945470368125825
45	120162	53	0.62729531231116408829251440693042
48	128173	56	0.62442084664475672184380528051406
51	136184	59	0.62227717017564643242621968965977
54	144195	63	0.61644348266526016733024562199716
57	152206	67	0.6174399433233651590668955577712
60	160217	70	0.61695671218681458203292322650668
63	168227	73	0.61137938584438289435496471924125
66	176238	77	0.60106380541752590929149846488144
69	184249	80	0.59558110019169951954154385020956
72	192260	83	0.59247907892087225967259200842818
75	200271	87	0.58870686827457052725520725289243
78	208282	91	0.58418852999879689047446618133108
81	216293	94	0.5850503056984625027681090614351
84	224303	97	0.58130819596480876043642638251185
87	232314	101	0.58018802936287094951239851070568
90	240325	104	0.57623723804090798417121277452679
93	248336	108	0.57117385613997195825675134983612
96	256347	112	0.56645240838545651840263417398091
99	264358	115	0.56639012321443027442313677966013
102	272368	119	0.5643560515537077160175272183551
105	280379	122	0.56149641146224771315331736332155
108	288390	126	0.55876815536320545430015727106365
111	296401	129	0.55410037745204854253699977562064
114	304412	133	0.55546184574973556102861493855016
117	312423	136	0.55480508242300419219361629075138
120	320434	140	0.55030210945829460822409373577102
123	328444	143	0.54877085148306781192673042824026
126	336455	146	0.54898209231303640720511793915648
129	344466	150	0.55020254432362525331967617603368
132	352477	153	0.54947311832861223113155801911489
135	360488	157	0.54909370545081492842598436254775
138	368499	160	0.54867359902515611125295436067972
141	376510	164	0.54935586145823445125557782375836
144	384520	167	0.54845120857670515146509160331334
147	392531	170	0.54550371113615458984469341885415
150	400542	174	0.54360131154063584535407471776125
153	408553	177	0.54324241137033923987331718308269
156	416564	180	0.53840673831587504416518186189933
159	424575	184	0.53662203055215340619099606556119
162	432586	188	0.53600246416059538212550705793547
165	440596	191	0.53447384354786764415479183298885
168	448607	195	0.53620705267918367109558630545507
171	456618	198	0.5361606749200419352874291689659
174	464629	202	0.53467215729383588129763893448398
177	472640	205	0.53139621314649643224470310087781
180	480651	209	0.53172672613191795942810813357937
183	488661	212	0.53015255222252366529289702157257
186	496672	216	0.5312722205042178513778594606265
189	504683	219	0.53139813320517270689435918029631
192	512694	223	0.52982097168787267715828193104244
195	520705	226	0.52905311587055792177380908469786
198	528716	230	0.52809694928917016998326516841189
201	536727	233	0.52746243621856514494083967292681
204	544737	237	0.52848678043415819871597705059685
207	552748	241	0.52740089107424892311826170043787
210	560759	244	0.52618697250268064991018945875112
213	568770	248	0.52400305148689485523760822616168
216	576781	251	0.5233400115491556592317579088558
219	584792	255	0.52190295993059576673545052472036
222	592803	258	0.52210137032111347821228264365345
225	600813	262	0.51992597109411664568767719174502
228	608824	265	0.51709206726184631097709143432439
231	616835	269	0.51681200017883410779973019089084
234	624846	272	0.51569412496632527354023523002979
237	632857	276	0.51340258261951343676798842352582
240	640868	279	0.50968810164958422426195738808019
243	648879	283	0.51100015187778013991959369377582
246	656889	286	0.5107744321028840905896117874363
249	664900	290	0.50824463682871146019692787376698
252	672911	293	0.50592885924847041945184855649131
255	680922	297	0.50402628418147321642805991359637
258	688933	300	0.50336459785599951821666309115244
261	696944	303	0.50347665998803992071231050431379
264	704954	307	0.50348266356873694338247560153832
267	712965	311	0.50196324682508286496585014901939
270	720976	314	0.50152444767241011192027144716121
273	728987	317	0.50142982097740418367948223021813
276	736998	321	0.50078259404201175275517243790091
279	745009	325	0.49969363032062757978835065841849
282	753020	328	0.49919139355634795096605671460566
285	761030	332	0.49731173200991618532640359262587
288	769041	335	0.49649994068149605475070984539343
291	777052	339	0.49456854280718492988810908173036
294	785063	342	0.49416797138495410779412964075163
297	793074	346	0.49257723499186456539433720536181
300	801085	349	0.49283217851506494477931141773297
303	809096	352	0.49129887604583855065243369608652
306	817106	356	0.49104300541316753259124538999458
309	825117	360	0.48986396786328945118782485224074
312	833128	363	0.49076626014464380665103249157255
315	841139	367	0.48969306813018220747579789531301
318	849150	370	0.48831143053987674518268136125698
321	857161	374	0.48718029800191475775505978162983
324	865172	377	0.48683974720412270809077881494886
327	873182	381	0.48631091097098444464563726796769
330	881193	385	0.48557750169543040241748599328275
333	889204	388	0.48398142484910655625185427197721
336	897215	391	0.48380770665816608122611341968877
339	905226	395	0.48183623948955978111285958220833
342	913237	398	0.48148671777255064307965426451119
345	921247	401	0.48058541299225471243872220838966
348	929258	405	0.47888663735725062187142953007424
351	937269	409	0.47940293043318754628856481758703
354	945280	412	0.478905290482107504068665093655
357	953291	415	0.4792998555971729746083553891367
360	961302	419	0.47741066725011743754336634992796
363	969313	423	0.47614536655640382623033701747772
366	977323	426	0.47650311193836275558410875419213
369	985334	430	0.47437878572252573095013872261916
372	993345	434	0.47382914549416954574923011023202
375	1001356	437	0.47460659418363732031664881105826
378	1009367	440	0.47437868389799536794626533264818
381	1017378	444	0.47330686520996922972415177355288
384	1025389	448	0.47236862310197585967941336093645
387	1033399	451	0.47082230227012156209553950247937
390	1041410	455	0.47050567632380924099066987764672
393	1049421	458	0.46936764475049386202698542547296
396	1057432	461	0.46947144797206225019792213970504
399	1065443	465	0.46951786664966016493494294081756
402	1073454	468	0.46875947489119151878611546635511
405	1081465	472	0.46826161904983609751695894374279
408	1089475	476	0.46830348070880117861136682222423
411	1097486	480	0.46832468008118161018060732203594
414	1105497	483	0.46845078363288622513849190909241
417	1113508	487	0.46730887206792054433535099633445
420	1121519	490	0.46667464081256815333631493558642
423	1129530	493	0.46733156184395696630673455729266
426	1137540	496	0.46688774464474502856603521649959
429	1145551	499	0.46598546791119338505993141552608
432	1153562	502	0.46582904056516288848754925311368
435	1161573	506	0.46512258462880889942070439246891
438	1169584	510	0.4661190101164622845431040332187
441	1177595	514	0.46533268367375063556679037901631
444	1185606	517	0.46575982211961441947778439498506
447	1193616	521	0.46465617541821491176534664191422
450	1201627	524	0.46348115137325907042509243183304
453	1209638	528	0.46239670880044925205254457978299
456	1217649	531	0.46122696730077489268850854386983
459	1225660	535	0.46070956982647781607909109879984
462	1233671	538	0.46000208896847460948720254236832
465	1241682	542	0.45973186251019948489471289576613
468	1249692	545	0.45947276693219835097536929424678
471	1257703	548	0.45878240310992418615754218080838
474	1265714	551	0.45845484105809608532666743485606
477	1273725	554	0.45861357581314593501176091194793
480	1281736	559	0.45853826517808971008349772091606
483	1289747	564	0.45819258638827309315644242815324
486	1297758	567	0.45758203078458720147736471517419
489	1305768	571	0.45801096418805509191685132464045
492	1313779	574	0.45720168523973409024918623799749
495	1321790	578	0.45706223826136155308219599646691
498	1329801	582	0.45737037458053336758112550342048
501	1337812	585	0.4579560451029085488272585280356
504	1345823	588	0.45802960834220846075837130229047
507	1353833	592	0.4573494924166465191994745964621
510	1361844	595	0.45672120500720203573052913270658
513	1369855	599	0.45654673540222145966538391803624
516	1377866	602	0.45565397627386583501163386245025
519	1385877	606	0.45584885578775197201295554805256
522	1393888	610	0.45580843617714861260026282252511
525	1401899	613	0.45473981817940900551633376380778
528	1409909	617	0.45450120385916248366697800520342
531	1417920	620	0.45349837047752183938342795954668
534	1425931	624	0.45304193090574179647589403430175
537	1433942	627	0.45289435897205160275191815344442
540	1441953	631	0.45273843275736058711089526696014
543	1449964	634	0.45315946703768417158642023423454
546	1457975	637	0.45414199802921600968019788524543
549	1465985	641	0.45485823436626543481153817083396
552	1473996	645	0.45529333312280162449070530783501
555	1482007	648	0.45481795368804905921322756512382
558	1490018	651	0.45462463930935881339934212519438
561	1498029	656	0.4539107480660562465857310598949
564	1506040	659	0.45324625149727032491497880073439
567	1514051	662	0.45245804248084525722717330609157
570	1522061	666	0.45183558003206170106125227903249
573	1530072	669	0.45229692585390013359614158616751
576	1538083	672	0.45245985025809076773839478846639
579	1546094	676	0.45103304695585511030486713934806
582	1554105	680	0.45056688274542694427893252395734
585	1562116	683	0.45129498123281353016977845982183
588	1570127	687	0.45092118833205085959292546249344
591	1578137	691	0.45064147116573888274260184516606
594	1586148	694	0.44983273366394149750391306952224
597	1594159	697	0.44974452624340977013872588941013
600	1602170	701	0.44975082113388853422009105997859
603	1610181	704	0.44897663583669811249166059496929
606	1618192	707	0.44903703159865876459733158299059
609	1626202	711	0.4481877158361188273616448896064
612	1634213	715	0.44728585278819626980251200620842
615	1642224	718	0.44708637590468469635851533894311
618	1650235	722	0.44740801040319622128293985952041
621	1658246	726	0.44722909100285634931282174875378
624	1666257	729	0.44629083462758328826325282534526
627	1674268	732	0.44628836800912041749000991330831
630	1682278	735	0.44587760133188558686612168457941
633	1690289	738	0.44535179721589551737892520577589
636	1698300	741	0.44550863048741157212973007517576
639	1706311	744	0.44539665706871961470270093741419
642	1714322	749	0.44589819613616393789712333273201
645	1722333	753	0.44483870090967353450039922790893
648	1730344	756	0.44397243671066982662054556385556
651	1738354	760	0.44328054331115385178208043726045
654	1746365	763	0.44297855378220873934225210177829
657	1754376	767	0.44253875740540238314935095331748
660	1762387	770	0.44278593379744396463237876560015
663	1770398	773	0.44213641818004145722653674965841
666	1778409	777	0.44212390175794791247199100325815
669	1786420	781	0.44184053236510939521863861045858
672	1794430	784	0.4418204253951070747952201145381
675	1802441	788	0.4417834334688254815937114017288
678	1810452	792	0.44196971174853000308146988572844
681	1818463	795	0.44191369694322940597785986938106
684	1826474	798	0.44201852934828705921077585117018
687	1834485	802	0.44203980911754209293107464873174
690	1842495	806	0.44141873560200939330400160542922
693	1850506	809	0.44081264507756923176629015870276
696	1858517	813	0.44034464255057176318430833816819
699	1866528	817	0.44077276168916346144044382526772
702	1874539	821	0.44033882808528518326696143958543
705	1882550	824	0.44025625966847636849621494548046
708	1890561	828	0.44036313958365819187790179967124
711	1898571	832	0.44088377001698686452613173969439
714	1906582	835	0.44063374117396442164462655455281
717	1914593	839	0.44041150225337427626115527345974
720	1922604	842	0.43998563479280444754593304423906
723	1930615	845	0.43970976016274110342862968536792
726	1938626	849	0.43948108612961800378826637825114
729	1946637	853	0.43880840833020678948273030073324
732	1954647	856	0.43872582750411609486818065306579
735	1962658	859	0.43792835711691185940352966099454
738	1970669	863	0.43729019851540773533571382358787
741	1978680	866	0.43691392446924426362642179810791
744	1986691	870	0.43678680756294746556633867839992
747	1994702	874	0.43610083479361611003000120945217
750	2002713	877	0.43554266371634464682927045942051
753	2010723	880	0.43473000351738255719880044125603
756	2018734	884	0.43462871024095534044917599203472
759	2026745	888	0.43454074766098704785122208704706
762	2034756	891	0.43436227381226799604263533183257
765	2042767	894	0.4341621509274163903668863895291
768	2050778	898	0.4339196509169996329724483530299
771	2058788	902	0.43424183721520437373442291573156
774	2066799	905	0.43370382225444598089936221185781
777	2074810	908	0.43324059487441629601178760822222
780	2082821	912	0.43347523289905209864514290529769
783	2090832	915	0.43335646142324002472179245160078
786	2098843	919	0.43313869557310114011272617062787
789	2106854	923	0.43289526797926547452277645788854
792	2114864	926	0.43270541664055972574942643404938
795	2122875	929	0.43230615411023814997903969015169
798	2130886	933	0.43221144862742566505886543382076
801	2138897	937	0.43237505006200477319922015340126
804	2146908	940	0.43170973250044686331250431976514
807	2154919	943	0.43138968344606426486009809195821
810	2162930	947	0.43066678834446037171801435761154
813	2170940	950	0.43069699959299384550703848617559
816	2178951	954	0.43028101595635709353260267562291
819	2186962	958	0.4302821767960761656368617877888
822	2194973	961	0.43050584557602245006080465827836
825	2202984	965	0.43110181502208816395338430993434
828	2210995	968	0.43094495655763626063006199728989
831	2219006	971	0.43076344628533819181015473986918
834	2227016	975	0.43072939860764697383999077828776
837	2235027	978	0.4302922979860552277209251315071
840	2243038	982	0.43047153880911781520524073130218
843	2251049	986	0.43036916456491974836140457227884
846	2259060	989	0.42996784088249234700995771163434
849	2267071	992	0.42999050037581554306598263792694
852	2275081	996	0.42993021749146809185049278312363
855	2283092	1000	0.43005664708820767749841706972802
858	2291103	1003	0.43010664054224101437995386731927
861	2299114	1007	0.43014873775429945945703025245166
864	2307125	1010	0.43025078238786951256855672909296
867	2315136	1014	0.42964358518205747472507027850952
870	2323147	1017	0.42914482974521761526887075888226
873	2331157	1021	0.42912310231140315952558239587233
876	2339168	1024	0.42904337211263809948036396235693
879	2347179	1028	0.42841763890087874999679229404137
882	2355190	1031	0.42902397159955374394968430351582
885	2363201	1035	0.42836642815800263228709354734747
888	2371212	1038	0.42776177518646868458418452974001
891	2379223	1042	0.42759101055085446674297600111458
894	2387233	1045	0.42759989856645630457165907500894
897	2395244	1048	0.4273895925402690920691384235397
900	2403255	1052	0.42780751553940249420904251564934
