0	0	0	0.6931471805595997848215006342798
3	8013	18	0.68404750342357989456587574750301
6	16026	37	0.6765452392285755678358327713795
9	24039	53	0.67039768072444205770921143994201
12	32053	69	0.6638676797232226922673703484179
15	40066	87	0.6597141460151391134658638293331
18	48079	102	0.65335643147018751530907820779248
21	56092	118	0.64922690666731652786580752945156
24	64106	137	0.64143847717130320074119254059042
27	72119	155	0.63549993928953829591677049393184
30	80132	171	0.63091696101413219377462837655912
33	88145	186	0.62557972079214474447894644981716
36	96159	204	0.6249685702110600038494681029988
39	104172	220	0.62139965998363577703855753497919
42	112185	235	0.61700814967425665624745079185232
45	120198	253	0.6138331631425806289570346052642
48	128212	272	0.6102520086229843432334973840625
51	136225	287	0.60808261736691360255235849763267
54	144238	303	0.60404612689335712705229752828018
57	152251	320	0.60102308598611897672014947602293
60	160265	335	0.59750211993575852442717177837039
63	168278	351	0.59386418191478340666833446448436
66	176291	369	0.58981318340783583931141720313462
69	184304	388	0.58766752556593060408118844861747
72	192318	404	0.58493867716093228548146498724236
75	200331	419	0.58223047899284685602339095567004
78	208344	438	0.57960112832357180145947950222762
81	216357	453	0.57672654926208144487986828607973
84	224371	469	0.57400213464983440569966433031368
87	232384	482	0.57241538190014906728464438856463
90	240397	497	0.56937355038127146489301821929985
93	248410	512	0.56675964928311706181318641029065
96	256424	528	0.56474067165054109285193817413528
99	264437	550	0.56241822835510635325562134312349
102	272450	569	0.56145710739860132942879999973229
105	280463	587	0.55945726909281523475669928302523
108	288477	602	0.55637133906572111552435444536968
111	296490	617	0.55396133271584546697852147190133
114	304503	636	0.5526874428565250463307734207774
117	312516	652	0.55132501399362809912929606070975
120	320530	667	0.54953963448203235753197759549948
123	328543	686	0.54823652686555113255906235281145
126	336556	704	0.54639513029545838662670576013625
129	344569	720	0.5452677792808765522281078119704
132	352583	736	0.54464068505891405358454449014971
135	360596	755	0.54280243473106060125843441710458
138	368609	771	0.54176840399544567983269871547236
141	376622	786	0.54081738411655000398070569644915
144	384636	805	0.54005798955866424204685927179526
147	392649	823	0.53782287604413703263617207994685
150	400662	839	0.53736676384609716183859973170911
153	408675	855	0.53613053947009392530276272736955
156	416689	872	0.53600140922621630767963551988942
159	424702	889	0.53420545655445039745501389916171
162	432715	905	0.53346344574401283189502009918215
165	440728	923	0.53274420393974308840512321694405
168	448742	941	0.53170273513611054916339071496623
171	456755	956	0.53067307824212350819692574077635
174	464768	970	0.52821626976866098424068241001805
177	472781	984	0.52710193835622831670661980751902
180	480795	999	0.52678031881352971321774703028495
183	488808	1014	0.52671337799439432725279175429023
186	496821	1036	0.5246466827999634041646004334325
189	504834	1058	0.52359493211606156215509599860525
192	512848	1076	0.52203077462916047668528563008294
195	520861	1092	0.52028157942698649573998181949719
198	528874	1107	0.51994546856238010867912180401618
201	536888	1125	0.51827864957790625854983090903261
204	544901	1143	0.51673293033620826264495917712338
207	552914	1159	0.5162523886153209673466335516423
210	560927	1178	0.51519766868238436874349872596213
213	568941	1196	0.51497011494416700116971696843393
216	576954	1211	0.51313291188983956025992938521085
219	584967	1227	0.51193698562251621630991849087877
222	592980	1245	0.51153896477175109236412708924036
225	600994	1264	0.51025927215513577905880993057508
228	609007	1280	0.50986100604872108821297160829999
231	617020	1298	0.50947660172851172433183819521219
234	625033	1317	0.5092109072313171225232508732006
237	633047	1332	0.50769582258771395189000941172708
240	641060	1348	0.50754138139130655638098232884659
243	649073	1367	0.50746937042867457101635864091804
246	657086	1383	0.507095958414294001315170135058
249	665100	1398	0.50674927459905139137674723315286
252	673113	1417	0.50640455725324651226060268527362
255	681126	1435	0.5061888348256300407257413098705
258	689139	1452	0.50560137497111579119035695839557
261	697153	1468	0.50536796223383062542922061766149
264	705166	1487	0.50456206134615610992000256374013
267	713179	1503	0.50424149607799884087455666303867
270	721192	1518	0.50318946855171586829413854502491
273	729206	1533	0.5025295091764887533969385913224
276	737219	1546	0.50136665767239652069520161603577
279	745232	1562	0.50139346552099772758026574592805
282	753245	1578	0.50066774968016802827008859821944
285	761259	1599	0.50009059716243209336994368641172
288	769272	1618	0.49925748588427704133252404972154
291	777285	1636	0.4987432501585041810798770711699
294	785298	1652	0.49798017718136489140334788316977
297	793312	1668	0.49755594634698102618486359460803
300	801325	1686	0.49650835654761604764928506483557
303	809338	1702	0.49592232941698938253338724280184
306	817351	1717	0.49512871111186024242201142442354
309	825365	1736	0.49419851351411148154824104494764
312	833378	1755	0.49434125005247842032929384004092
315	841391	1771	0.49357886870128819811753828616929
318	849404	1787	0.49292360395606504841481410039705
321	857418	1806	0.49243363362682840422834829041676
324	865431	1821	0.49172310967104132517491166254331
327	873444	1837	0.49123209343647089575313202658435
330	881457	1856	0.49074715896814508075962635302858
333	889471	1874	0.49003218987991870037035369023215
336	897484	1891	0.48970008118801766627825600153301
339	905497	1906	0.48861828584199157310408168086724
342	913510	1925	0.48821806098987985400583511363948
345	921524	1941	0.48772090951020724558517827063042
348	929537	1957	0.48703783278809859025315631697595
351	937550	1976	0.48629072199497280770685847528512
354	945563	1994	0.48576188341207054977033408249554
357	953577	2010	0.48528452907622099399276294207084
360	961590	2026	0.48461124877836381230622464499902
363	969603	2045	0.48395359030660872745599476729694
366	977616	2061	0.48330165876649378020601943717338
369	985630	2077	0.48234995681507997211667770898202
372	993643	2095	0.48189145587576326379419811019034
375	1001656	2114	0.48123788829614122519728880433831
378	1009669	2130	0.48022666940578162542152540481766
381	1017683	2145	0.47998115685544606723311744644889
384	1025696	2164	0.47971757363127032203209409999545
387	1033709	2180	0.47945856783341433970946354747866
390	1041722	2196	0.47832357102830375117363814752025
393	1049736	2214	0.47764996097077694336974218458636
396	1057749	2233	0.47730633103606096012683224216744
399	1065762	2248	0.47691563744016862713692717079539
402	1073776	2264	0.47670148850557741981859294355672
405	1081789	2282	0.47652343189635426590200495411409
408	1089802	2298	0.4755490090766921751352924729872
411	1097815	2313	0.47499142006268457727458098815987
414	1105829	2332	0.47470703100137401353464383646497
417	1113842	2351	0.47402312267399049350302675520652
420	1121855	2367	0.4737152499460784427220971792849
423	1129868	2383	0.4733340388882383287239008495817
426	1137882	2401	0.47305135296879996520402755777468
429	1145895	2417	0.47279379354510858712856702368299
432	1153908	2433	0.47178840758944767808102938033699
435	1161921	2451	0.47150372774844945267247453557502
438	1169935	2469	0.4710577899991097439169607241638
441	1177948	2484	0.47055916764316607636686740079313
444	1185961	2500	0.47017429376983249644794682353677
447	1193974	2519	0.46983829373053909161939145633369
450	1201988	2534	0.46944249738489574053090791494469
453	1210001	2549	0.46912291854996918116782467222947
456	1218014	2568	0.46861111454551057642348155241052
459	1226027	2587	0.46842328276434919143156321297283
462	1234041	2603	0.46762859277648305411645424101152
465	1242054	2619	0.46703778814725804835461531183682
468	1250067	2638	0.46668102210854212064106150137377
471	1258080	2654	0.4664067004534824811834425872803
474	1266094	2670	0.4658769442794541415509002035833
477	1274107	2688	0.46533035646973502919010456935212
480	1282120	2706	0.46498553512907164764200729223376
483	1290133	2722	0.4642245862711106840770014514419
486	1298147	2738	0.46397110344693820449535337502311
489	1306160	2756	0.46338177265236807356174608685251
492	1314173	2772	0.46276869392952157955534175926005
495	1322186	2788	0.4624919860127260640147994763538
498	1330200	2806	0.4621086406601014329176280170941
501	1338213	2825	0.46153947610957246627805261596222
504	1346226	2841	0.46090861642474967307947508743382
507	1354239	2857	0.46048597324550738507653591113922
510	1362253	2875	0.45999931957881540212085269558884
513	1370266	2891	0.45985809552695411372980061059934
516	1378279	2907	0.45955368717747319129429683925991
519	1386292	2926	0.45908177246802728266317217276082
522	1394306	2944	0.45881987255376277534679729797062
525	1402319	2960	0.45863086025956983915463638368237
528	1410332	2977	0.45831606880561431838216890355397
531	1418345	2996	0.4574884656996928700145588209125
534	1426359	3012	0.45748239012773006528789210278774
537	1434372	3027	0.4574504804312213845918222432374
540	1442385	3045	0.45753569684558498265047887798573
543	1450398	3064	0.45735306605641845578702486818656
546	1458412	3080	0.45705656835110675118016843043733
549	1466425	3095	0.45695486728948098154035051265964
552	1474438	3114	0.45689413857265354090841924517008
555	1482451	3130	0.4564826527256803934129436584044
558	1490465	3146	0.45654193669303749780752355036384
561	1498478	3165	0.45599091211015946312201663204178
564	1506491	3183	0.45531186297832260123641390237026
567	1514504	3199	0.4546541396370014642691614881187
570	1522518	3217	0.45416255670754218654039391367405
573	1530531	3236	0.45358207790291615868483177109738
576	1538544	3253	0.45297113662066040840059599759115
579	1546557	3269	0.4526365002614775034928129571199
582	1554571	3287	0.452058662670281274920114356064
585	1562584	3303	0.45182375510921762851168637098453
588	1570597	3319	0.45167872586754442831846745320945
591	1578610	3337	0.45091439370121327856466564298898
594	1586624	3356	0.45056973278580358943656847259263
597	1594637	3371	0.45025414550519382572701942990534
600	1602650	3387	0.44971252079386947464456625311868
603	1610663	3406	0.44939459316294755319987075381505
606	1618677	3421	0.4489212982241853056031288815575
609	1626690	3437	0.44815298682618709413816304731881
612	1634703	3451	0.44778335007960534674964492296567
615	1642716	3465	0.44746407424196749103018078130845
618	1650730	3482	0.44730950913238426425166949229606
621	1658743	3497	0.44702129937305767892752328407369
624	1666756	3519	0.44662596776101332052277825823694
627	1674769	3538	0.44623164560363676178766922930663
630	1682783	3557	0.44575519306874766822801348098437
633	1690796	3573	0.44535286428002951453208879684098
636	1698809	3588	0.44511814067389127158591577426705
639	1706822	3602	0.44489881045363038891693463483534
642	1714836	3616	0.4446220736884927693388647185202
645	1722849	3632	0.44453481714544934577659773822234
648	1730862	3652	0.44422149412864325723759861830331
651	1738875	3674	0.44417170429577701451506754892762
654	1746889	3693	0.44389511415911997449512682578643
657	1754902	3709	0.44376731753603682051334544667043
660	1762915	3725	0.44345676815165158135556566776359
663	1770928	3739	0.44337484586608477687974527725601
666	1778942	3753	0.44314183414541180594525826563768
669	1786955	3769	0.44300350035101315748775618885702
672	1794968	3786	0.44258588062247006256200165807968
675	1802981	3809	0.44224555382463098807122037214867
678	1810995	3827	0.44192871450185811088573473170982
681	1819008	3846	0.4419793725123741245930375498574
684	1827021	3862	0.44202045874985068651952246909786
687	1835034	3877	0.44198207596435873378837300151645
690	1843048	3896	0.4412785163616729233737601134635
693	1851061	3912	0.44090076992683135959083529087366
696	1859074	3928	0.44057924142858556626478616635723
699	1867088	3947	0.44018136400626706183913938730257
702	1875101	3965	0.43968903973097711590511948998028
705	1883114	3981	0.43949314386103149887574659260281
708	1891127	3997	0.43941145511425377945258219369862
711	1899141	4014	0.4389491897893365024430067933281
714	1907154	4030	0.43842457749499585961672210032702
717	1915167	4046	0.43846985021795459314120080307475
720	1923180	4064	0.43833084548355416565357245417545
723	1931194	4082	0.43785145857393625856701646625879
726	1939207	4098	0.43785978715919371406783966449439
729	1947220	4117	0.43759211147712279155186365642294
732	1955233	4136	0.43726795899882309193174023675965
735	1963247	4151	0.43704357041682928564085841571796
738	1971260	4169	0.43703401298773525418539520615013
741	1979273	4186	0.43676249187048699074154001209536
744	1987286	4202	0.43640541393007442616536195600929
747	1995300	4217	0.43607693667965347072978943288035
750	2003313	4236	0.43589819047151079356439140610746
753	2011326	4255	0.43542068613711959468304257825366
756	2019339	4271	0.43531154377672526267772923347366
759	2027353	4287	0.43492278941217765719784438260831
762	2035366	4305	0.43454807854290183888323895189387
765	2043379	4321	0.4347524209346372847662109961675
768	2051392	4337	0.4347979218702482384628638101276
771	2059406	4355	0.43460906766522439115263409803447
774	2067419	4374	0.43427075390368374829819231308647
777	2075432	4390	0.43407243966641934074246478303394
780	2083445	4405	0.43363033676265150262452152674086
783	2091459	4423	0.43340262438341520256912531294802
786	2099472	4439	0.43318377763420018444762149556482
789	2107485	4455	0.43314133395612430810217574617127
792	2115498	4473	0.43296926094483406677326797762362
795	2123512	4491	0.43285290650005353585427769758098
798	2131525	4506	0.43299458440207710951952435607382
801	2139538	4522	0.43301660429615990155483018497762
804	2147551	4541	0.43269030731726498828493276960216
807	2155565	4557	0.43238209154426493485701143981714
810	2163578	4573	0.43230704574906764214858867489966
813	2171591	4591	0.43206954470733732742715460517502
816	2179604	4610	0.43208692662598496836423578315589
819	2187618	4625	0.43225586536905857837354005823727
822	2195631	4641	0.43198859431099595473924068755878
825	2203644	4660	0.43170997103922315041302226745756
828	2211657	4676	0.43148866146577519176119608346198
831	2219671	4692	0.43101234201958227298945303118671
834	2227684	4711	0.43058891217813605178932334638375
837	2235697	4729	0.4301031475533715897618947110459
840	2243710	4745	0.42988428334068295999514930372243
843	2251724	4761	0.43001501769300642941118439921411
846	2259737	4779	0.43021769379070995409364286388154
849	2267750	4795	0.42980473085674075761630774650257
852	2275763	4811	0.42993278136870621830567529286782
855	2283777	4830	0.42974908586127319454206485715986
858	2291790	4848	0.42935924062260261147017104121915
861	2299803	4865	0.42921034441108946166920645737264
864	2307816	4880	0.42889492312289789754942148647388
867	2315830	4899	0.42878397841880905305700366625388
870	2323843	4915	0.42868363703387613039552661575726
873	2331856	4931	0.42861947337911360245144010150398
876	2339869	4949	0.42811143426638820219665149124921
879	2347883	4967	0.42774869884473065706487204806763
882	2355896	4982	0.4275225614754948888496244308044
885	2363909	4999	0.42758669297311785451043419925554
888	2371922	5017	0.42735899986384801030325775172969
891	2379936	5033	0.42722379826772555189151603372011
894	2387949	5049	0.42691140281354972296767869011092
897	2395962	5068	0.42641651894163279390426168902195
900	2403975	5087	0.42589263332258914251937653716595
