0	0	0	0.6931471805595997848215006342798
3	1604	17	0.68549170070822762479423317927285
6	3209	36	0.67670787965451018042273290120647
9	4814	54	0.67031597725438496482297523471061
12	6420	72	0.66191373350069593328726114123128
15	8025	88	0.65363958887415840592893800931051
18	9630	104	0.64936387257292504937566945955041
21	11235	120	0.64410472934480011986124736722559
24	12840	135	0.6394837241265703964288036331709
27	14445	151	0.63667082218260961923306240350939
30	16050	166	0.63063793460176797989191754822969
33	17655	183	0.6265717823416199205865950716543
36	19260	198	0.62267711755524512984294460693491
39	20865	214	0.61570772363029790952282382932026
42	22470	228	0.6139815699483501809652352676494
45	24075	243	0.6107562832727395640830536649446
48	25680	257	0.60815836668048850466306021189666
51	27285	271	0.60234493680464473719382567651337
54	28890	285	0.59949167357624177920882857506513
57	30496	299	0.59777528351514264137733789539197
60	32101	313	0.59714288143549054677095000442932
63	33705	327	0.59468152177793676127492972227628
66	35310	341	0.59261646595203065768231454057968
69	36915	357	0.59127066027783969914821682323236
72	38521	373	0.58974713730878380868460908459383
75	40126	389	0.58603398870258338604344316991046
78	41731	404	0.58424340430455956596489386356552
81	43336	421	0.58085965478429468777932243028772
84	44941	436	0.57724494925738667472359111343394
87	46546	452	0.57718659970794494729062762417016
90	48151	468	0.5756194113235749698631593673781
93	49756	490	0.57299986866343355362829470323049
96	51361	511	0.57004582847262819100819797313306
99	52966	534	0.56811910946259425170268286819919
102	54571	556	0.56411492375318328384992128121667
105	56176	578	0.56189813916157149709107443413814
108	57781	600	0.55800857718832619358551028199145
111	59386	623	0.55670511302960001831507952374523
114	60991	641	0.55558083447066464177765965359868
117	62597	660	0.55352394143240213342238575933152
120	64202	678	0.5530323786719939516132171775098
123	65806	696	0.54997792461266248320583827080554
126	67411	715	0.55013858484491739986310676613357
129	69016	733	0.54880004985591923638565958754043
132	70622	751	0.54766781633511052440610455960268
135	72227	769	0.54567723034673554227680369876907
138	73832	786	0.5455125610466209362670042537502
141	75437	802	0.54393207834690027180357674296829
144	77042	818	0.54241952685905170383762197161559
147	78647	834	0.5409386092386311295499012885557
150	80252	850	0.54010127024433352005416963947937
153	81857	866	0.53864823795815430784728050639387
156	83462	883	0.53724775536411883969378777692327
159	85067	898	0.53652303081982777310798837788752
162	86672	914	0.53601883949625517278292363698711
165	88277	932	0.5342962462755181940465831758047
168	89882	951	0.53288332098852120299881107712281
171	91487	969	0.53044235547076523662468616748811
174	93092	987	0.52878333871339477934014894344728
177	94698	1005	0.52862444329438695866940634005005
180	96303	1024	0.52821947711858974194853999506449
183	97908	1043	0.52733998606963217170573443581816
186	99512	1059	0.52616917694052889320488475277671
189	101117	1074	0.52481241255275379309352956624934
192	102723	1090	0.52341911699520449197109428496333
195	104328	1106	0.52221843531638656443760737602133
198	105933	1121	0.5204152797929686435907115082955
201	107538	1137	0.51949511697993022707464660925325
204	109143	1153	0.51759743569378580119177968299482
207	110748	1169	0.51691998051912058098622537727351
210	112353	1185	0.51640825304577719911947042419342
213	113958	1204	0.51572315543443281171676062513143
216	115563	1222	0.51452072671975435103064455688582
219	117168	1241	0.51309273551217116082767688567401
222	118773	1259	0.51134733431235801504044502507895
225	120378	1276	0.51042988667850042183715686405776
228	121983	1294	0.51009142942618546090471909337793
231	123588	1313	0.50912359936064732757188266987214
234	125193	1331	0.5081947276336550300968042392924
237	126799	1347	0.50729088268952593487881586042931
240	128404	1364	0.50616882943306085174128838843899
243	130009	1379	0.50509622863750236465563148158253
246	131613	1396	0.50408557692199584820968993881252
249	133218	1412	0.50322847788690205916850572975818
252	134824	1428	0.50161651488095682083212523139082
255	136429	1444	0.50056314899855680611295838389196
258	138034	1460	0.49991394552533385819970135344192
261	139639	1478	0.49846311892476885541114484112768
264	141244	1496	0.49874265587409338795765734175802
267	142849	1515	0.49775517566601440444529202977719
270	144454	1533	0.49653840201853949309906965936534
273	146059	1552	0.49673827211575810602894875955826
276	147664	1571	0.49623001579541742289691796941042
279	149269	1590	0.49543656736146562957756600553694
282	150874	1608	0.4948510599444495006160593675304
285	152479	1623	0.49356335537062656637630198019906
288	154084	1639	0.49240423626658430533709065457515
291	155689	1654	0.49190807184615276126393723643559
294	157294	1671	0.49165441960330635851050828932784
297	158900	1686	0.49072121572561971936110580827517
300	160505	1703	0.4898610873390736308863324666163
303	162110	1718	0.48925265820385005488546426022367
306	163714	1735	0.48901355802916990356266069284175
309	165319	1749	0.48802774370182883112434524264245
312	166925	1763	0.48683606460044143160459384489513
315	168530	1777	0.48613261215335740184073642922158
318	170135	1790	0.48531582778160370361675290951098
321	171740	1804	0.48506863747390860375219290290261
324	173345	1819	0.4848092510486651796064450081758
327	174950	1833	0.48434724429407222112686781656521
330	176555	1847	0.48420135333219743722921180051344
333	178160	1861	0.4835892955559166761503320230986
336	179765	1876	0.48356371156968580571344773488818
339	181370	1892	0.48287636274245043788155840047693
342	182975	1908	0.48226330050468146914965927862795
345	184580	1923	0.4818590251431998372488862969476
348	186185	1939	0.48158069915451340303746974313981
351	187790	1954	0.48104769950146614165831238096871
354	189395	1970	0.48102114843905152685721304806066
357	191001	1986	0.48057550748894717340675697414554
360	192606	2002	0.47970690207159433215977628606197
363	194211	2025	0.47936369232300773957078376952268
366	195816	2046	0.47867908701014699746068004060362
369	197421	2067	0.47838569882478609862630491988966
372	199026	2089	0.47717591069070847131783352779166
375	200631	2111	0.47690311716798811092488108442922
378	202236	2133	0.47637886063343781728463000035845
381	203841	2156	0.47586195848116608075883959827479
384	205446	2174	0.47553027443916867644801982351055
387	207051	2193	0.475594538019036838782938048098
390	208656	2211	0.4753300444858095663569486077904
393	210261	2229	0.47514859802917691622425877540081
396	211866	2247	0.47467611463223541301559293970058
399	213471	2265	0.47421416943478422734159494211781
402	215076	2283	0.47390860873016832366388939590252
405	216681	2300	0.47378839899059826956673191489244
408	218286	2315	0.47330792395553955564935222355416
411	219891	2331	0.47279441561677071348412937368266
414	221496	2347	0.47260809315232316096810905037273
417	223102	2363	0.47198874437817256444205327170494
420	224707	2379	0.47155147548573367322077842800354
423	226312	2395	0.47060295226150861136460434863693
426	227917	2411	0.47023026937465012276007314540038
429	229522	2427	0.46991899797052905096705899268272
432	231127	2445	0.46968471351272800262677264981903
435	232732	2464	0.46902195932660689647875074115291
438	234337	2483	0.46868468460275464204656259425974
441	235942	2501	0.46824437311429351060709791454428
444	237547	2519	0.46776384212199395573605897880043
447	239152	2538	0.46691323153309838289715116843581
450	240757	2557	0.46632702076173337957243347773328
453	242362	2575	0.46621151822043993551147877951735
456	243967	2592	0.46586478937425440660646813739731
459	245572	2608	0.46540467309656807781692577918875
462	247178	2624	0.46523080823515089443631609356089
465	248782	2640	0.46513956187119814833508257834183
468	250387	2656	0.46454569058230454903224426743691
471	251992	2672	0.46394399286217596900527837533446
474	253597	2688	0.46333479370700242361280629665998
477	255203	2704	0.46294277927544269513049357556156
480	256808	2718	0.46248228425480691905491426041408
483	258413	2732	0.46219614406760056724010610196274
486	260018	2745	0.46186891763632403895556421957735
489	261623	2759	0.46139660569710688742262050254794
492	263228	2773	0.46117841758003008667543554111035
495	264833	2787	0.46097348953987266062526373389119
498	266438	2802	0.46072126875053120986791554969386
501	268043	2816	0.46064816743445358149244839296443
504	269648	2830	0.46005609497429966747716889585718
507	271253	2846	0.45974247248456318049036894990422
510	272858	2862	0.45915131424277938476663507572084
513	274463	2878	0.45895429827884565154860752045352
516	276068	2893	0.45845345242553059428303185995901
519	277673	2909	0.45793802283560675059348454851715
522	279279	2925	0.45740811987896340395920447008393
525	280883	2941	0.45718751129896034735011767224933
528	282488	2957	0.45676668031793082880298584314005
531	284093	2973	0.45626713200875917975096740519803
534	285698	2995	0.45557957546343086363549446105026
537	287304	3017	0.45516603452364251536366168693348
540	288909	3040	0.45517312991263564336819058553374
543	290514	3062	0.45489472136278347180748937716999
546	292119	3084	0.45440401637414207236531638045562
549	293724	3107	0.45405480283855820244909295979596
552	295329	3130	0.45385577089494966163130129643832
555	296934	3148	0.45368844993166324019995272465167
558	298539	3166	0.45377274895968583434679999299988
561	300144	3185	0.45354746640813781155543438217137
564	301749	3203	0.45297022269634945601524123048875
567	303354	3222	0.45300680581849850359077436223743
570	304959	3240	0.45242701454252942649958413312561
573	306564	3259	0.45221455975572422136821160165709
576	308169	3278	0.45170312843438908956272825889755
579	309774	3294	0.45144344412822939860419069191266
582	311380	3309	0.45079332742955452451028008908906
585	312985	3325	0.45062234237461368246968618223036
588	314589	3341	0.45070916064072508167015485014417
591	316194	3357	0.45043197077475743972385657798441
594	317799	3372	0.45007977849933816782979079107463
597	319405	3388	0.44968758246302803494032218623033
600	321010	3404	0.44903407477425755223165992902068
603	322615	3422	0.44851213659354105534049494963256
606	324220	3441	0.44826502605392604117184873757651
609	325825	3459	0.44756419377150896687922454475483
612	327430	3477	0.44741255369682347842186231900996
615	329035	3495	0.44712229789037083449443343852181
618	330640	3513	0.44721247379286999112935063749319
621	332245	3531	0.44687250146225365732277623465052
624	333850	3549	0.44666404304751372578152768255677
627	335455	3565	0.44609962833687327732334892971267
630	337060	3581	0.4461250953674186781050536865223
633	338665	3597	0.44578904595293550316981168180064
636	340270	3613	0.44553965770800096901638198687579
639	341875	3629	0.44519851893310241619516887112695
642	343481	3644	0.44496029709449197442339141161938
645	345086	3660	0.44471436810566211672579584046616
648	346691	3676	0.44430841116567237891743502586905
651	348295	3692	0.44387086460017532996147338053561
654	349900	3710	0.44344538026803342889436976292927
657	351506	3729	0.44340347076001818127366504995734
660	353111	3748	0.44358390790573648532202355454501
663	354716	3767	0.44368943843165059570665675892087
666	356321	3785	0.44328063845254050967525927262614
669	357926	3804	0.44302820070373466476709722883243
672	359531	3822	0.4427834309671043744316420998075
675	361136	3841	0.44236408067111698816376019749441
678	362741	3856	0.44200899960963346835285392444348
681	364346	3872	0.44167946480986591817341491150728
684	365951	3888	0.44151063830694786682684593870363
687	367556	3904	0.44097856516108346891513747323188
690	369161	3920	0.44095536280490532643483447827748
693	370766	3936	0.44044298234212320153346809092909
696	372371	3952	0.440335004526741180530535757498
699	373976	3967	0.44023147221050329402913803278352
702	375582	3983	0.4398888467881129638037407403317
705	377187	3998	0.43991965243183395184445316772326
708	378792	4011	0.43979672439184053223115711261926
711	380396	4025	0.43948598431577912126755336430506
714	382001	4039	0.43884867461179966063866686454276
717	383607	4053	0.43896913228411976737319832864159
720	385212	4067	0.43849182455439278394138113981171
723	386817	4081	0.43812123747953596319959501670382
726	388422	4096	0.4380233422043229296605204581283
729	390027	4109	0.43802017408029908507316463328607
732	391632	4125	0.4377131549606685378961401511333
735	393237	4141	0.43739661595243428671153651521308
738	394842	4157	0.43749395714646371891021203737182
741	396447	4172	0.43751348466936379466574180696625
744	398052	4188	0.43721486977262086215390013421711
747	399657	4204	0.43666414537881087509774147292774
750	401262	4220	0.43637453813007759384490213960817
753	402867	4236	0.43625661092573791988158404819842
756	404472	4252	0.43600765342170094696072624174121
759	406077	4274	0.43568917499487136435476486440166
762	407683	4297	0.43524731790518483842689079210686
765	409288	4318	0.43516921834974331417811299616005
768	410893	4341	0.43515700865595535740126820201112
771	412497	4363	0.43501925997947088475825694331434
774	414102	4385	0.43466673001679190235790883889422
777	415708	4404	0.43428998979297794846843316918239
780	417313	4422	0.43411291851506828010087701841258
783	418918	4441	0.43391677553513707810139976572827
786	420523	4459	0.43421745374437603626205373075209
789	422128	4478	0.43399198095327046198477205507515
792	423733	4496	0.43381150757373193593835480896814
795	425338	4515	0.43353321016362938999932907790935
798	426943	4533	0.43307498741585592760827694291947
801	428548	4549	0.43316517561928880031274502471206
804	430153	4565	0.43280725351331483796712973344256
807	431758	4581	0.43252127076969709706943945093371
810	433363	4597	0.43252920939917377518568741834315
813	434968	4613	0.43228852922674698699978534932598
816	436573	4628	0.43233112259276140765251739139785
819	438178	4644	0.43204930246798706194866213081696
822	439784	4660	0.43166441238383601586292570573278
825	441389	4675	0.43121564305503651270967679920432
828	442994	4694	0.43127172034589772442458865953085
831	444599	4713	0.43119738952228664485843978582125
834	446203	4731	0.43089085740299992721702437847853
837	447809	4749	0.43053599104024586896599657848128
840	449414	4768	0.43036905687955723243121042287385
843	451019	4786	0.43023195580408507554537322903343
846	452624	4806	0.42986035162367425277452070986328
849	454229	4824	0.42981562939944273349368586423225
852	455834	4840	0.42957694456977751906734397380205
855	457439	4856	0.42947443812881525015967554281815
858	459044	4872	0.42927969233953433558781398460269
861	460649	4888	0.42899076296130062013745032345469
864	462254	4904	0.42862844397897581494305541127687
867	463859	4920	0.42864379734426766299648647873255
870	465464	4935	0.42818611753404900444053282626555
873	467069	4951	0.42767239145166319191915249575686
876	468674	4970	0.42779380412579548487173042303766
879	470279	4988	0.42771899756360259869936157883785
882	471885	5006	0.42756755281487890396618922750349
885	473490	5025	0.427518104646880559016608458478
888	475095	5043	0.42729249305356892252305556212377
891	476700	5061	0.42695701002718916550193739567476
894	478304	5080	0.42719946810846104456871330512513
897	479910	5099	0.42695764612234210488850294495933
900	481515	5117	0.42655989892380175021457944239955
