0	0	0	0.69314718055900481630260401288979
3	18843	86	0.44272094506978437733479836424522
6	37686	161	0.42357145078257329995352620244375
9	56529	248	0.38200816100304352262995166711335
12	75372	324	0.37236505963728044887872670187789
15	94215	410	0.37036542714747811011477551801363
18	113058	485	0.35779727590036508599879994108051
21	131901	561	0.33538694308473870897557844727999
24	150744	649	0.3236307685384558485708339503617
27	169587	725	0.305555369862394954338924435433
30	188430	813	0.30600681439179544529594068080769
33	207273	890	0.30410427526861671942981502070324
36	226116	976	0.28726202414759277603550913227082
39	244959	1051	0.27470394395950481492008066197741
42	263802	1153	0.27580300182159417365923559373186
45	282645	1239	0.25633135457752204144910024297133
48	301488	1317	0.2550052173640200425808188811061
51	320331	1406	0.25392356058915471761494586644403
54	339174	1484	0.24056946535997417169205903064721
57	358017	1559	0.24795358535812012101828827326244
60	376860	1644	0.2490444127588415379470632160519
63	395703	1720	0.24140699533030895995722175939591
66	414546	1809	0.24392098801085868031712777792563
69	433389	1885	0.24679902800303615828525494180212
72	452232	1972	0.24018702556940813019892289048585
75	471075	2048	0.24568105332976009069767542314366
78	489918	2134	0.24508777366826806076716138704796
81	508761	2210	0.23937932188586424908649519238679
84	527604	2298	0.23885785573506340684346582747821
87	546447	2373	0.24122330172465297759565316937369
90	565290	2460	0.24235782168877512132709739489655
93	584133	2547	0.24369563329960536313123498075583
96	602976	2622	0.25079476147966867083383135650365
99	621819	2708	0.26132949938954880275687742141599
102	640662	2783	0.26899838561576833173560885370534
105	659505	2868	0.27181679542423170525822229137702
108	678348	2946	0.27417906925591606359660090674879
111	697191	3035	0.28158526997445365580574616615195
114	716034	3109	0.27169734691149771688145619918942
117	734877	3184	0.27844780255427675763613137860375
120	753720	3269	0.27632084346935781304921420087339
123	772563	3344	0.28224679472624425446980467313551
126	791406	3412	0.28754330999572214055959307188459
129	810249	3480	0.28334807206596923645491870047408
132	829092	3555	0.28249922360924317743524625257123
135	847935	3658	0.28096292043376513980490472022211
138	866778	3732	0.2924985500615314704120351052552
141	885621	3807	0.28955069009969380822155926580308
144	904464	3908	0.28158180072141630878590490283386
147	923307	3984	0.29055299388544125749334057218221
150	942150	4060	0.29079444669796467026756658924569
