0	0	0	0.69314718055900481630260401288979
3	94203	96	0.69152436141328499363822857048945
6	188406	196	0.6943378719333284099235470421263
9	282609	293	0.70753756284249713637279910471989
12	376812	389	0.715575067499768624479372647329
15	471015	501	0.6985498477696031605077564563544
18	565218	614	0.71030008334484473486725164548261
21	659421	724	0.70489930644221820976724757201737
24	753624	821	0.69525647257900280440168216955499
27	847827	907	0.66491703716413186331379847615608
30	942030	1004	0.64421167061461304115255188662559
33	1036233	1104	0.62012466511154440418351896369131
36	1130436	1215	0.61630383258004761692916417814558
39	1224639	1313	0.64784951328203010945117057417519
42	1318842	1407	0.68094036229133492188481113771559
45	1413045	1504	0.67004929258485090848296295007458
48	1507248	1600	0.65351067387904504535356409178348
51	1601451	1713	0.64002183341153062734463219385361
54	1695654	1823	0.64737587417156083891001117081032
57	1789857	1935	0.6583555457408277744590918700851
60	1884060	2046	0.64915059768712068954954474975239
63	1978263	2159	0.62300492233022874977166338794632
66	2072466	2254	0.6061923671729503304561603727052
69	2166669	2365	0.61043060469440912907401752818259
72	2260872	2476	0.60643996512773901130799458769616
75	2355075	2588	0.61707050884268943580224231482134
78	2449278	2701	0.61827263271404520050822384291678
81	2543481	2797	0.63817863650520589846593111360562
84	2637684	2894	0.64436020453480236103160905258846
87	2731887	2990	0.65241612149542649312650155479787
90	2826090	3103	0.66452538424644891357218057237333
93	2920293	3205	0.66537471877882026216610711344401
96	3014496	3301	0.65162539283144782498169433893054
99	3108699	3414	0.66456945211248719118657390936278
102	3202902	3524	0.65422308559906217073631751190987
105	3297105	3636	0.64716146012041064761177722175489
108	3391308	3747	0.64908327800044240962762387425755
111	3485511	3843	0.62397259707364116643191209732322
114	3579714	3941	0.61932588908359476054243941689492
117	3673917	4054	0.63325521732368483807107395477942
120	3768120	4154	0.64834018877780330569748912239447
123	3862323	4252	0.64248452893023677567896356777055
126	3956526	4361	0.63255388370664655806052678599372
129	4050729	4464	0.64247588216150752771227416815236
132	4144932	4577	0.62384481003160763279424827487674
135	4239135	4691	0.61353432239753014076910631047213
138	4333338	4777	0.58769151768944771774272339825984
141	4427541	4874	0.57908625919263023718031035969034
144	4521744	4988	0.57451542812271561011527865048265
147	4615947	5086	0.58208913375844295590155752506689
150	4710150	5197	0.58332776870880509445527195566683
153	4804353	5311	0.57664909595536517628033834625967
156	4898556	5408	0.58491448747628094206874038718524
159	4992759	5519	0.57442818910734672055440341864596
162	5086962	5615	0.55015318221058662206957023954601
165	5181165	5714	0.54291483072859292313694368203869
168	5275368	5811	0.55407079441210360659653133552638
171	5369571	5908	0.5576831505469146410547409686842
174	5463774	6005	0.55371591677988374335939170123311
177	5557977	6101	0.55271137606633125027855157895829
180	5652180	6231	0.55545023731171361269787212222582
183	5746383	6343	0.54462306990867459521865612259717
186	5840586	6466	0.54324941563127160382151714657084
189	5934789	6562	0.56183748634149144329796854435699
192	6028992	6676	0.55544348273740418164834409253672
195	6123195	6788	0.55666682467637729203602248162497
198	6217398	6896	0.55305120807622998313490825239569
201	6311601	7009	0.53893247345870431974645953232539
204	6405804	7123	0.53338051644658157623979377603973
207	6500007	7219	0.51833070981612849870145964814583
210	6594210	7330	0.53038544693503997251582404715009
213	6688413	7446	0.53104929407450984779615055231261
216	6782616	7543	0.53080009307608355673124833629117
219	6876819	7640	0.53620632030161463621453776795533
222	6971022	7753	0.53786719943705596502780963419355
225	7065225	7849	0.54435684022172514673343357571866
228	7159428	7946	0.55101478480691701289373440886266
231	7253631	8040	0.55416935529499045109957933163969
234	7347834	8152	0.55945235403450310762707431422314
237	7442037	8249	0.55654573283485442303231138794217
240	7536240	8345	0.54336977801802799348251937772147
243	7630443	8440	0.53462316149805355625090896865004
246	7724646	8536	0.53361466722111372540382490115007
249	7818849	8631	0.53189033323222556504106250940822
252	7913052	8726	0.54171147953450837775335457990877
255	8007255	8844	0.54930579093673015389498459626338
258	8101458	8938	0.53268078455602929643930565362098
261	8195661	9032	0.53434565464417893565496342489496
264	8289864	9128	0.53117868693428760273889110976597
267	8384067	9224	0.53641050134306211827350807652692
270	8478270	9319	0.5378477383873400130553932285693
273	8572473	9416	0.53940988205746986938748932516319
276	8666676	9528	0.55255239630545749385248655016767
279	8760879	9625	0.5448024280420464826590887241764
282	8855082	9739	0.54387195870263616015449770202395
285	8949285	9851	0.53533475968361710073395443032496
288	9043488	9936	0.53488476780671179167114814845263
291	9137691	10050	0.5366919606950507626308422004513
294	9231894	10147	0.54812660334229490466384504543385
297	9326097	10233	0.55149599614625688381863710674224
300	9420300	10319	0.55554197731048537978182366714464
303	9514503	10432	0.55328393926758401288878985724295
306	9608706	10544	0.54729436859274072091352536517661
309	9702909	10628	0.55596785954374439153724551943014
312	9797112	10747	0.55158845212896123744172882652492
315	9891315	10843	0.55538470757166547020489133501542
318	9985518	10955	0.56380573343577600198273103160318
321	10079721	11052	0.55984252158056801995655860082479
324	10173924	11154	0.5607355836573630902819331822684
327	10268127	11267	0.5627453320668872605025967459369
330	10362330	11364	0.56809647732070389647418551248848
333	10456533	11461	0.56642092818310885160570933294366
336	10550736	11560	0.56849133136208440664205454595503
339	10644939	11699	0.56785684146037396224926396826049
342	10739142	11783	0.55645577781372879133670039664139
345	10833345	11879	0.56086209444977064286774748325115
348	10927548	12013	0.56604375417363583800067772244802
351	11021751	12110	0.56911197609279451370412061805837
354	11115954	12206	0.58584166022521977357229161498253
357	11210157	12290	0.58948587973044508370179528355948
360	11304360	12423	0.58262005034402808423266151294229
363	11398563	12520	0.5766964632656446099190361564979
366	11492766	12656	0.59208441856606741637847335368861
369	11586969	12752	0.60491906377896043078834509287844
372	11681172	12849	0.59874649830704762543120978079969
375	11775375	12951	0.60516306481367265757143059090595
378	11869578	13047	0.59623683225929224871464384705178
381	11963781	13160	0.60997273108604421754108670938876
384	12057984	13273	0.59608377926541455948949987941887
387	12152187	13386	0.58369875211056687636101969474112
390	12246390	13481	0.60007245987855806212962761492236
393	12340593	13615	0.60064696883808488259148816723609
396	12434796	13712	0.59963902974257143885239429437206
399	12528999	13808	0.58767440734965536996980972617166
402	12623202	13921	0.59487842866398277230643998336745
405	12717405	14018	0.59120376639281035924256002545008
408	12811608	14154	0.58422351319181320405959922936745
411	12905811	14252	0.57233892815887965621612920585903
414	13000014	14337	0.5732147137978015338788395638403
417	13094217	14423	0.57406153190151520959716435754672
420	13188420	14520	0.58653282400092088266774226212874
423	13282623	14632	0.58577305510980670621989929713891
426	13376826	14746	0.58486671340653428874389874181361
429	13471029	14830	0.58365027744751785121479770168662
432	13565232	14928	0.58288213235727981409439735216438
435	13659435	15043	0.58246035193302359012079705280485
438	13753638	15128	0.58572386643183027565839893213706
441	13847841	15241	0.58721006088578997506033374520484
444	13942044	15339	0.59510172416631079705950924108038
447	14036247	15436	0.59794141691769231439224085988826
450	14130450	15533	0.60631238151271382719187386101112
453	14224653	15630	0.60933814909755312783090630546212
456	14318856	15716	0.61373644789497772134012620881549
459	14413059	15812	0.62068217815733239817177491204347
462	14507262	15914	0.62066659774740762234301882926957
465	14601465	16013	0.63148892043404536433826024222071
468	14695668	16110	0.6246090256629196479920551610121
471	14789871	16212	0.61941476588048827167654053482693
474	14884074	16311	0.61030241248297978362558069420629
477	14978277	16412	0.60323489647662498214231163728982
480	15072480	16498	0.59930410687713508988139210487134
483	15166683	16595	0.60579539343194888090238237055019
486	15260886	16692	0.60544841429509377306317219336051
489	15355089	16791	0.60506556415335377430153585009975
492	15449292	16889	0.60858741260466187039668284342042
495	15543495	16988	0.61599594669517598877206410179497
498	15637698	17086	0.61750929296743750640530379314441
501	15731901	17184	0.60421601009736081167034171812702
504	15826104	17282	0.595454047821826759623320413084
507	15920307	17394	0.59402539768058237878989302771515
510	16014510	17478	0.59334569940832448953216271547717
513	16108713	17616	0.59648538890181990179684135000571
516	16202916	17731	0.59442751025183715452016031122184
519	16297119	17845	0.59213805661190654916481435066089
522	16391322	17941	0.59702118105577828277574781168369
525	16485525	18054	0.59792566789156476048106014786754
528	16579728	18166	0.60265737220763393455769119100296
531	16673931	18264	0.59991238590592665946843453639303
534	16768134	18377	0.60195581532433461990905243510497
537	16862337	18476	0.6089592017479894536791107384488
540	16956540	18589	0.60922435869554469878295321905171
543	17050743	18704	0.62323777083058251591296539118048
546	17144946	18816	0.62183433423191936118001876820927
549	17239149	18928	0.62011802538789317917888865849818
552	17333352	19041	0.61810580518829505436428917164449
555	17427555	19136	0.62163952577495318330136342410697
558	17521758	19234	0.62469524391263120399742092558881
561	17615961	19330	0.6171609291654994722264859774441
564	17710164	19443	0.62258722159813573160391797500779
567	17804367	19555	0.64580372158154386585948714127881
570	17898570	19690	0.64176139787248986934287131589372
573	17992773	19787	0.63709355096746811408792154907132
576	18086976	19898	0.63861846507523867266797878983198
579	18181179	20010	0.63914945443684423320718224204029
582	18275382	20104	0.64073351677642065293838413708727
585	18369585	20186	0.62759830834853247427673750280519
588	18463788	20320	0.6190927876633176563103688749834
591	18557991	20402	0.62292476438643729075295141228708
594	18652194	20485	0.62043032490677252344113412618754
597	18746397	20619	0.61527441732248977501740228035487
600	18840600	20701	0.61189455906616130320685442711692
603	18934803	20791	0.6166025920963529305396377822035
606	19029006	20885	0.61061914058622690504307684022933
609	19123209	20967	0.60936979542140956578322175118956
612	19217412	21060	0.60297092010439212739214553948841
615	19311615	21141	0.60677892494379825905070902081206
618	19405818	21234	0.60397174606342829417116035983781
621	19500021	21316	0.59814932354160543770404956376296
624	19594224	21401	0.61124543438479139734198497535544
627	19688427	21498	0.61753647071444117688798769449932
630	19782630	21591	0.61907593756518763949969752502511
633	19876833	21706	0.61624225582944069934399067278719
636	19971036	21800	0.62548617155953878388174871361116
639	20065239	21893	0.62506997006388120841080535683432
642	20159442	21974	0.62218497688340268503282004530774
645	20253645	22070	0.62301262312266858511833333977847
648	20347848	22163	0.62245170253498827150906436145306
651	20442051	22256	0.61815640275778560575048459213576
654	20536254	22352	0.61812930242533481450806220891536
657	20630457	22461	0.61332095771849937104747141347616
660	20724660	22555	0.60533675444542678345527519923053
663	20818863	22637	0.59777546822214966404374081321293
666	20913066	22731	0.59718921737974650643110408054781
669	21007269	22825	0.59546782218337301895161317588645
672	21101472	22909	0.59460638591120718032811964803841
675	21195675	23020	0.59420332811122955618543528544251
678	21289878	23114	0.59858695863255517721768228511792
681	21384081	23209	0.60296670686893938384542934727506
684	21478284	23292	0.61783801486871103847420272359159
687	21572487	23376	0.62725567473441257160260420278064
690	21666690	23459	0.62052931650756804060620197560638
693	21760893	23592	0.62221118188603397047842236133874
696	21855096	23684	0.61906003997247727177466458670096
699	21949299	23792	0.62068931489187562089426819511573
702	22043502	23873	0.62712652944157576406780663091922
705	22137705	23968	0.6294307765012443489638371829642
708	22231908	24078	0.63172844967571650798277005378623
711	22326111	24188	0.62819433216976872103032292216085
714	22420314	24271	0.62236614437004622590876579124597
717	22514517	24364	0.62636707582398032378989682911197
720	22608720	24456	0.62635273222995091479958773561521
723	22702923	24538	0.61433976157948488872051484577241
726	22797126	24630	0.61825996223184265243588697558152
729	22891329	24724	0.61647754811041000078120077887434
732	22985532	24806	0.61525288920558673932958981822594
735	23079735	24897	0.61965519975828198262490786873968
738	23173938	25007	0.61495912257712770365714050058159
741	23268141	25100	0.61759224396109002608312721349648
744	23362344	25230	0.62286408964964112833229137322633
747	23456547	25324	0.6161895752731813002966987369291
750	23550750	25418	0.62145173445907619935724142123945
753	23644953	25510	0.62318743792959141458709382277448
756	23739156	25591	0.62452450214244759063575429536286
759	23833359	25673	0.61958185008868038590179594393703
762	23927562	25751	0.61733762664272240350271658826387
765	24021765	25832	0.6175750891666593744844249158632
768	24115968	25912	0.61237900555836877192206202380476
771	24210171	26003	0.61698794540942114572601440158905
774	24304374	26094	0.62557744244450896875520129469805
777	24398577	26188	0.62259576755896084421237901551649
780	24492780	26294	0.6159887880774234103498088188644
783	24586983	26373	0.61734173408910908431579400712508
786	24681186	26453	0.62197455796736433875082639133325
789	24775389	26561	0.61582527356893479453248119170894
792	24869592	26652	0.61309077251936483499150654097321
795	24963795	26783	0.61758761428022079797983678872697
798	25057998	26863	0.62100028134930240764077780113439
801	25152201	26973	0.6226555851245636485913337310194
804	25246404	27064	0.62580616667613042647388965633581
807	25340607	27155	0.61882235363174209474834697175538
810	25434810	27248	0.62193655035733697022948263111175
813	25529013	27328	0.61891854485432262755750798532972
816	25623216	27409	0.61619276477764906019274349091575
819	25717419	27503	0.61237610294711763980757268654997
822	25811622	27583	0.62028221971580943527868612363818
825	25905825	27677	0.62303253812902303909737611320452
828	26000028	27807	0.62711624767655638201802048570244
831	26094231	27900	0.63010534638208215429955316722044
834	26188434	27991	0.63743984637729589337595825782046
837	26282637	28084	0.63828930274372774889002357667778
840	26376840	28164	0.64145513824208777453605989649077
843	26471043	28256	0.64599144692121246436045112204738
846	26565246	28339	0.64178190753756869657564720910159
849	26659449	28449	0.65014821283498835935432680344093
852	26753652	28543	0.64981461526895401004111363363336
855	26847855	28636	0.6485902508413493583461217895092
858	26942058	28717	0.64553920748069792967527291693841
861	27036261	28826	0.6442206683862569116527652113291
864	27130464	28920	0.64288525343786839805204635922564
867	27224667	29013	0.63722932420597666602901654187008
870	27318870	29107	0.63705856677614569605339056579396
873	27413073	29200	0.63671628770754085113736664425232
876	27507276	29293	0.63708877073811309710293926400482
879	27601479	29375	0.63761662303267641060955384091358
882	27695682	29484	0.64068289001019462780561752879294
885	27789885	29579	0.64192277568298239387445391912479
888	27884088	29710	0.65034672078223232372096163089736
891	27978291	29804	0.636959948309413381828392175521
894	28072494	29913	0.63951617361036383613281941507012
897	28166697	30047	0.64621649368513234268363021328696
900	28260900	30180	0.64467686598919926588280304713408
