0	0	0	0.69314718055900481630260401288979
3	18843	68	0.65576316291033409644484208911308
6	37686	155	0.65389610761859617849012238366413
9	56529	242	0.64125420273919908620285923461779
12	75372	316	0.65239370554337205998507442927803
15	94215	402	0.64984499167407849817834630812285
18	113058	470	0.65474385770095111514166319466312
21	131901	539	0.66493610949891013284229757118737
24	150744	624	0.66776668202854738698448500144877
27	169587	695	0.68735071413145953922452235929086
30	188430	763	0.69269595338362843772728183466825
33	207273	849	0.6724417738619670181776655226713
36	226116	926	0.6672933304341593929720488631574
39	244959	1017	0.64710801149586028024884853948606
42	263802	1094	0.62809553321726652175271965461434
45	282645	1181	0.62130213488065999527520943956915
48	301488	1257	0.6336568958811010787712802994065
51	320331	1348	0.62525265899995507989928000824875
54	339174	1426	0.62423664133319911595521034541889
57	358017	1514	0.63020726207593824597097409423441
60	376860	1592	0.64219355951751555533491000460344
63	395703	1680	0.64777518930921040851700354323839
66	414546	1755	0.65418896793810399348245709916227
69	433389	1845	0.63336307950137915590005377453053
72	452232	1920	0.60940126341946876387112297379645
75	471075	2008	0.59812471237652120592542814847548
78	489918	2085	0.60177457385914812082461367026553
81	508761	2171	0.58181864515394521308877529008896
84	527604	2246	0.57908240674117439361623382865218
87	546447	2332	0.58323193210998325319849300285568
90	565290	2407	0.57970006638148596778137289220467
93	584133	2496	0.59995605495025006170806136651663
96	602976	2571	0.62793001205206488979371215464198
99	621819	2658	0.63747206876946682641005281766411
102	640662	2732	0.64211780725867018126962193491636
105	659505	2812	0.65163984362719074017178400026751
108	678348	2898	0.65657340815575748749211015820038
111	697191	2976	0.64671312252333890135957972233882
114	716034	3065	0.654913922128564807145778559061
117	734877	3152	0.65303421821914686695720320130931
120	753720	3239	0.648157311837921912278659419826
123	772563	3313	0.63804627537247748936266589225852
126	791406	3400	0.64629732362052438876531823552796
129	810249	3476	0.65334941871532303814262832020177
132	829092	3553	0.65835777302331754956554732416407
135	847935	3640	0.65764015413332899129272846039385
138	866778	3716	0.63856390421013065061828228863305
141	885621	3803	0.63259509515216516550850656130933
144	904464	3878	0.63522263042562188140038870187709
147	923307	3965	0.63789035993238141220018633248401
150	942150	4052	0.6459306737461519842824486659083
