0	0	0	0.69314718055900481630260401288979
3	18843	74	1.4215742942361471179424370347988
6	37686	150	1.3763607084734508223533566706465
9	56529	235	1.430570089259924904112608601281
12	75372	310	1.5602345475940782026924580350169
15	94215	385	1.6477792197237661753206339199096
18	113058	474	1.7113191649224546164731464159559
21	131901	542	1.7933154482758306702550044064992
24	150744	612	1.9342425510236804786501352282357
27	169587	697	2.2034834284753799238387728109956
30	188430	766	2.2153757413851202784371707821265
33	207273	855	2.3901189584980224722698949335609
36	226116	929	2.5282621352366847489179235708434
39	244959	1003	2.6218618156045074840676534222439
42	263802	1103	2.7444734897779214932711511210073
45	282645	1208	2.6775277587337162898961651080754
48	301488	1282	2.7902437881565078647838618053356
51	320331	1350	2.9545448856188816222356763319112
54	339174	1418	2.8492697142267329191156477463664
57	358017	1486	3.0284612601260394448843271675287
60	376860	1554	3.1048275345865814500712076551281
63	395703	1627	3.1017969187700238364868710050359
66	414546	1702	3.2549440853374322912827665277291
69	433389	1788	3.1933042635955084520560376404319
72	452232	1856	3.0687126399389352826574395294301
75	471075	1942	3.0571007972584913758851143938955
78	489918	2041	2.9798927639118630850134650245309
81	508761	2140	2.9852122812816381802747400797671
84	527604	2208	3.1562467121796187186077986552846
87	546447	2308	3.1888914028399435451888166426215
90	565290	2376	3.0662010923533618012015722342767
93	584133	2450	3.176379729090832881865935632959
96	602976	2536	3.2620874304171851854050601104973
99	621819	2610	3.2714090392889105807228133926401
102	640662	2685	3.2277063000180863383548057754524
105	659505	2770	3.3521389417584726011511975229951
108	678348	2846	3.3497146443995040598906598461326
111	697191	2922	3.5968276796699565345249993697507
114	716034	2990	3.6825078040855094840821948309895
117	734877	3058	3.8648663145658184170372351218248
120	753720	3126	3.9730819149606082518744187837001
123	772563	3201	3.9359513346290446733632961695548
126	791406	3269	3.9271027847281403388990383973578
129	810249	3345	4.0206856461820361658965339302085
132	829092	3444	4.0973486508711509657132410211489
135	847935	3553	4.200447724547135663897279300727
138	866778	3628	4.3175197873836639317346453026403
141	885621	3704	4.4911774456537267852240802312735
144	904464	3779	4.5969805312507929784260340966284
147	923307	3855	4.7694370784630866211273314547725
150	942150	3932	4.5322487146599046425876622379292
