0	0	0	0.69314718055900481630260401288979
3	94203	78	0.59095683488044969955410579132149
6	188406	165	0.51908267880989300557814658532152
9	282609	251	0.46735005953793434807508333506121
12	376812	326	0.42903299965519448022632786887698
15	471015	403	0.39999926104910693558380785361805
18	565218	478	0.37732723900165932029437954042805
21	659421	568	0.35916189320670971474314114857407
24	753624	642	0.34428456881985064486073611078609
27	847827	717	0.33184383859928517912507572873437
30	942030	792	0.32128112990137502880116926462506
33	1036233	877	0.31209267383219174707420506820199
36	1130436	964	0.30400147985764214286774631545995
39	1224639	1039	0.29678756875763995237704762075737
42	1318842	1126	0.29027254092113674577291249079281
45	1413045	1211	0.28432825951801643515892692448688
48	1507248	1297	0.27885349107758472531060078836163
51	1601451	1422	0.27376078441612505809388267152826
54	1695654	1498	0.26902044382188872173600202586385
57	1789857	1573	0.26455631684883929022333859393257
60	1884060	1661	0.26032959973872776826553376849915
63	1978263	1742	0.25631789956237516214798688451992
66	2072466	1818	0.25248837770815213410457999998471
69	2166669	1894	0.24884194637708992314806266676896
72	2260872	1970	0.24533030370106467810131789519801
75	2355075	2045	0.24196688912605962551438665286696
78	2449278	2121	0.23872377987617618422255816312827
81	2543481	2198	0.23558112909462605721877537234832
84	2637684	2273	0.23255083473451343412108371921931
87	2731887	2362	0.22961926425924400474443132225133
90	2826090	2439	0.22677826319238136854039566969732
93	2920293	2525	0.22402415743570200379330970008596
96	3014496	2600	0.22134776342331080600800419233565
99	3108699	2687	0.21874343695763201478321491322276
102	3202902	2775	0.21621456966754398765218070366245
105	3297105	2849	0.2137566696126204091044087363116
108	3391308	2934	0.21136071263556532873195692445734
111	3485511	3009	0.20902988004285227852108164370293
114	3579714	3083	0.20676037362052715473659247891192
117	3673917	3157	0.20454650503576513043135776115378
120	3768120	3232	0.20239245630607680115353730343486
123	3862323	3320	0.20029046748210402317802447669237
126	3956526	3410	0.19824294733259503753508568024699
129	4050729	3486	0.19624932514888079881920646130311
132	4144932	3561	0.19429943563949700346960014485376
135	4239135	3637	0.19239557203737267521148623927729
138	4333338	3724	0.19053670346635367960352880345454
141	4427541	3810	0.18872497763812554061324533449806
144	4521744	3897	0.18694799871202003038739292151149
147	4615947	3988	0.18521972523168608870669515908958
150	4710150	4063	0.18352889796612970041422840949963
153	4804353	4139	0.18187765154724611083025820335024
156	4898556	4215	0.18025908941226709281124840345001
159	4992759	4290	0.17867998348053820700798155485245
162	5086962	4343	0.17713367306156532765548661245703
165	5181165	4397	0.17562431917424298211116706625035
168	5275368	4454	0.17414391046035149201998137868941
171	5369571	4513	0.1726986309130379981802150268777
174	5463774	4567	0.17129050351181146494283780157275
177	5557977	4621	0.16990724533248349747971417400549
180	5652180	4678	0.16855612695054153493678938957601
183	5746383	4735	0.16723218303038214771483183085365
186	5840586	4789	0.16593804325084959838676468280028
189	5934789	4843	0.16467154435074907170566405056888
192	6028992	4901	0.16343225076604428469551066882559
195	6123195	4959	0.16221403959717126119777219628304
198	6217398	5016	0.1610217278371229021605159914543
201	6311601	5070	0.15985604143132797760884500348766
204	6405804	5128	0.15870943137293552771538429624343
207	6500007	5186	0.15758586727516923908787305208534
210	6594210	5239	0.15648738268559608810548411383934
213	6688413	5293	0.15540871562465030653044095743098
216	6782616	5350	0.15435486368889589359199021600944
219	6876819	5408	0.15331732590256919035454075128655
222	6971022	5465	0.15230588821482429762177446264104
225	7065225	5519	0.15131044823002220978125365036249
228	7159428	5576	0.15033396029104065250159294464538
231	7253631	5630	0.1493771260320143623445687808271
234	7347834	5684	0.14843834319228968454673633914354
237	7442037	5741	0.14751663475634371747169382160791
240	7536240	5798	0.14660993601796348806409753251501
243	7630443	5853	0.14572178262615617660991063075926
246	7724646	5910	0.14484917827048851557414366197918
249	7818849	5968	0.14399285564303551665510383372748
252	7913052	6022	0.1431514283084504013388027487963
255	8007255	6080	0.1423250668968281118509366933722
258	8101458	6137	0.14151390282175363433125880874286
261	8195661	6191	0.14071497052250384052207721197192
264	8289864	6248	0.13993217704073704354961193985218
267	8384067	6306	0.13916369636881545379658575711801
270	8478270	6360	0.13840763715717985249398225278128
273	8572473	6414	0.13766563834647160824431466608075
276	8666676	6468	0.13693550518382546776763319940073
279	8760879	6526	0.13621691634682819849189172600745
282	8855082	6580	0.13550884199432119969763732569845
285	8949285	6634	0.13481312158757052799273878918029
288	9043488	6687	0.13412776400902648443747011697269
291	9137691	6739	0.13345671472697681614327791521646
294	9231894	6792	0.13279383165665373245367675281159
297	9326097	6845	0.13214375948630435742003896848473
300	9420300	6898	0.13150343338020939465415892755118
303	9514503	6951	0.1308743142211147847397967325378
306	9608706	7003	0.13025489024404240945287369868311
309	9702909	7056	0.12964263446390850154088525414409
312	9797112	7108	0.12904430166939162560879594821017
315	9891315	7161	0.12845148742491235838159013837867
318	9985518	7213	0.12786737855239277417140897341596
321	10079721	7266	0.12729432493729586628461447617155
324	10173924	7319	0.12672849770576480321615520097112
327	10268127	7371	0.12617036773839301888600061829493
330	10362330	7424	0.12562149305109651664658088066062
333	10456533	7477	0.12508265465182683007228092719743
336	10550736	7529	0.12455286025407492911387663525602
339	10644939	7582	0.12403000103930315878297818699139
342	10739142	7635	0.12351412704831649103098811792734
345	10833345	7688	0.12300637054438053052951573818063
348	10927548	7741	0.12250445614214804102015676789961
351	11021751	7794	0.12201195188772347155481412528388
354	11115954	7847	0.12152372674789574391596147506789
357	11210157	7899	0.12104323582799914049701328622177
360	11304360	7952	0.12056966022591800169472264769865
363	11398563	8006	0.12010100807287049651250754322973
366	11492766	8059	0.11963880448198828398975734899068
369	11586969	8111	0.11918502268061528792664205411711
372	11681172	8164	0.11873524715657564343462837541665
375	11775375	8217	0.11829284464979421265251602335411
378	11869578	8269	0.11785637881537955329314115715533
381	11963781	8323	0.11742513403288917794853318810055
384	12057984	8375	0.11700041547849056311481064085456
387	12152187	8428	0.11657997686926661884410094671694
390	12246390	8481	0.11616658664109201504199830878861
393	12340593	8534	0.11575860671697507653377101632941
396	12434796	8586	0.11535639818285478574999558531999
399	12528999	8640	0.11495725286409785859120802342659
402	12623202	8692	0.11456439295172260450783596752444
405	12717405	8746	0.11417574306053061838905904323838
408	12811608	8799	0.11379431148852492405865177715896
411	12905811	8851	0.11341557358547717238028695874164
414	13000014	8905	0.11304155690938746947615811677679
417	13094217	8958	0.11267163575758989968456091901317
420	13188420	9011	0.11230826141966605835609271935027
423	13282623	9063	0.11194645024397995025644547695265
426	13376826	9116	0.1115907279086892633923611128921
429	13471029	9170	0.11123947355366431422041273435752
432	13565232	9224	0.11089272367546725017728448392518
435	13659435	9276	0.11054926020972569156164411197096
438	13753638	9329	0.110210126469560187878471424483
441	13847841	9382	0.10987509578382866071155632425871
444	13942044	9435	0.10954274111162953797560248858645
447	14036247	9488	0.10921728780849319917489737008509
450	14130450	9541	0.10889445643816743347631614824422
453	14224653	9594	0.1085738887288663773178498672678
456	14318856	9647	0.10825808680850240728332778417098
459	14413059	9700	0.10794532793879260679226206320891
462	14507262	9756	0.10763659578430460894704623342477
465	14601465	9809	0.10733109439906879378767712296394
468	14695668	9861	0.10702961429493967893122885470802
471	14789871	9914	0.10673260534633591256614693065785
474	14884074	9967	0.10643781180330832980551747368736
477	14978277	10019	0.10614667642572622741070631491311
480	15072480	10072	0.10585932425199040540775285990094
483	15166683	10125	0.10557454722437632776976812465364
486	15260886	10177	0.10529189811904814122467399784
489	15355089	10230	0.10501331818204823198570352360548
492	15449292	10283	0.10473608843766787912521465386817
495	15543495	10336	0.10446392325407148626847941841334
498	15637698	10389	0.10419583333105533751172799838969
501	15731901	10441	0.10392803602483222102925708441035
504	15826104	10495	0.10366300650605439481743985652429
507	15920307	10548	0.10340140466655009521268482330925
510	16014510	10601	0.10314240022534380825103283996214
513	16108713	10654	0.10288666586542025149775270165264
516	16202916	10706	0.10263192981703340989074746403276
519	16297119	10760	0.10238152909377383481537293619112
522	16391322	10813	0.10213424418448208141896316192287
525	16485525	10866	0.10188811294577836130681447457391
528	16579728	10920	0.10164573333176404879019116833661
531	16673931	10972	0.10140561133066006149761051347014
534	16768134	11025	0.10116798890082008555157955242976
537	16862337	11078	0.10093161251454363380730683275033
540	16956540	11131	0.10069758553709834414391366408381
543	17050743	11184	0.10046610287398415051196565173086
546	17144946	11237	0.10023580577605277486252788321508
549	17239149	11290	0.10001044705728920347631571985403
552	17333352	11343	0.099787300124732719597275831802108
555	17427555	11396	0.099564834878120747618801544831513
558	17521758	11449	0.099343649586076610003004816462635
561	17615961	11502	0.099125211978305372007014284463366
564	17710164	11555	0.098909113688102456851680699401186
567	17804367	11608	0.098696510624772221254019655134471
570	17898570	11660	0.098484870141497565798616165011481
573	17992773	11713	0.098273329190057975845995485997264
576	18086976	11766	0.098065898229143119713135945403337
579	18181179	11819	0.097859920509880599093222031115147
582	18275382	11871	0.09765672555737238413886558419108
585	18369585	11924	0.097453593426402917998530028853565
588	18463788	11976	0.097252679334592001536563543595548
591	18557991	12029	0.097054956894377361620307453904388
594	18652194	12082	0.096857656829705679468744961013726
597	18746397	12134	0.09666367580491354305483042708147
600	18840600	12187	0.09647134853418878885911169618339
603	18934803	12240	0.0962801044335344635705098426115
606	19029006	12293	0.096090629710427311049869558701175
609	19123209	12346	0.095903446722883173292117930941458
612	19217412	12399	0.095716958908656571414219627058628
615	19311615	12452	0.095531343257509726552001438903972
618	19405818	12505	0.095348372683248194814353837500676
621	19500021	12557	0.095166966132642832887356121318589
624	19594224	12610	0.094986702153248767088733472974127
627	19688427	12663	0.094809006188760258648784429169609
630	19782630	12716	0.094631725625514168109830848152342
633	19876833	12769	0.094455697868812388273696001306234
636	19971036	12822	0.094282596705969112793610520384391
639	20065239	12875	0.094109895733102327808339282455563
642	20159442	12928	0.093939225770617321153999057514739
645	20253645	12980	0.093768998020377761215549128337443
648	20347848	13034	0.093601779321533865041438104981353
651	20442051	13087	0.093436018014583635538095052197605
654	20536254	13140	0.093270637549555904244336090869183
657	20630457	13193	0.093106597173869432015891334231128
660	20724660	13245	0.092945327783269887644834739148791
663	20818863	13298	0.092785354419144983051381814220804
666	20913066	13350	0.092625389218230172461154836582864
669	21007269	13403	0.092466522581532165081519281102373
672	21101472	13456	0.092309173049212531192431185900205
675	21195675	13509	0.092153655302212256206217944054515
678	21289878	13561	0.091999687851286038320353100061766
681	21384081	13614	0.091847716185639499686388376176183
684	21478284	13667	0.091695176424393079472885403902183
687	21572487	13720	0.091544967028900095518118007476005
690	21666690	13772	0.091395299886074768402899337615963
693	21760893	13825	0.091246347442875214150959095604776
696	21855096	13878	0.091098924966894812005335779758752
699	21949299	13931	0.090953247493953157110091467529855
702	22043502	13984	0.090808309205817339115895947543322
705	22137705	14037	0.090663609483327342597469566953805
708	22231908	14090	0.090521184360675646662919291429716
711	22326111	14143	0.090379795158431308621516109269578
714	22420314	14195	0.090239582661151868103743822757679
717	22514517	14248	0.090101720920876107734365234591678
720	22608720	14316	0.089964362327531535723501576740091
723	22702923	14369	0.089827279962334347085395336307556
726	22797126	14422	0.089691017312525253557531357273547
729	22891329	14475	0.089556045718240440134394475535373
732	22985532	14528	0.08942289503584768817212591329735
735	23079735	14581	0.089291270105863365658116492795671
738	23173938	14634	0.089159268459799170813973034910305
741	23268141	14687	0.089028694553948906076357161509804
744	23362344	14740	0.088899351917623228858111872341397
747	23456547	14793	0.088770098557389820470575614308473
750	23550750	14846	0.088641520234855886162250726556522
753	23644953	14899	0.088516249811694952542850955978793
756	23739156	14951	0.088391060188539927189310674293665
759	23833359	15004	0.088266665349833170473026200397726
762	23927562	15057	0.088141960910889161073811237656628
765	24021765	15110	0.088018269168209511965628166763054
768	24115968	15163	0.087896833868360613184478324910742
771	24210171	15216	0.087775576798405197109786968212575
774	24304374	15269	0.087655735793369979336198127839452
777	24398577	15321	0.087535636335701258459174312065443
780	24492780	15374	0.087418268891744407844690556430578
783	24586983	15426	0.087300151901275060972729136210546
786	24681186	15480	0.087184250403599811152233201028139
789	24775389	15532	0.087067662894137726192766990607197
792	24869592	15585	0.086952895082210143740120145139372
795	24963795	15638	0.086839776723679956704771143449761
798	25057998	15691	0.086726151594233136243872195336735
801	25152201	15744	0.086613161180910350211981096890668
804	25246404	15797	0.086501473668173511910595152585302
807	25340607	15849	0.08638957278367440095756535356486
810	25434810	15902	0.086278340328780497858751630246843
813	25529013	15955	0.086168351319928337961329134486732
816	25623216	16008	0.086059029921651764016843344506924
819	25717419	16061	0.085950875596661660549280270515737
822	25811622	16114	0.085843123049424763237880142696667
825	25905825	16167	0.085736582356161855633658319675305
828	26000028	16219	0.085629737212013126712584210054047
831	26094231	16272	0.085524139149004876903070737625967
834	26188434	16325	0.085419573327024891917780280437
837	26282637	16379	0.085315518162432227300406850645231
840	26376840	16434	0.085211421771985665363224882185023
843	26471043	16486	0.085109028102215003586117347822437
846	26565246	16542	0.085007392923113100913212747400394
849	26659449	16594	0.084906112681867443314764898332214
852	26753652	16647	0.084805458973931435728843553079059
855	26847855	16700	0.084706360115745504835160772927338
858	26942058	16753	0.084606840073877198626917106594192
861	27036261	16806	0.084508274161524316037130688528123
864	27130464	16860	0.08440966592563912962443595233708
867	27224667	16912	0.084312424769194926899018582844292
870	27318870	16965	0.084215612826846614202835894502641
873	27413073	17018	0.084119065448165553089410195752862
876	27507276	17071	0.084023075488837126179042513740569
879	27601479	17124	0.083929659840820958205398483187309
882	27695682	17176	0.083836631581295645299078955758887
885	27789885	17229	0.083742858610469497748773903822439
888	27884088	17282	0.083649491797084932209749297271628
891	27978291	17335	0.083557143814102785572828224758268
894	28072494	17388	0.08346496229424303636701409914167
897	28166697	17440	0.083373363734478539432970478628704
900	28260900	17493	0.083282867738232471688242242180422
