0	0	0	0.69314718055900481630260401288979
3	18843	136	0.68210861532993338762764778948622
6	37686	230	0.69302277176081328313728135981364
9	56529	338	0.7069299161154285471297953336034
12	75372	431	0.70731459345517044834394937424804
15	94215	539	0.67525345251726232032041252750787
18	113058	622	0.66704741302608872022261721212999
21	131901	716	0.67889407826816094981836613442283
24	150744	825	0.6984069881145535951816327724373
27	169587	935	0.69669477454400086102737077453639
30	188430	1030	0.69234764880602739367532194592059
33	207273	1122	0.66880556643338928690667444243445
36	226116	1216	0.66307802487671296809423893137136
39	244959	1310	0.6615855741068908946189708331076
42	263802	1394	0.67797468651468006939353472262155
45	282645	1493	0.66133134146136129949411497364054
48	301488	1577	0.67410975198915568107338458503364
51	320331	1699	0.66772188598577542073542190337321
54	339174	1809	0.66738444045421330130807291425299
57	358017	1904	0.64590633141642184167352525037131
60	376860	2013	0.65218723889881835553694600093877
63	395703	2108	0.65903204727827258135874899380724
66	414546	2217	0.6453931524950158316045190076693
69	433389	2312	0.64685073856927743918276974000037
72	452232	2408	0.63483088740490301038477127804072
75	471075	2501	0.62427301293736103815490423585288
78	489918	2613	0.61436564248506919660997027676785
81	508761	2722	0.62443420377275693500251918521826
84	527604	2831	0.63654566331422712810450548204244
87	546447	2926	0.63106639166422962006208763341419
90	565290	3021	0.62599303520347393536837898864178
93	584133	3098	0.63653636963047111052560467214789
96	602976	3190	0.63956816595718624096633675435442
99	621819	3284	0.65353142028888566716915420329315
102	640662	3413	0.65952857803194531172152892395388
105	659505	3506	0.6828160814983338378070243379625
108	678348	3594	0.69719242327056107910721038933843
111	697191	3688	0.73237546162063149601806344435317
114	716034	3780	0.74526886861631169711728261972894
117	734877	3871	0.77318081994653165001096795094782
120	753720	3964	0.7705593196998463678681901001255
123	772563	4066	0.77660100156633460333210905446322
126	791406	4173	0.77777221347104186222054522659164
129	810249	4266	0.80896367908628563636597164077102
132	829092	4346	0.78819095099692182415651586779859
135	847935	4427	0.79811235234808453054000665360945
138	866778	4519	0.80712450592068230026399078269606
141	885621	4603	0.80691985853487480095935779900174
144	904464	4695	0.81524818769658891071117068349849
147	923307	4824	0.80159027271698524153009657311486
150	942150	4903	0.79739183152119741393448748567607
153	960993	4994	0.77202019530234688993175495852483
156	979836	5086	0.7546299599693859772031601096387
159	998679	5179	0.74809660213550743801391718079685
162	1017522	5259	0.7635447296056759869387065009505
165	1036365	5351	0.77145090048123754478126556932693
168	1055208	5443	0.79417066608383912740265486718272
171	1074051	5551	0.78483144705079588288043623833801
174	1092894	5631	0.78467779636316548064201015222352
177	1111737	5712	0.77701425684685276884522409091005
180	1130580	5820	0.77145223408365470874059610650875
183	1149423	5914	0.80057858827427230696827109568403
186	1168266	6048	0.79785168452136834282839572551893
189	1187109	6127	0.78258151060425884537607998936437
192	1205952	6226	0.77989036582210813364213208842557
195	1224795	6306	0.79339732766414938769372611204744
198	1243638	6397	0.78211016203730554519069073649007
201	1262481	6489	0.77758089199269586622165206790669
204	1281324	6580	0.80434917860138521739088446338428
207	1300167	6686	0.79851451654461091944625650285161
210	1319010	6782	0.78339939686143700292575431376463
213	1337853	6888	0.76361588937794810938441969483392
216	1356696	6994	0.76037996862077150694858573842794
219	1375539	7121	0.76732168927485133735899580642581
222	1394382	7202	0.74387747581294072496405078709358
225	1413225	7309	0.76336884216320033402780609321781
228	1432068	7390	0.75004116215951766033498415708891
231	1450911	7499	0.7524023040051651678439270654053
234	1469754	7581	0.75954731353570825724830228864448
237	1488597	7694	0.76461205008187949072606670597452
240	1507440	7786	0.75243692208088508444063791102963
243	1526283	7878	0.73204072482504489727261898224242
246	1545126	7959	0.72330769161147701051817193729221
249	1563969	8052	0.74255193747604608667245429387549
252	1582812	8143	0.73944531754241749066380862132064
255	1601655	8274	0.72829595374439992649939767943579
258	1620498	8381	0.74095474383768289428076059266459
261	1639341	8473	0.7438629391821672820483968280314
264	1658184	8556	0.74296850119366142362054006298422
267	1677027	8641	0.74875880970400932046260322749731
270	1695870	8732	0.76452964735773398796681021849508
273	1714713	8824	0.74835042552435204754601727472618
276	1733556	8908	0.75900610849210015107502158571151
279	1752399	8989	0.76493364092708282520050033781445
282	1771242	9083	0.77000479828829582196192404808244
285	1790085	9175	0.77510935681125570084759601741098
288	1808928	9265	0.75477993816038790875211361708352
291	1827771	9345	0.75774954278173956012665257730987
294	1846614	9425	0.75418032514444088842964220020804
297	1865457	9517	0.74609538613335535384152308324701
300	1884300	9609	0.73816534951188739199778865440749
303	1903143	9739	0.73246416970665850776356364804087
306	1921986	9867	0.72933141195816320045963720986038
309	1940829	9975	0.74364450584711061509324281360023
312	1959672	10067	0.70547997446192001191889175970573
315	1978515	10159	0.7257441232812968934240416274406
318	1997358	10240	0.72282173855716091992462679627351
321	2016201	10321	0.72672375597872729269255387407611
324	2035044	10414	0.74135729875610811845376701967325
327	2053887	10548	0.74334592053052117588407554649166
330	2072730	10654	0.75107142432121942743350473392638
333	2091573	10744	0.75139565165715604955209983017994
336	2110416	10826	0.76206955766265882523669006332057
339	2129259	10934	0.76798096010726879523389243331621
342	2148102	11025	0.7850994853168130616083431050356
345	2166945	11141	0.77783391756961006713311235216679
348	2185788	11247	0.77024889282479813701343118736986
351	2204631	11338	0.77529039837484270414336151588941
354	2223474	11420	0.77627972223270469420697281748289
357	2242317	11528	0.77575289031040439713393652709783
360	2261160	11609	0.77651363119053840033956248589675
363	2280003	11723	0.76562342838825858670759316737531
366	2298846	11833	0.76198520967653071700453892844962
369	2317689	11926	0.76138703951436537131769455299946
372	2336532	12054	0.76948245525076930384500428772299
375	2355375	12161	0.77866376786388435959906928474084
378	2374218	12253	0.76548936770580211508274715015432
381	2393061	12346	0.74737555345865169798003080359194
384	2411904	12476	0.74896188368021499037752164440462
387	2430747	12556	0.73961960794363468263412642045296
390	2449590	12647	0.73385293168792709028735998799675
393	2468433	12739	0.7375842717992431296636368642794
396	2487276	12821	0.73128342461122897155689770443132
399	2506119	12914	0.73521118610181335206732455844758
402	2524962	12999	0.74173284734115052518887978294515
405	2543805	13090	0.74374259880170001668631130087306
408	2562648	13170	0.73686687012482132708157678280259
411	2581491	13276	0.73188428737920607769495973116136
414	2600334	13367	0.73817904567680114880090513906907
417	2619177	13474	0.74518410839993942662573545021587
420	2638020	13566	0.75378212970253277713794659575797
423	2656863	13646	0.76588077841696999836784698345582
426	2675706	13727	0.75743499382924539542472075481783
429	2694549	13819	0.75542782261562579915192827684223
432	2713392	13900	0.75611057153959149168542808183702
435	2732235	13980	0.75789530183365039217591174747213
438	2751078	14072	0.75578213187664866623549642099533
441	2769921	14201	0.73978291019699271569010079474538
444	2788764	14307	0.73781612861546763681985794391949
447	2807607	14398	0.73072440149503226081151296966709
450	2826450	14507	0.73905926626576601279339229222387
453	2845293	14605	0.74940371312903952816242281187442
456	2864136	14698	0.74831043073953162902967051195446
459	2882979	14807	0.74743145088626594674252601180342
462	2901822	14899	0.73467244466585901463417940249201
465	2920665	14991	0.7351506495931717788394621493353
468	2939508	15084	0.73617537193924920124743493943242
471	2958351	15191	0.73873753257856489273791567029548
474	2977194	15299	0.73194695248649588315004166361177
477	2996037	15406	0.7384594222342837355199662852101
480	3014880	15500	0.73666733048617694112891740587656
483	3033723	15608	0.73064624808658118482185273023788
486	3052566	15703	0.71180013952740950333719638365437
489	3071409	15796	0.71686744351875208991486942977645
492	3090252	15889	0.74438337612301541668102800031193
495	3109095	15999	0.74521063686360800026875494950218
498	3127938	16110	0.75633908863431009717004371850635
501	3146781	16203	0.7537116740060129105316377717827
504	3165624	16296	0.74276488277788210723429074278101
507	3184467	16405	0.74641817184151504349642891611438
510	3203310	16514	0.75805721017592286870012685540132
513	3222153	16605	0.76356946946890980054689634926035
516	3240996	16714	0.77295037925225174024745911083301
519	3259839	16842	0.77790095548109283729587559719221
522	3278682	16954	0.77436490425842541274192853961722
525	3297525	17046	0.76566590710203374925413299934007
528	3316368	17139	0.75431667291022319599136380929849
531	3335211	17232	0.74204161093827625261809544099378
534	3354054	17342	0.73880388912623928820977425857564
537	3372897	17448	0.74332101061003197361998218184453
540	3391740	17542	0.73406668215549475409176238827058
543	3410583	17651	0.73049167483966315206345143451472
546	3429426	17746	0.71133358056895079624126765338588
549	3448269	17852	0.71292547970888542341327820395236
552	3467112	17960	0.7091501075330807202234950636921
555	3485955	18069	0.71342516413092849081323265636456
558	3504798	18175	0.71414334921901112540609801726532
561	3523641	18268	0.71887539483324269795616601186339
564	3542484	18398	0.73058713017004595080550188868074
567	3561327	18481	0.73759145785785484861207805806771
570	3580170	18574	0.74196518147151424571461575396825
573	3599013	18668	0.74635043562150271689858982426813
576	3617856	18748	0.74896395541670768292163984369836
579	3636699	18842	0.74942614428741194387839641422033
582	3655542	18937	0.7511817362649261253793042669713
585	3674385	19043	0.75094309156259997362070635062992
588	3693228	19136	0.73884299764864191928381842444651
591	3712071	19218	0.73628948457466580901353836452472
594	3730914	19299	0.73135753598792441199094582771068
597	3749757	19391	0.73482254927688706036548182964907
600	3768600	19483	0.74181581903770443808809886832023
603	3787443	19591	0.73698801950683168193734218220925
606	3806286	19683	0.7419948411627099726928236123058
609	3825129	19763	0.73241771111679965233776101740659
612	3843972	19871	0.7366845525679729389523231475323
615	3862815	20000	0.74638071438230779719447127718013
618	3881658	20092	0.75103624550131442560996219981462
621	3900501	20174	0.73687238075604688525288565870142
624	3919344	20268	0.74007076432627671991326678835321
627	3938187	20377	0.74910108747185644162414064339828
630	3957030	20470	0.75003910448358313001193664604216
633	3975873	20566	0.74182135001900006976427448535105
636	3994716	20698	0.74517698244919761130233837320702
639	4013559	20791	0.74244581930457942409162797048339
642	4032402	20885	0.74416378980577146950992073470843
645	4051245	20994	0.74912226054408204145573790810886
648	4070088	21102	0.74920765009953782520568665859173
651	4088931	21200	0.74492214052081207054101241737953
654	4107774	21308	0.73925530962895202868878641311312
657	4126617	21439	0.73680542391530645662811593865626
660	4145460	21532	0.73144556087981915659668175067054
663	4164303	21624	0.72910553470322958524718615080928
666	4183146	21734	0.72564280780366419154603363494971
669	4201989	21842	0.72289757826157829967428369855043
672	4220832	21940	0.72434660725582677986977842010674
675	4239675	22033	0.73789434710862022992472475380055
678	4258518	22129	0.73980127346833990387153789924923
681	4277361	22227	0.7315744202348595237594963691663
684	4296204	22334	0.7293793015499639986742863584368
687	4315047	22443	0.73022145274104599543818494566949
690	4333890	22552	0.73316562174638977289475860743551
693	4352733	22661	0.73645948597358668052947905380279
696	4371576	22770	0.73733559225014555504884583569947
699	4390419	22862	0.73423258220876730373305463217548
702	4409262	22956	0.74399991007092769468300730295596
705	4428105	23050	0.74300427438453298112364109329064
708	4446948	23160	0.7502859881539699626884498684376
711	4465791	23292	0.74703717530795332724125046297559
714	4484634	23385	0.75840186721685809434490010971786
717	4503477	23477	0.7585610187770610579605090606492
720	4522320	23587	0.75967336972442256470827715020278
723	4541163	23679	0.75865900571621969206148605735507
726	4560006	23774	0.75600417277979770069862297532381
729	4578849	23864	0.76119051286035599446222477126867
732	4597692	23946	0.76642455508908313710492166137556
735	4616535	24039	0.76761595636598300984587694983929
738	4635378	24153	0.77055895684169373183181050990243
741	4654221	24245	0.76669429802838029441858225254691
744	4673064	24337	0.76871227139308528908401285661967
747	4691907	24428	0.75962698284312712981858339844621
750	4710750	24523	0.77010082511618005440823253593408
753	4729593	24631	0.76687721577543699336132476673811
756	4748436	24739	0.76720816494042121114205201592995
759	4767279	24848	0.76084912388464209787031222731457
762	4786122	24956	0.76312948774739397528321660502115
765	4804965	25049	0.77565146428186215743494358321186
768	4823808	25157	0.77844459458780224103691125492333
771	4842651	25270	0.78502701970266797193431784762652
774	4861494	25380	0.78730213397084103377210340113379
777	4880337	25497	0.79057609700553888032459326495882
780	4899180	25610	0.78032525308454914192424212160404
783	4918023	25722	0.77057771826768906020532767797704
786	4936866	25840	0.76758016284275465412889616345637
789	4955709	25952	0.77003971370280455133183750149328
792	4974552	26047	0.76476378685803192425396446196828
795	4993395	26158	0.76358097978234318325974072649842
798	5012238	26254	0.7672386153530582619808342315082
801	5031081	26352	0.76321934510159106235249737437698
804	5049924	26449	0.76209243139516624765406049846206
807	5068767	26546	0.76086872985975517735823814291507
810	5087610	26644	0.7614729985581505378178235332598
813	5106453	26740	0.76686214030951083131526502256747
816	5125296	26854	0.76818152334946687709305024327477
819	5144139	26968	0.76973080005102190170873655006289
822	5162982	27079	0.77088963093877505006190631320351
825	5181825	27192	0.75847953951332769406690204050392
828	5200668	27305	0.76869308207821118728020337584894
831	5219511	27419	0.76561949365132764278030208515702
834	5238354	27534	0.75981403142658332505732232675655
837	5257197	27648	0.76297992935563485605854339155485
840	5276040	27745	0.77377182132703081762770125351381
843	5294883	27842	0.77813126019293088475592412578408
846	5313726	27940	0.77856325682957627787317278489354
849	5332569	28037	0.77896828994743272378542542355717
852	5351412	28135	0.7738433218157869664111103702453
855	5370255	28233	0.77896989898547397412897907997831
858	5389098	28343	0.77766041874277802570247786206892
861	5407941	28463	0.78742298455523651590226563712349
864	5426784	28576	0.77380424529713121017948651569895
867	5445627	28674	0.77233305872516999635024603776401
870	5464470	28846	0.77960241736799451572892394324299
873	5483313	28944	0.78767145116528292092539231816772
876	5502156	29043	0.78028576702224761163506627781317
879	5520999	29157	0.77467627863678001354230673314305
882	5539842	29255	0.78222370846607491845503545846441
885	5558685	29353	0.79308604176155805820513933213078
888	5577528	29451	0.79225903939447517299043965977035
891	5596371	29562	0.79539495243077196207082124601584
894	5615214	29676	0.79940459474241643000880230829353
897	5634057	29777	0.80449301795235728107513750728685
900	5652900	29877	0.80384074953624096160353929008124
