0	0	0	0.69314718055900481630260401288979
3	18843	52	0.59110034002284850274122618429828
6	37686	105	0.51970798214149627192171010392485
9	56529	158	0.46731182596117259997470227972372
12	75372	211	0.42909724896126549831265606371744
15	94215	263	0.39989449390600045886046132181946
18	113058	316	0.37732632900207213610954681826115
21	131901	369	0.35940786443163991181748428971332
24	150744	422	0.34434021181389379284709661988018
27	169587	474	0.33189622779651722916938183516322
30	188430	527	0.32127260648102573536988302294048
33	207273	580	0.31211330164830963784794448656612
36	226116	633	0.30411185244314686837441286115791
39	244959	686	0.29683854354173527800853094049671
42	263802	739	0.2902839457077463491962987518491
45	282645	791	0.28433198617400223806583881014376
48	301488	846	0.27886572207299115122580701608968
51	320331	898	0.27381035591666796902288183446217
54	339174	952	0.26906774626200241629092602124729
57	358017	1005	0.26454958104977394084400543761149
60	376860	1057	0.26034562726283844158459146456153
63	395703	1110	0.2563364284630290645949912686774
66	414546	1163	0.2524920722783023374624633561325
69	433389	1216	0.24887433568697939212377434614609
72	452232	1268	0.24532231906897170037318289814721
75	471075	1321	0.24197125506775327141717468748539
78	489918	1374	0.23871955527161511922962233711587
81	508761	1428	0.23555633499619371695743552663771
84	527604	1481	0.23257582295496204149998220600537
87	546447	1537	0.22960276367042109502136781884474
90	565290	1590	0.2267849044927711388286439841977
93	584133	1642	0.2240255577491369054499159574334
96	602976	1697	0.22131302298304156295216671423987
99	621819	1751	0.21876647389611819649601898163382
102	640662	1804	0.2162013464843666188386350768269
105	659505	1857	0.21376694365692455734873078654346
108	678348	1909	0.21136885702130606135007440116169
111	697191	1967	0.20899788428190202438372580218129
114	716034	2020	0.20678440356548447032203341677814
117	734877	2073	0.20454263540086961570274581845297
120	753720	2127	0.2024084736933525197066785494826
123	772563	2181	0.2002985623166725070998239743858
126	791406	2236	0.19821555900061255117705627526448
129	810249	2289	0.19627441578247184494898647244554
132	829092	2344	0.19429275720435576491063045523333
135	847935	2396	0.19240845549343391085450605260121
138	866778	2448	0.19054532439890081718658620957285
141	885621	2502	0.18869170042682251176024976757617
144	904464	2556	0.18697138390621029224725191397738
147	923307	2610	0.18521404717131703665522479695937
150	942150	2662	0.18353880966193136803354946096078
153	960993	2715	0.18187757266431744951340476745827
156	979836	2768	0.18023117017857909205602595648088
159	998679	2821	0.17870121912147557408090392527811
162	1017522	2874	0.17713531260223544516740901144658
165	1036365	2928	0.17563716017268460323208500994951
168	1055208	2981	0.17415490502673355854845738122094
171	1074051	3034	0.17268177404903414795533933556726
174	1092894	3089	0.17131676679206619962059221506934
177	1111737	3142	0.16991837749596661044648726601736
180	1130580	3195	0.16857650199785795264162402418151
183	1149423	3248	0.16724472463174283598519309634867
186	1168266	3301	0.1659202530549666043668821657775
189	1187109	3354	0.16468995769527611239269049292488
192	1205952	3409	0.16342743147099778044939455412532
195	1224795	3462	0.16222164017050919038176459707756
198	1243638	3520	0.1610228419428137436320014330704
201	1262481	3576	0.15983001718531439361292711964779
204	1281324	3628	0.15872723071822869567171210292145
207	1300167	3681	0.15759227346304630068551944077626
210	1319010	3734	0.15650340886296426612389609545062
213	1337853	3787	0.1554232158194338020429370317288
216	1356696	3840	0.15434453074791792959175040778064
219	1375539	3893	0.15334426142156915018333052103117
222	1394382	3948	0.15231443640349798251953927774593
225	1413225	4004	0.15132918630169153728637354561215
228	1432068	4060	0.15034748370534409267484932115622
231	1450911	4113	0.14936976250463596116446751693729
234	1469754	4166	0.14846465684389853478819532028865
237	1488597	4218	0.14753013032676473570425912384962
240	1507440	4271	0.14663117421350121971634905548854
243	1526283	4323	0.14573543126920246448818829776428
246	1545126	4376	0.14484259616382413882185176134954
249	1563969	4428	0.14401751330899983938316211151687
252	1582812	4481	0.14316754178730614621706251909927
255	1601655	4534	0.14234914560039085840159600593324
258	1620498	4587	0.14153260104520415385565001997747
261	1639341	4639	0.14071740687947409398361742205452
264	1658184	4692	0.13996362590291963612365577773744
267	1677027	4744	0.13918424812972934878629871491285
270	1695870	4798	0.13843297658814232575785752032971
273	1714713	4851	0.13768492668927181932225778382417
276	1733556	4907	0.13693558227943603000653638446238
279	1752399	4963	0.13624301476017217082947752260225
282	1771242	5019	0.13552730650342117990625467882637
285	1790085	5076	0.13483721052765348935587041978579
288	1808928	5130	0.13414845235986708193998140359326
291	1827771	5187	0.13345853465068871490650792566157
294	1846614	5245	0.13282109148346341043200879994401
297	1865457	5302	0.13216271112378896734895761255757
300	1884300	5357	0.13152434408348154248891148654366
303	1903143	5411	0.13088846081437519042189876472548
306	1921986	5465	0.13025356586080633070068302004074
309	1940829	5519	0.12966571187449110746925384773931
312	1959672	5573	0.12905725455344943530811008258752
315	1978515	5627	0.12846869179359904356019228544028
318	1997358	5682	0.12788376626095457333498472962674
321	2016201	5736	0.12729482474954198489847101427586
324	2035044	5791	0.12674805568855895820945534069324
327	2053887	5846	0.12618738657918956991288439439813
330	2072730	5900	0.12564167179974550236920549650677
333	2091573	5955	0.125097960076464731482559500364
336	2110416	6009	0.12455118276401552779297787765245
339	2129259	6064	0.12404332121855231318985346433692
342	2148102	6120	0.12352091743083802588554220847072
345	2166945	6174	0.12301308856883293174622195920165
348	2185788	6230	0.12250789410562212822242145193741
351	2204631	6287	0.12200284538295362579685132686791
354	2223474	6344	0.12153397668744354842562671592532
357	2242317	6398	0.12104632912615664874778076409712
360	2261160	6455	0.12057482333950854391790841191323
363	2280003	6530	0.12010245517698951711604848924253
366	2298846	6616	0.11962825227159121221909288124152
369	2317689	6691	0.11918921618243832893924150084786
372	2336532	6761	0.11873440239377669458420427872625
375	2355375	6837	0.11829380788756403697359331772532
378	2374218	6938	0.11785355720467607931745135374513
381	2393061	7024	0.11741044056853897070702430482925
384	2411904	7099	0.11699931448026894276193132782282
387	2430747	7176	0.11657564598404276945409208110505
390	2449590	7252	0.1161618539497470542487533862186
393	2468433	7337	0.11575017360968800628207020508853
396	2487276	7414	0.11533466331510902613821656359505
399	2506119	7492	0.11495346100007937384379630429976
402	2524962	7567	0.11455648364818958595545694834072
405	2543805	7641	0.11417063492016987780175441002939
408	2562648	7726	0.11378542613930643645492324367297
411	2581491	7800	0.11339773388061330505749424446549
414	2600334	7869	0.11303760802828551057519490541381
417	2619177	7943	0.1126651795633130254126186287067
420	2638020	8013	0.11230324799796029267007213547913
423	2656863	8082	0.11194089519390604259285737498431
426	2675706	8181	0.1115762721896930709242212742538
429	2694549	8269	0.11123705020251622999083451759361
432	2713392	8344	0.11088542194677619701081994207925
435	2732235	8430	0.11054400714043097209149379978044
438	2751078	8505	0.11020217112178251617216062641091
441	2769921	8580	0.10985797170272297573756503652476
444	2788764	8655	0.10954166877235571586624018891598
447	2807607	8725	0.10921434625529839734792147964981
450	2826450	8810	0.10889133456659820520240344876584
453	2845293	8885	0.1085692826876972910676855121892
456	2864136	8960	0.10824464529735049189707041250585
459	2882979	9036	0.10794412801699110326936192905123
462	2901822	9118	0.10763151032855598765447524556294
465	2920665	9194	0.10732789361930672455969215661753
468	2939508	9283	0.10702511205185420706254006972813
471	2958351	9369	0.10671777461412665366502494634915
474	2977194	9445	0.10643457978431067334490478515363
477	2996037	9514	0.10614267145324091101699082173582
480	3014880	9604	0.10585547672778247707547905065439
483	3033723	9679	0.10556909140737560925948912426975
486	3052566	9765	0.10527973558978151458198624368379
489	3071409	9853	0.1050120755822663148881801475909
492	3090252	9922	0.1047342253141811257988180727807
495	3109095	10010	0.10446127731639498481541750152246
498	3127938	10087	0.10418958324055618835934922117303
501	3146781	10163	0.10391534961638236589376305119004
504	3165624	10241	0.10366190489347412717613394761429
507	3184467	10316	0.10339822930738128137218012625453
510	3203310	10391	0.1031405801917162634584457236997
513	3222153	10468	0.10288212672801430591640325928893
516	3240996	10571	0.10262111902183104761299148321996
519	3259839	10671	0.10238029569600844148613560946615
522	3278682	10748	0.10213151279996153519835644374325
525	3297525	10823	0.10188674844251728590638350624431
528	3316368	10911	0.10164191441980000019107421849185
531	3335211	10989	0.10139471303701287629994709504899
534	3354054	11064	0.10116606260252687665701643027205
537	3372897	11141	0.10092827588512741365800451376344
540	3391740	11217	0.10069564093097572998747324390933
543	3410583	11294	0.10046249311883602428618900148649
546	3429426	11379	0.10022617013673676411578128409019
549	3448269	11455	0.10000834748792106210224517326424
552	3467112	11542	0.099781733269096645200235684569634
555	3485955	11630	0.099560255519035259497151457708242
558	3504798	11705	0.099338255047283052778794854020816
561	3523641	11781	0.099113548738861551035128627518134
564	3542484	11858	0.098905906443176178077791860232537
567	3561327	11935	0.098691540973859792629241383110639
570	3580170	12009	0.098481403953339874401962106276187
573	3599013	12078	0.098270627377395058932307847499033
576	3617856	12178	0.098056611457608508497507671108906
579	3636699	12246	0.097858153324916943849309802772041
582	3655542	12317	0.097653007327146754135149819830986
585	3674385	12386	0.097453015064390413613182317931205
588	3693228	12460	0.097252214095697397944206841202686
591	3712071	12528	0.097048512517079299488642618598533
594	3730914	12597	0.096858811412735737467194496730372
597	3749757	12683	0.096664271495006170997754679774516
600	3768600	12751	0.096472166254478047831000253609091
603	3787443	12819	0.096278895371607969844163221750932
606	3806286	12887	0.096082922206929141650810777264269
609	3825129	12955	0.095902983096013180719374702221103
612	3843972	13040	0.09571589515697231931312671804335
615	3862815	13126	0.09553216378469142622265053432784
618	3881658	13196	0.095347775255631081470220067330956
621	3900501	13264	0.095160446485370767111255929648905
624	3919344	13339	0.094988031994896540699535592011671
627	3938187	13413	0.094808641605033341925867773625214
630	3957030	13488	0.094633474260938821309707691398216
633	3975873	13563	0.094456902564773542740894640701299
636	3994716	13649	0.094277310093968100246364372196695
639	4013559	13724	0.094112175290668814708894274190243
642	4032402	13812	0.09394054522971209686410531958245
645	4051245	13900	0.093771316156859643720089536600426
648	4070088	13975	0.093602463973564073440591926100751
651	4088931	14061	0.093430816055604534731138244296744
654	4107774	14135	0.093272480480631733690266571557004
657	4126617	14225	0.093108370767739007112240301466954
660	4145460	14302	0.092947179053869857789926811619807
663	4164303	14380	0.092785321126893666177082309332036
666	4183146	14457	0.092620531766972824527783814119175
669	4201989	14532	0.092468694731809020215251848640037
672	4220832	14617	0.092311382834248542628152733868774
675	4239675	14685	0.092156279275291894115262891773455
678	4258518	14759	0.092001771914499139159993035264051
681	4277361	14827	0.091843825233582546130328694289346
684	4296204	14912	0.091699169071465636005058286173153
687	4315047	15012	0.091548937439382513381325168211333
690	4333890	15080	0.091399936318160734938231826163246
693	4352733	15181	0.091249719800597331453850813431927
696	4371576	15265	0.091097291997272900054838373762323
699	4390419	15334	0.090957537848270486602331175163272
702	4409262	15421	0.090811729375386979201678627759975
705	4428105	15498	0.090668647335565510925192711511045
708	4446948	15579	0.090524559527265055502986967894685
711	4465791	15667	0.09037922155099172016878839031051
714	4484634	15742	0.090244957841041029134032669389853
717	4503477	15820	0.090106349692012630003823403512797
720	4522320	15894	0.089969572869795719216590157429891
723	4541163	15970	0.089831558074205439257120531237888
726	4560006	16046	0.089690185521298593229744255950209
729	4578849	16119	0.089561468386307283018332725532673
732	4597692	16197	0.089428766901946912804000078267563
735	4616535	16273	0.089296898475362374014707711467054
738	4635378	16349	0.089164454541800206022195141031261
741	4654221	16418	0.089028430291197627188815033605351
744	4673064	16486	0.088904201077676103803781870738021
747	4691907	16556	0.088776842057275234809665676039003
750	4710750	16625	0.088648695286035320006767790346203
753	4729593	16693	0.088521785509634229316411335730663
756	4748436	16762	0.088390455915279886323077107590507
759	4767279	16836	0.088271524928400096898783999677107
762	4786122	16911	0.08814695778104131296259993177955
765	4804965	16985	0.088025160218910922238499949799007
768	4823808	17060	0.087902317718104999721973058512958
771	4842651	17134	0.087777100776101124601780156808672
774	4861494	17202	0.087661296412403943989488652732689
777	4880337	17271	0.087541930706291515296157967895851
780	4899180	17339	0.087423947856201569828193953526352
783	4918023	17407	0.087305276084601118880001990874007
786	4936866	17475	0.087184183761834455062000870384509
789	4955709	17547	0.087072520263261302120305629159702
792	4974552	17622	0.086956922065127534304806999898574
795	4993395	17697	0.086843431609524818215462005355221
798	5012238	17772	0.086728593744645338103893550396606
801	5031081	17847	0.086611118629772540500333377622155
804	5049924	17915	0.086503079636566920784801482113835
807	5068767	18014	0.086391443968092243577139299759438
810	5087610	18082	0.086280830615672404748650592409831
813	5106453	18157	0.086169793092622778973854735795612
816	5125296	18231	0.08605682599986737291164473617755
819	5144139	18317	0.085952346674329271891679127293173
822	5162982	18385	0.085844032700781724987137977223028
825	5181825	18453	0.085737267264172689618106915077078
828	5200668	18528	0.085630508809643596235261497895408
831	5219511	18602	0.085521141069736059114880788456503
834	5238354	18677	0.085420591523321445781569138944178
837	5257197	18752	0.085317171880395142880004755170376
840	5276040	18826	0.085214152451902946960871076953481
843	5294883	18894	0.085111001636966221450819602978299
846	5313726	18962	0.085005411343148026825922158877802
849	5332569	19031	0.084908047447786252903689785398456
852	5351412	19099	0.084808690118272841984570220574824
855	5370255	19167	0.084709329204066444174436867342592
858	5389098	19235	0.084608968441281615091575929454848
861	5407941	19309	0.084506308297680854391131788361236
864	5426784	19383	0.084412529025660737458380822317849
867	5445627	19458	0.084316171183100585562186779498006
870	5464470	19533	0.084219346908885189817439709258906
873	5483313	19608	0.084122038858416167683706987645564
876	5502156	19676	0.084022204621641838340195818091161
879	5520999	19744	0.083931730740282706193511330639012
882	5539842	19813	0.083837889382969113527543925101781
885	5558685	19882	0.083744165699618094977907389875327
888	5577528	19950	0.083651370763763138738156044382777
891	5596371	20024	0.083555422348498276097217285496299
894	5615214	20098	0.083467394463457939002282159890456
897	5634057	20177	0.083376837141821646959272129606688
900	5652900	20255	0.08328649428894542572354708909188
