0	0	0	0.69314718055895352399886633065762
3	39000	62	0.69314646890747355634232462762157
6	78000	126	0.69314576041672804063153989773127
9	117000	188	0.69314505507207480050624326395337
12	156000	253	0.69314435285911946138526218419429
15	195000	325	0.69314365447928771857277752133086
18	234000	397	0.69314295848485107942593685947941
21	273000	475	0.69314226557954394802862907454255
24	312000	577	0.69314157574955947982431325726793
27	351000	647	0.69314088903577919520415662191226
30	390000	755	0.69314020531380504674956455346546
33	429000	818	0.6931395246251998987219167247531
36	468000	886	0.69313884695599370378005232851137
39	507000	958	0.69313817229243712692010603859671
42	546000	1021	0.69313750062093626436166005078121
45	585000	1093	0.69313683192766128993156371507212
48	624000	1166	0.6931361661989052791454923863057
51	663000	1230	0.69313550342157337347259726811899
54	702000	1294	0.69313484358188492961971860495396
57	741000	1379	0.69313418666639980969534917676356
60	780000	1444	0.69313353266183985734727457383997
63	819000	1529	0.69313288155505725640637137985323
66	858000	1602	0.69313223333274354143185291832197
69	897000	1676	0.69313158798148855055387684842572
72	936000	1741	0.69313094548830178620590913851629
75	975000	1826	0.69313030584021984026321661076508
78	1014000	1911	0.69312966902424322235276576975593
81	1053000	1984	0.69312903502741496364336626356817
84	1092000	2070	0.69312840383682439160395460930886
87	1131000	2144	0.69312777606109554628943669740693
90	1170000	2217	0.69312715044223505156395503945532
93	1209000	2301	0.69312652759113291267567547038198
96	1248000	2386	0.69312590749522484667721755613456
99	1287000	2459	0.69312529099116393371815547652659
102	1326000	2543	0.69312467636497165912601303716656
105	1365000	2629	0.69312406445652829933834482289967
108	1404000	2702	0.69312345525317964334277576199383
111	1443000	2766	0.69312284874269880496910900546936
114	1482000	2830	0.69312224491272100834748925990425
117	1521000	2895	0.69312164375105045355240918070194
120	1560000	2981	0.69312104524533835192556807669462
123	1599000	3053	0.69312044938356320855632475286257
126	1638000	3126	0.6931198561534336333167516386311
129	1677000	3229	0.69311926554300506975181406232878
132	1716000	3315	0.69311867754022293830473699927097
135	1755000	3393	0.69311809213315844768743545500911
138	1794000	3478	0.69311750930995519315302999530104
141	1833000	3567	0.6931169290588495845994998489914
144	1872000	3640	0.6931163513679333698647155870276
147	1911000	3725	0.69311577622559539246793747224729
150	1950000	3827	0.69311520362017875473981121103861
153	1989000	3891	0.69311463354001023873252051998861
156	2028000	3976	0.69311406597346147950844397200854
159	2067000	4049	0.69311350090923840028267477464397
162	2106000	4123	0.69311293833572118483488111451152
165	2145000	4196	0.69311237824136939789099187692045
168	2184000	4269	0.69311182061504528206796749145724
171	2223000	4343	0.69311126949519785700459806321305
174	2262000	4416	0.6931107167515569988935908440908
177	2301000	4486	0.69311016644231526750985494800261
180	2340000	4572	0.69310961855626362915216986948508
183	2379000	4658	0.69310907308225533363099657435669
186	2418000	4723	0.69310853000906846865802890533814
189	2457000	4796	0.69310798932598605137656022634474
192	2496000	4870	0.69310745102184923016608308898867
195	2535000	4943	0.69310691508567823237996208263212
198	2574000	5017	0.69310640298754888632970505568665
201	2613000	5091	0.69310588225163960451880029722815
204	2652000	5179	0.6931053532034306963183212246804
207	2691000	5255	0.6931048264808804537651099053619
210	2730000	5329	0.69310430207344342345976428987342
213	2769000	5413	0.69310377997041505704345354388352
216	2808000	5486	0.69310326016132783877310430398211
219	2847000	5559	0.69310274263588134147084929281846
222	2886000	5632	0.69310222738325422131566710959305
225	2925000	5735	0.69310171439330925391431037496659
228	2964000	5820	0.69310120365521266094788188638631
231	3003000	5895	0.69310069515925976091352822550107
234	3042000	5980	0.69310018889481472825764285516925
237	3081000	6056	0.69309968529371779322190150196548
240	3120000	6130	0.69309918346011778478299447669997
243	3159000	6208	0.69309868382774786343958339784876
246	3198000	6294	0.69309818638636444543266179607599
249	3237000	6367	0.69309769112593178075343303135014
252	3276000	6452	0.69309719803633407231302498985315
255	3315000	6537	0.69309670710773751967082034752821
258	3354000	6610	0.69309621833026191506377244877513
261	3393000	6695	0.69309573169395866099051772835082
264	3432000	6769	0.69309524718934290010707854889915
267	3471000	6850	0.69309476480628506855907744466094
270	3510000	6916	0.69309428453531796154862831826904
273	3549000	7001	0.69309380636651007900894683189108
276	3588000	7066	0.69309333029047237584308049918036
279	3627000	7140	0.69309285629741723688823640259216
282	3666000	7212	0.69309238437791464981785338750342
285	3705000	7316	0.69309191452250662468514974534628
288	3744000	7407	0.69309144672164790801360823024879
291	3783000	7481	0.6930909809658932774212303229433
294	3822000	7582	0.69309051724603165656191094967653
297	3861000	7645	0.69309005555265490450267407140927
300	3900000	7730	0.69308959587652585465633592320955
303	3939000	7816	0.69308913820829776142318223719485
306	3978000	7902	0.69308868253902122802401208900847
309	4017000	7976	0.69308822885942811264925467185094
312	4056000	8078	0.69308777716034619675866679244791
315	4095000	8164	0.69308732743264400699700900077005
318	4134000	8255	0.69308687966746163056086516007781
321	4173000	8346	0.69308643385583279528106004363508
324	4212000	8420	0.69308598998872750218680494072032
327	4251000	8493	0.69308554805724575942349474644288
330	4290000	8558	0.69308510805242007357662714639446
333	4329000	8649	0.69308466996564255246937591437018
336	4368000	8726	0.6930842337880931403049089567503
339	4407000	8799	0.69308379951111154237963773994124
342	4446000	8900	0.69308336712575502325250909052556
345	4485000	9003	0.69308293662380426880531558708753
348	4524000	9083	0.69308250799615778170448265882442
351	4563000	9175	0.69308208124752157530679141927976
354	4602000	9248	0.69308165636393248565383373716031
357	4641000	9324	0.69308123333138893507054945075652
360	4680000	9398	0.69308081214180927709378465806367
363	4719000	9467	0.69308039278611177635980311606545
366	4758000	9553	0.69307997525604225774742417343077
369	4797000	9629	0.69307955954397870712568874296267
372	4836000	9703	0.69307914564088501929717267557862
375	4875000	9788	0.69307873353844162700454489822732
378	4914000	9860	0.69307832322844642458647967941943
381	4953000	9937	0.69307791470289614732536165320198
384	4992000	10041	0.69307750795325218096110120313824
387	5031000	10150	0.69307710297171765123636077987612
390	5070000	10236	0.69307669974991925609941745278775
393	5109000	10323	0.69307629828006223071668046031846
396	5148000	10397	0.69307589855414342139283689903095
399	5187000	10471	0.69307550056403788296677248581545
402	5226000	10555	0.69307510430184326999381028144853
405	5265000	10629	0.69307470975978680005624710247503
408	5304000	10713	0.69307431692976440018583161872812
411	5343000	10785	0.69307392580407090054706031878595
414	5382000	10860	0.69307353637512836286305173416622
417	5421000	10934	0.69307314863493785228598653702647
420	5460000	11013	0.69307276257588379397844846607768
423	5499000	11098	0.69307237819023381764083069356275
426	5538000	11171	0.69307199547029429975708580968785
429	5577000	11256	0.6930716144086404018054281550576
432	5616000	11333	0.69307123499754830220354051562026
435	5655000	11406	0.69307085722957695317347770469496
438	5694000	11492	0.69307048109728863760636841107043
441	5733000	11569	0.69307010659304391086976693259203
444	5772000	11633	0.69306973370957036806316864385735
447	5811000	11717	0.69306936308226996246162343595643
450	5850000	11801	0.69306899341575045614405325977714
453	5889000	11890	0.69306862534804125619558590187808
456	5928000	11964	0.69306825887151646270467608701438
459	5967000	12037	0.69306789397900703253441179185756
462	6006000	12103	0.69306753066345072600284993313835
465	6045000	12189	0.69306716891749409192868824902689
468	6084000	12263	0.69306680873420334343393278686563
471	6123000	12328	0.69306645010623035840779948557611
474	6162000	12414	0.69306609302667154803856419675867
477	6201000	12499	0.69306573748834920944972282086383
480	6240000	12573	0.69306538348436785845763097313466
483	6279000	12647	0.69306503100761740476798422605498
486	6318000	12712	0.69306468005123356146413016176666
489	6357000	12777	0.69306433060826777570184731303016
492	6396000	12881	0.69306398267162017123865780376946
495	6435000	12984	0.6930636362347400991623658228491
498	6474000	13070	0.69306329129058641402849616497406
501	6513000	13143	0.69306294783257249569885516393697
504	6552000	13216	0.69306260585383339112297562678577
507	6591000	13293	0.69306226534761150581687161320588
510	6630000	13396	0.69306192630724561265509464647039
513	6669000	13460	0.69306158872590617470166307612089
516	6708000	13546	0.6930612525972984494515571896045
519	6747000	13620	0.69306091791463719786747788020875
522	6786000	13693	0.69306058530487413271714558504755
525	6825000	13766	0.69306025349219868569861091600615
528	6864000	13851	0.69305992310585240456788369556307
531	6903000	13924	0.69305959413948781122627451622975
534	6942000	13997	0.69305926658651262339816412350046
537	6981000	14071	0.69305894081739904954986286611529
540	7020000	14166	0.69305861607062413387581045753905
543	7059000	14240	0.69305829271823071735525445546955
546	7098000	14325	0.69305797858628015450932480234769
549	7137000	14399	0.6930576579664353698007062121178
552	7176000	14472	0.69305733872220975921862873292412
555	7215000	14549	0.69305702084730980150339973988594
558	7254000	14622	0.69305670433537946983904021180933
561	7293000	14695	0.69305638918032108630740140142734
564	7332000	14780	0.69305607537596403133761668868829
567	7371000	14853	0.6930557629163932586990881645761
570	7410000	14927	0.69305545179541439004822223068913
573	7449000	15000	0.69305514200683993042417796459631
576	7488000	15077	0.69305483354474828328051216885797
579	7527000	15156	0.69305452640305165168399526010035
582	7566000	15230	0.69305422057579713079888961146935
585	7605000	15333	0.69305391605698496437781841450487
588	7644000	15397	0.69305361284072686256507722646347
591	7683000	15484	0.6930533109212908549068288266426
594	7722000	15558	0.69305301029257948552952939280658
597	7761000	15660	0.69305271094882736626630048704101
600	7800000	15745	0.69305241288414520806071550396155
603	7839000	15818	0.69305211609293193575354052882176
606	7878000	15892	0.69305182056922454147951384584303
609	7917000	15963	0.69305152630744792929817776894197
612	7956000	16038	0.6930512333018817860974536415597
615	7995000	16123	0.69305094154670443540311453034519
618	8034000	16198	0.69305065103651120050898271074402
621	8073000	16272	0.69305036176554668525540137125063
624	8112000	16357	0.69305007372806259891007130136131
627	8151000	16431	0.69304978691861451878253319591749
630	8190000	16508	0.69304950133168230497204831408453
633	8229000	16593	0.69304921696186361224079064413672
636	8268000	16658	0.69304893380338161712472810904728
639	8307000	16744	0.69304865228511158825597249233397
642	8346000	16818	0.69304837168594668472820785609656
645	8385000	16922	0.69304809212727458422875770338578
648	8424000	16986	0.69304781375844115576256854183157
651	8463000	17073	0.69304753657395812282970837259199
654	8502000	17148	0.69304726056853804827539988764329
657	8541000	17220	0.69304698573687262275200282601872
660	8580000	17293	0.6930467120737037189925899838272
663	8619000	17366	0.69304643957370204443435568464338
666	8658000	17476	0.69304616823167930483862164692255
669	8697000	17561	0.6930458980423633841283503898012
672	8736000	17646	0.69304562900064337060968000514549
675	8775000	17709	0.69304536110141856664057513626176
678	8814000	17787	0.69304509433940864049361607612809
681	8853000	17865	0.69304482870941697125743985452573
684	8892000	17950	0.69304456420660764948138421459589
687	8931000	18035	0.69304430082568491133798715964076
690	8970000	18120	0.69304403856184904064718921290478
693	9009000	18210	0.69304377751912582539262075442821
696	9048000	18316	0.6930435174736888637170295623946
699	9087000	18418	0.69304325853003956314779543390614
702	9126000	18483	0.69304300068337898466097612981685
705	9165000	18569	0.69304274392882181388131357380189
708	9204000	18642	0.69304249628528680204908596351743
711	9243000	18743	0.69304224166284300601148515852401
714	9282000	18830	0.6930419881180100993844916956732
717	9321000	18915	0.69304173564582116640053754963446
720	9360000	18989	0.69304148424159850438996954835602
723	9399000	19073	0.69304123390059435561028067240841
726	9438000	19146	0.69304098461791818763799710723106
729	9477000	19220	0.693040736495065146094418651046
732	9516000	19305	0.69304048990550848330371991323773
735	9555000	19378	0.69304024376716411026677633344661
738	9594000	19463	0.69303999866834975485119230143027
741	9633000	19536	0.6930397546044305689960651761794
744	9672000	19621	0.69303951157074006328429049972328
747	9711000	19696	0.69303926993367126474510087064118
750	9750000	19781	0.69303902894544344714944372753962
753	9789000	19856	0.69303878897354698196409117372241
756	9828000	19929	0.69303855001364866872393122321228
759	9867000	20015	0.69303831206102206596852965958533
762	9906000	20088	0.69303807511130044449743081713677
765	9945000	20173	0.69303783916011285626268545456696
768	9984000	20246	0.69303760420278148757233793730848
771	10023000	20310	0.69303737023496347902096204052214
774	10062000	20395	0.69303713725223659025687084067613
777	10101000	20473	0.6930369052502050042363634929643
780	10140000	20549	0.69303667422437442713345490119536
783	10179000	20622	0.69303644417040943803698382907896
786	10218000	20708	0.69303621508418666863349244522396
789	10257000	20782	0.6930359869611767420494174984924
792	10296000	20867	0.69303575979702292109152494958835
795	10335000	20941	0.69303553370310722048230900327326
798	10374000	21013	0.69303530844378158359830877088825
801	10413000	21088	0.69303508413066394755475130295963
804	10452000	21162	0.69303486075941989064119752583792
807	10491000	21225	0.69303463832590739279737590550212
810	10530000	21310	0.69303441682609212559640354811563
813	10569000	21383	0.69303419625562856509759512846358
816	10608000	21456	0.69303397661043819599768767147907
819	10647000	21530	0.69303375788635235288381863938412
822	10686000	21614	0.69303354007931972091682837344706
825	10725000	21687	0.69303332318527810507191588840215
828	10764000	21761	0.69303310720014066337313352050842
831	10803000	21846	0.69303289211993579499448969727382
834	10842000	21919	0.69303267794055301020961223912309
837	10881000	22004	0.69303246465791590313898495878675
840	10920000	22078	0.69303225226806930425738073608954
843	10959000	22167	0.69303204076702973335244450936443
846	10998000	22232	0.69303183015095459751364614930935
849	11037000	22317	0.69303162041584298602714397929958
852	11076000	22394	0.69303141155776915027786344580818
855	11115000	22468	0.69303120357288017228114540557726
858	11154000	22557	0.69303099645730470435012193775037
861	11193000	22631	0.69303079020714142277626024224446
864	11232000	22704	0.69303058481860424500098361022538
867	11271000	22769	0.69303038028778674028984596588998
870	11310000	22871	0.69303017661095323020958858251106
873	11349000	22962	0.69302997443972980118331861376646
876	11388000	23048	0.69302977245721353316554314005771
879	11427000	23120	0.69302957131733489148928128997795
882	11466000	23221	0.69302937101639039418898846633965
885	11505000	23324	0.69302917155073051613811685456312
888	11544000	23425	0.69302897291653353661899927828927
891	11583000	23510	0.69302877511007343613869124965277
894	11622000	23583	0.69302857812779994350904644306866
897	11661000	23657	0.69302838196605132115024616723531
900	11700000	23730	0.69302818662108822689305043240893
