0	0	0	0.69314718055895352399886633065762
3	9564	737	0.69314697811624825796172899572412
6	19128	1378	0.6931468521016374007004401391896
9	28692	2130	0.69314624637339272705816028974368
12	38256	2996	0.69314602675049119540062747546472
15	47820	3741	0.6931436279905223152297821798129
18	57384	4388	0.69314344068411903876381074951496
21	66948	5115	0.69314332739357253920786661183229
24	76512	5775	0.69314273613163746023957401121152
27	86076	6538	0.69314252331526537975747714881436
30	95640	7365	0.69314017011124151590450992443948
33	105204	8093	0.69313998860378234212475945241749
36	114768	8738	0.69313988073057453132008731699898
39	124332	9465	0.69313930323385997134266744978959
42	133896	10122	0.69313909681992391664806518747355
45	143460	10845	0.69313678838799763770595063760993
48	153024	11699	0.69313661274946514190276047884254
51	162588	12441	0.69313651003640208703160396908061
54	172152	13078	0.69313594576724457674288260022877
57	181716	13812	0.6931357456362499114277397893602
60	191280	14463	0.6931334810353775299773815277149
63	200844	15182	0.693133311101558957645352165855
66	210408	16030	0.69313321354521928441272393683903
69	219972	16763	0.69313266230601855433235414238879
72	229536	17422	0.69313246846853804328247861121781
75	239100	18150	0.69313024680170909341825336014153
78	248664	19054	0.69313008236627093872073146485491
81	258228	19794	0.69312998938473646681757145415759
84	267792	20431	0.69312945087454747028488100113464
87	277356	21162	0.69312926282928499777113984237076
90	286920	21806	0.69312708342748052814386028330773
93	296484	22538	0.69312692440065959420536501056631
96	306048	23181	0.69312683639496142085079100070288
99	315612	23929	0.69312631031784677215767942470848
102	325176	24779	0.69312612808316087509297176438849
105	334740	25500	0.69312398972205502278853828102001
108	344304	26148	0.69312383596087434600718779620365
111	353868	26875	0.6931237525899482943003704349394
114	363432	27518	0.69312323867530456489305379363941
117	372996	28258	0.69312306210709451192997221369296
120	382560	29102	0.69312096393765609825265983090503
123	392124	29841	0.69312081422905347238838658086024
126	401688	30493	0.69312073542094099209975865960587
129	411252	31224	0.69312023339461059645572049703333
132	420816	31865	0.69312006235047030067164541833336
135	430380	32556	0.69311800343755147757462964364095
138	439944	33303	0.69311785979876472385541319454205
141	449508	33959	0.6931177852898853242180621236912
144	459072	34689	0.69311729484600570483365800100728
147	468636	35331	0.69311712937593950023540401161881
150	478200	36070	0.69311510932502251591813546838239
153	487764	37035	0.69311497054506054915634649660205
156	497328	37757	0.69311490027231748012326306707109
159	506892	38392	0.69311442114091237343131979287136
162	516456	39117	0.69311426077605431395056712062797
165	526020	40118	0.69311227818285781054896688146982
168	535584	40964	0.69311214413322730365507595706731
171	545148	41722	0.69311207802686480849985173335881
174	554712	42444	0.69311160994669585022620594827458
177	564276	43080	0.69311145440034271913987140578683
180	573840	43808	0.69310950880347399483127901476109
183	583404	44468	0.6931093793572288275228743259504
186	592968	45213	0.6931093171929149088228427899594
189	602532	45852	0.69310885990886150764822559722234
192	612096	46596	0.69310870954287595591125636929064
195	621660	47439	0.69310680013060865789498166122939
198	631224	48181	0.6931066751642492862472977321886
201	640788	48822	0.69310661687735319880232509603957
204	650352	49551	0.69310617013796493868227344137267
207	659916	50195	0.69310602460846104655445287789917
210	669480	50925	0.69310415077843579023664233318414
213	679044	51787	0.69310403017096433586630155332386
216	688608	52517	0.69310397570745418960314054857008
219	698172	53156	0.69310353926740042584953016557847
222	707736	53904	0.69310339871826920354891399256303
225	717300	54543	0.69310155941832840564842399544432
228	726864	55341	0.69310144312120036680369139503455
231	736428	56191	0.69310139224927480583460237539839
234	745992	56937	0.693100965869019036702525227156
237	755556	57581	0.69310082973705022801880204497138
240	765120	58303	0.69309902440889648023158997602877
243	774684	58946	0.69309891216829366822338442943874
246	784248	59753	0.69309886484043647936204024517792
249	793812	60605	0.69309845764095578957153520605061
252	803376	61347	0.69309832585988295772239098369027
255	812940	61995	0.69309655377511569795956347661559
258	822504	62780	0.69309644554011073935839704063255
261	832068	63425	0.69309640164183650146156878690817
264	841632	64361	0.69309599464945736979615276140976
267	851196	65207	0.69309586732602856962159876275109
270	860760	65935	0.69309412768469047527730708679883
273	870324	66582	0.69309402348339321786596656238544
276	879888	67318	0.69309398293494328679997806830215
279	889452	67966	0.69309358531961307026136864806176
282	899016	68611	0.69309346234599678027166191895958
285	908580	69349	0.69309175460635008558796243960387
288	918144	70368	0.69309165412118456384149567384156
291	927708	71214	0.69309161685295572752352200041059
294	937272	71944	0.69309122839685843864288017357467
297	946836	72620	0.693091109320638887325571886322
300	956400	73253	0.69308943281354928878101873124251
303	965964	74005	0.69308933597780708613100841830601
306	975528	74651	0.69308930179837668905662440010929
309	985092	75385	0.69308892228987195593958858808037
312	994656	76025	0.69308880722885757297291320355725
315	1004220	76751	0.69308716145268001174173377876286
318	1013784	77660	0.69308706821086285554400774344685
321	1023348	78391	0.69308703708653907060721621746779
324	1032912	79030	0.69308666639761506989003692069673
327	1042476	79759	0.69308655539619756780211901059374
330	1052040	80407	0.69308493957915284777726583342883
333	1061604	81145	0.69308484985679164047667200065916
336	1071168	81809	0.69308482168079099672297616052674
339	1080732	82570	0.69308445946251573399621292992379
342	1090296	83251	0.69308435211075802850899663098971
345	1099860	83917	0.69308276552692227312491013435647
348	1109424	84645	0.69308267920709076825858119264012
351	1118988	85657	0.69308265387559264691930138724274
354	1128552	86501	0.69308230000402715198504211002728
357	1138116	87189	0.69308219635389523016755219941842
360	1147680	87903	0.6930806384903734906899330781016
363	1157244	88544	0.69308055546800773072391166351736
366	1166808	89275	0.6930805329104960943453761501587
369	1176372	89919	0.69308018752525979433443126254133
372	1185936	90664	0.69308008747706284502498874644516
375	1195500	91287	0.69307855776134863479143177755759
378	1205064	92016	0.69307847792123555841214965766994
381	1214628	92660	0.69307845805168100117299445628305
384	1224192	93396	0.69307812029174975521073065465316
387	1233756	94253	0.69307802375017479867835845652735
390	1243320	94984	0.69307652198418467914819984798669
393	1252884	95613	0.69307644524278511077852726884885
396	1262448	96350	0.69307642797914736920716904933215
399	1272012	96987	0.69307609799548430817850430685212
402	1281576	97713	0.69307600486560705377314661745913
405	1291140	98346	0.69307452972219929510089286850416
408	1300704	99047	0.69307445603816086876491908697062
411	1310268	99774	0.69307444131994000446894688138855
414	1319832	100787	0.69307411893334702757130116879125
417	1329396	101623	0.69307402912486715251816349336877
420	1338960	102353	0.69307258047117203947351526949205
423	1348524	102992	0.69307250973726430842702939116862
426	1358088	103851	0.69307249744879206865277865290409
429	1367652	104705	0.69307218248324864440235160145676
432	1377216	105443	0.69307209603791697372088265183265
435	1386780	106086	0.69307067340374917119305564483511
438	1396344	106821	0.69307060553694355142795302526793
441	1405908	107468	0.69307059562070527647392736980692
444	1415472	108148	0.69307028790349678448734493940719
447	1425036	108894	0.69307020413321118734728543131496
450	1434600	109931	0.69306880685923211160570645006374
453	1444164	110819	0.69306874187672717901875785173615
456	1453728	111552	0.69306873428511728274514780423488
459	1463292	112197	0.69306843372494297828012577156187
462	1472856	112873	0.6930683532617664122099654377962
465	1482420	113609	0.69306698094559970879657839759602
468	1491984	114258	0.69306691857835500680806717355154
471	1501548	114989	0.69306691324043978585933700742316
474	1511112	115627	0.69306661954781945134129728103289
477	1520676	116370	0.69306654215175755862077267011045
480	1530240	117014	0.69306519395628218838112388766604
483	1539804	117744	0.69306513401994218614987630644464
486	1549368	118378	0.69306513079444798108852410223335
489	1558932	119105	0.69306484383414934669076501450036
492	1568496	119764	0.69306476933542671137189472574391
495	1578060	120438	0.69306344499775796030860419705277
498	1587624	121191	0.69306338783222487531787692205398
501	1597188	122218	0.69306338666507760759571965536452
504	1606752	123080	0.693063106305655929340048260201
507	1616316	123811	0.69306303462568286111178395003662
510	1625880	124481	0.69306173374659851837975566013483
513	1635444	125119	0.69306167910081428740198816740303
516	1645008	125844	0.69306167975838051109604975863476
519	1654572	126493	0.69306140589864173584544460027246
522	1664136	127214	0.69306133703999905915082990759402
525	1673700	127851	0.6930600589695146140911674592644
528	1683264	128596	0.69306000679683410492515349687892
531	1692828	129246	0.69306000959049407494916295036091
534	1702392	129983	0.69305974197865605201940297774854
537	1711956	130623	0.69305967570710780289999775050092
540	1721520	131343	0.69305842025024222419204988909769
543	1731084	132027	0.69305837035486839159403871235554
546	1740648	132668	0.69305837510930479172799323350773
549	1750212	133405	0.69305811365037317539616879003006
552	1759776	134045	0.69305804997241249321149325623992
555	1769340	134798	0.69305681663247209467471066091093
558	1778904	135814	0.6930567690230751143332099672989
561	1788468	136589	0.69305677552203426294852306455141
564	1798032	137231	0.6930565200738425524207286798628
567	1807596	137957	0.69305645892548306541414149251068
570	1817160	139005	0.69305524724446598838767386041582
573	1826724	139864	0.69305520185841107405622096848674
576	1836288	140589	0.69305521015165594267415372087271
579	1845852	141271	0.69305496057841431412072097373311
582	1855416	141923	0.69305490189661222988348754370236
585	1864980	142654	0.69305371086266320812541152918129
588	1874544	143301	0.69305366780208754740044696518453
591	1884108	144046	0.693053677786202304567098053667
594	1893672	145062	0.69305343394615259722257860630634
597	1903236	145836	0.69305337756356455436446140083717
600	1912800	146510	0.69305220721030469377410554443486
603	1922364	147249	0.69305216607364727998685793863842
606	1931928	147898	0.69305217768290816593435010872781
609	1941492	148633	0.69305193954114907572972015259438
612	1951056	149282	0.69305188554676333545501165644964
615	1960620	150065	0.69305073543875195252184084893088
618	1970184	150706	0.69305069641674710290146776969777
621	1979748	151509	0.69305070961689929642801644149586
624	1989312	152364	0.69305047686395326866914956553956
627	1998876	153093	0.69305042512734482684777503891382
630	2008440	153749	0.69304929486608979338768676825566
633	2018004	154504	0.69304925773208925221524623339064
636	2027568	155165	0.69304927251731895943009931215784
639	2037132	155819	0.69304904510643750015219666238409
642	2046696	156550	0.69304899562567223725295662006829
645	2056260	157184	0.69304788484288093464158464485081
648	2065824	157910	0.69304784968491772723098165442934
651	2075388	158960	0.69304786591075717705479064534302
654	2084952	159792	0.69304764373506155816784257694962
657	2094516	160447	0.6930475963801527861107842909405
660	2104080	161183	0.69304650462398897925453411517083
663	2113644	162205	0.69304647126457952222011726917117
666	2123208	163045	0.6930464889210183887513494482846
669	2132772	163766	0.69304627184078493318253322286182
672	2142336	164427	0.69304622651136849054154254190507
675	2151900	165064	0.69304515343182160336255037691444
678	2161464	165793	0.69304512190545186633983121282654
681	2171028	166443	0.69304514094658753453614963291329
684	2180592	167179	0.69304492892103641832335370054352
687	2190156	167823	0.6930448856805641044687149587844
690	2199720	168546	0.69304383100237354486949925558292
693	2209284	169202	0.69304380120161168665759987561614
696	2218848	169954	0.69304382160877286978006850404199
699	2228412	170611	0.69304361438869166445186920100241
702	2237976	171470	0.69304357302300989562837685298291
705	2247540	172321	0.69304253622437594906102731329156
708	2257104	173053	0.69304250812553824800943402806297
711	2266668	173695	0.69304252952495093431650730053661
714	2276232	174445	0.69304232709718427418721375943278
717	2285796	175296	0.69304228768738773691637788942899
720	2295360	176033	0.69304126845385694011270061309915
723	2304924	176675	0.69304124203507211365860030127806
726	2314488	177444	0.69304126494593165652702282386599
729	2324052	178087	0.6930410671391917798445092557813
732	2333616	178838	0.69304102955458946055955493648071
735	2343180	179484	0.69304002753530391522929221537197
738	2352744	180149	0.69304000269200305428540787033853
741	2362308	180880	0.69304002680270870850876008262276
744	2371872	181532	0.693039833576435171380580868572
747	2381436	182273	0.69303979780068813987270459620049
750	2391000	182942	0.69303881276009693390705024285126
753	2400564	183668	0.69303878947259456300145075147157
756	2410128	184313	0.69303881473970851967436601626105
759	2419692	185050	0.69303862605810073738155097089475
762	2429256	185902	0.69303859202909512404744418745395
765	2438820	186634	0.69303762349791853125680063385516
768	2448384	187488	0.69303760185227725187928626837675
771	2457948	188219	0.69303762823351999777798937429907
774	2467512	188886	0.6930374437489712491355930978898
777	2477076	189577	0.69303741159340914723685500575812
780	2486640	190310	0.69303646044161759665058752943878
783	2496204	190955	0.69303643894385846824235386520741
786	2505768	191693	0.69303646639873606183357424015412
789	2515332	192732	0.6930362861527653572935037118441
792	2524896	193533	0.69303625548183078741715235082665
795	2534460	194180	0.69303531905400217461021838971647
798	2544024	194914	0.69303530008863456490786347785615
801	2553588	195928	0.6930353286296527803855838101299
804	2563152	196773	0.69303515332241094615284282554057
807	2572716	197506	0.69303512434774272588100529901567
810	2582280	198166	0.69303420350618405443299252510769
813	2591844	198820	0.69303418602174726714792996062897
816	2601408	199557	0.69303421550610766477262814078131
819	2610972	200220	0.69303404344587382635012318132794
822	2620536	200953	0.69303401585955859420806746129529
825	2630100	201598	0.69303311030945813353554285640712
828	2639664	202343	0.69303309413270730576783762444393
831	2649228	203305	0.69303312457533572388257425700431
834	2658792	204037	0.6930329564866010150225861252693
837	2668356	204682	0.69303293050611458614440607561846
840	2677920	205413	0.69303204000001839002464976147166
843	2687484	206066	0.69303202512002637369903368380619
846	2697048	206815	0.69303205650654764458096224188921
849	2706612	207466	0.69303189232023165722296198509866
852	2716176	208198	0.69303186781504466651426810130943
855	2725740	208878	0.69303099196212925026117090965272
858	2735304	209516	0.69303097838178473466541618108749
861	2744868	210241	0.69303101065459216112429885470192
864	2754432	210888	0.69303085018862664590244548890041
867	2763996	211624	0.69303082720964737095670216149301
870	2773560	212649	0.69302996814303285955105593529879
873	2783124	213410	0.69302995578145842880957161469269
876	2792688	214064	0.69302998888290234802411760028917
879	2802252	214798	0.69302983209664126285076690692222
882	2811816	215817	0.69302981043398581562087201746181
885	2821380	216677	0.6930289632847264069681614273577
888	2830944	217415	0.69302895219746385446768499605241
891	2840508	218111	0.69302898616103270068578012796934
894	2850072	218750	0.69302883302118600816754678817233
897	2859636	219485	0.69302881273862693145559887852869
900	2869200	220219	0.69302797938206428529639424596098
