0	0	0	0.69314718055895352399886633065762
3	39180	168	0.69314646890747355634232462762157
6	78360	312	0.69314576041672804063153989773127
9	117540	468	0.69314505507207480050624326395337
12	156720	613	0.69314435285911946138526218419429
15	195900	781	0.69314365433536284655247072805651
18	235080	961	0.69314295834152883646339660117519
21	274260	1106	0.69314226543680090841803576040547
24	313440	1280	0.69314157560735878416124933210085
27	352620	1425	0.69314088883896518566984923381824
30	391800	1552	0.69314020544211185637095695710741
33	430980	1720	0.69313952475311202405805488524493
36	470160	1888	0.69313884708356476860302564091398
39	509340	2033	0.69313817241966679816300711536314
42	548520	2178	0.69313750074762192632249480084283
45	587700	2323	0.69313683205412102150688724577776
48	626880	2468	0.69313616632501384717812697999761
51	666060	2598	0.69313550395724776720385307271499
54	705240	2725	0.69313484411554615594042161319521
57	744420	2893	0.69313418719815500512737571625621
60	783600	3062	0.69313353336357397260769630520372
63	822780	3207	0.69313288225426683553109796775971
66	861960	3369	0.69313223416690350475732884660829
69	901140	3538	0.69313158881267222799493765705847
72	940320	3683	0.69313094631671701151276465679985
75	979500	3852	0.6931303066656910871756736014504
78	1018680	4020	0.69312966984655821622851590291248
81	1057860	4192	0.69312903584658336342272377805784
84	1097040	4337	0.69312840465301273074061327861273
87	1136220	4482	0.6931277762528066377356594784942
90	1175400	4621	0.69312715063330287978971000484307
93	1214580	4751	0.69312652778144168141949421624304
96	1253760	4900	0.69312590768499604543251280119875
99	1292940	5044	0.69312529033121295096719904904603
102	1332120	5253	0.69312467570751701284592627416714
105	1371300	5380	0.69312406380138646966315718600526
108	1410480	5550	0.69312345460046054235192514170194
111	1449660	5693	0.69312284809237578731000439802301
114	1488840	5861	0.69312224426471191751630840371945
117	1528020	6006	0.6931216431050259974000482543488
120	1567200	6214	0.69312104460165613328825884309481
123	1606380	6382	0.69312045030810220946904109950992
126	1645560	6526	0.69311985707274670343025491092703
129	1684740	6670	0.69311926645701416038747311176849
132	1723920	6815	0.69311867844907526503561712161172
135	1763100	6959	0.69311809303682436755877915857127
138	1802280	7164	0.69311751020862277794520878160256
141	1841460	7366	0.69311692995260054672712612955365
144	1880640	7539	0.6931163522566580192929563963844
147	1919820	7667	0.69311577710930016849033563630655
150	1959000	7812	0.69311520449885044570237369043753
153	1998180	7981	0.69311463441364207227479710127227
156	2037360	8126	0.69311406684226317675978634724743
159	2076540	8271	0.69311350177314878795442609771271
162	2115720	8438	0.69311293962947539970542720766389
165	2154900	8583	0.69311237952887438940052788893809
168	2194080	8729	0.69311182189628173233586494461633
171	2233260	8874	0.69311126734503547552890267979819
174	2272440	9020	0.69311071461227446999231460722513
177	2311620	9165	0.69311016431387761915772216525511
180	2350800	9294	0.69310961643866264569879831469734
183	2389980	9464	0.6931090709753613410271100292448
186	2429160	9617	0.69310852791287502761008454399416
189	2468340	9762	0.69310798724022248951115443560411
192	2507520	9930	0.69310744894667697391099636661238
195	2546700	10074	0.69310691304341964791291275105323
198	2585880	10277	0.69310637947513809020705366492621
201	2625060	10446	0.69310584825322185675844366414822
204	2664240	10595	0.69310531936704311561925351270474
207	2703420	10724	0.69310479280572911964242166504846
210	2742600	10852	0.69310426855865614470530999824405
213	2781780	11053	0.6931037466153915360678183787968
216	2820960	11181	0.6931032269653623067995340534253
219	2860140	11308	0.69310270959790964973024074424757
222	2899320	11476	0.69310219450271137731078852084465
225	2938500	11654	0.69310168166931640509886847212329
228	2977680	11822	0.69310117108719737633037993873586
231	3016860	11977	0.69310066274616299875077629621956
234	3056040	12128	0.69310015663603907754009014752228
237	3095220	12273	0.69309965274659335321416619990487
240	3134400	12475	0.69309915106760222602844123684918
243	3173580	12676	0.69309865158879624402743502287194
246	3212760	12805	0.69309815430031984639924758084817
249	3251940	12975	0.69309765919200627681817650227458
252	3291120	13146	0.69309716625386275090647814067779
255	3330300	13316	0.69309667547602515913496290522744
258	3369480	13487	0.69309618684848572911505470983684
261	3408660	13633	0.69309570036150536243013675630209
264	3447840	13778	0.69309521600535040075641290968633
267	3487020	13924	0.69309473377022567941452280138037
270	3526200	14073	0.69309425364631205290777415939374
273	3565380	14201	0.69309377562395313443488475968479
276	3604560	14380	0.69309329969351818334644121932797
279	3643740	14507	0.69309282584548637107246804589522
282	3682920	14635	0.69309235407024472053194585896563
285	3722100	14815	0.69309188435823043672456833519391
288	3761280	14959	0.69309141670019203118613404512871
291	3800460	15105	0.69309095108654883432564020040445
294	3839640	15273	0.69309048750814006289999724685913
297	3878820	15401	0.69309002605914793448960153909866
300	3918000	15550	0.69308956652274256171608612930868
303	3957180	15698	0.69308910899371500846655180794187
306	3996360	15845	0.69308865346284254105313493710128
309	4035540	15999	0.69308819992093972928159928414971
312	4074720	16203	0.69308774835883379950018934323452
315	4113900	16360	0.69308729937407809185145879382617
318	4153080	16510	0.69308685174256390304492470022524
321	4192260	16661	0.69308640664179854695703397737816
324	4231440	16871	0.69308596302265312871782043657731
327	4270620	17075	0.69308552308161286426013703021454
330	4309800	17203	0.69308508319674355657724618140492
333	4348980	17333	0.69308464522930823825674906402128
336	4388160	17503	0.69308420917041702047356466209749
339	4427340	17648	0.69308377501153639599351663491689
342	4466520	17794	0.69308334274388627704865939449519
345	4505700	17943	0.69308291235870878033153985597892
348	4544880	18072	0.69308248384742532355318189729587
351	4584060	18241	0.6930820572016082037336559551477
354	4623240	18409	0.69308163254111798678991362976376
357	4662420	18556	0.69308120961831098938432660361286
360	4701600	18702	0.6930807885394453249361390589911
363	4740780	18847	0.69308036929558936023454407404643
366	4779960	19051	0.69307995187607707165966530737933
369	4819140	19182	0.69307953627386031936197241520858
372	4858320	19327	0.69307912248022318646434314359794
375	4897500	19466	0.69307871048673874714296516685863
378	4936680	19612	0.69307830028509709308082165080123
381	4975860	19759	0.69307789186731294517329615700874
384	5015040	19904	0.69307748522504664112631189709646
387	5054220	20048	0.69307708035027693060925457757548
390	5093400	20194	0.69307667723482135890833433222724
393	5132580	20347	0.69307627587063935781230838983902
396	5171760	20547	0.69307587624993738373291307652835
399	5210940	20758	0.69307547836448912814688583239331
402	5250120	20887	0.69307508220651059538397475989768
405	5289300	21016	0.69307468776807146237928236587322
408	5328480	21162	0.69307429529228636866378110426012
411	5367660	21363	0.69307390426852899523169071471784
414	5406840	21497	0.69307351494073177189392254149425
417	5446020	21624	0.69307312730137216050252391141839
420	5485200	21769	0.69307274134259100328847580385627
423	5524380	21914	0.69307235705689151927799684926867
426	5563560	22063	0.69307197443647039492020667239558
429	5602740	22231	0.69307159347377689240232712108991
432	5641920	22412	0.69307121416125849755474064295413
435	5681100	22538	0.69307083655437384805964029510505
438	5720280	22668	0.69307046051938436814765509552672
441	5759460	22795	0.69307008611197618019872379591106
444	5798640	22925	0.69306971332490918680235836291104
447	5837820	23049	0.69306934215060733706081919081043
450	5877000	23252	0.69306897258183863819169800990494
453	5916180	23377	0.6930686046112300990884591556096
456	5955360	23503	0.69306823823148455687714886153117
459	5994540	23628	0.69306787343533315937094130276819
462	6033720	23770	0.69306751021572265969439285981935
465	6072900	23895	0.69306714856523554679768039932242
468	6112080	24042	0.6930667908973325852528546420217
471	6151260	24187	0.69306643235253906354387254395988
474	6190440	24335	0.6930660753556435738076402230945
477	6229620	24482	0.6930657203769433616358242034039
480	6268800	24607	0.69306536645310135025255249274778
483	6307980	24734	0.69306501405639353574628103160649
486	6347160	24901	0.69306466317935089271884407935431
489	6386340	25068	0.69306431381542676906093447541934
492	6425520	25215	0.69306396595751607048185860548983
495	6464700	25360	0.69306361959882722967307699946105
498	6503880	25486	0.69306327473267959060621024036664
501	6543060	25686	0.69306293179772471280131185267237
504	6582240	25814	0.69306258989404023740377169815474
507	6621420	25983	0.69306224946242667162010775427916
510	6660600	26129	0.69306191049628018685524466491188
513	6699780	26274	0.69306157298903114938326552874059
516	6738960	26417	0.69306123693409293906597667955793
519	6778140	26563	0.69306090238701101302609686172218
522	6817320	26709	0.69306056921636571832578965768334
525	6856500	26839	0.69306023747815892477319721365348
528	6895680	26986	0.69305990716604470858186459736316
531	6934860	27130	0.69305957827347797195471912345965
534	6974040	27275	0.69305925079387886711401733919047
537	7013220	27421	0.69305892472098695744620044933981
540	7052400	27566	0.69305860004830077691906353720697
543	7091580	27769	0.69305827676954478988591290544719
546	7130760	27900	0.69305795487834631618540015551844
549	7169940	28028	0.69305763436844103342338030415704
552	7209120	28231	0.69305731523349933809186040889472
555	7248300	28405	0.69305699746742699396406806044979
558	7287480	28550	0.69305668106383877535847659601131
561	7326660	28679	0.6930563661717624723834774158604
564	7365840	28807	0.69305605247419221903726338496199
567	7405020	28981	0.69305574012072557188446353393374
570	7444200	29149	0.69305542910534967404601047746837
573	7483380	29319	0.69305511942185904494806436559884
576	7522560	29465	0.69305481106433475257944110126118
579	7561740	29613	0.69305450402677915011651066379272
582	7600920	29758	0.69305419830309644702026616869261
585	7640100	29915	0.69305389388737848044286238291534
588	7679280	30062	0.6930535907738701872915498825023
591	7718460	30191	0.69305328895649143117196899765986
594	7757640	30362	0.69305298842940621373287513051764
597	7796820	30507	0.69305268918681806056270033877809
600	7836000	30664	0.69305239122280282160204478714149
603	7875180	30810	0.69305209453165250721440315828659
606	7914360	30957	0.69305179920569648377437488306896
609	7953540	31105	0.69305150619444011450553944087005
612	7992720	31252	0.69305121328174135175714809520287
615	8031900	31377	0.6930509271603996213073628496204
618	8071080	31508	0.69305064361806489880990511665004
621	8110260	31635	0.69305035438072581932544835581211
624	8149440	31808	0.69305006637677757375115561444545
627	8188620	31957	0.69304977960072366993671266754973
630	8227800	32085	0.69304949404700844084459276928101
633	8266980	32213	0.69304920971026018339244956223411
636	8306160	32341	0.69304892658482941669717547483742
639	8345340	32469	0.69304864466533955269511579899699
642	8384520	32597	0.69304836394621271988825128573808
645	8423700	32725	0.69304808445820342832632832141826
648	8462880	32871	0.69304780612358574121145693425206
651	8502060	33019	0.69304752897311261428114903537789
654	8541240	33148	0.69304725300158709355713426703005
657	8580420	33276	0.69304697820365879223913907480892
660	8619600	33407	0.6930467045741507403633363537665
663	8658780	33578	0.69304643210771499362010672484757
666	8697960	33723	0.69304616359968052030637863936136
669	8737140	33852	0.6930458934305303575484913380933
672	8776320	34025	0.69304562440882910845374453856493
675	8815500	34172	0.69304535661661581524839448320563
678	8854680	34323	0.69304508987406099329575681622373
681	8893860	34470	0.69304482426364566460819105486735
684	8933040	34614	0.69304455978013179695551571057877
687	8972220	34760	0.69304429641851073018443685214152
690	9011400	34906	0.69304403417374138562934149376815
693	9050580	35034	0.69304377304076192345405615924392
696	9089760	35207	0.69304352800589164029787525578286
699	9128940	35355	0.69304326921081638168686822609743
702	9168120	35500	0.69304301131348899911444050303544
705	9207300	35703	0.69304275450861230201127227701363
708	9246480	35831	0.69304250010568047013492787300493
711	9285660	35964	0.69304224546441406396013462654082
714	9324840	36092	0.6930419921932253757290709472727
717	9364020	36222	0.69304173970147686656417818085174
720	9403200	36370	0.69304148827786360431701950801653
723	9442380	36515	0.69304123791747052063527689824696
726	9481560	36719	0.69304098861551088894827898911899
729	9520740	36849	0.69304074036720253459975538135041
732	9559920	37017	0.6930404931679079449935443335562
735	9599100	37162	0.69304024701297128885357778926846
738	9638280	37308	0.69304000189774139784049111767672
741	9677460	37454	0.69303975781741888884113222957239
744	9716640	37600	0.69303951476735803360895715741208
747	9755820	37747	0.69303927279224453172901121433824
750	9795000	37892	0.69303903207681649689675396075472
753	9834180	38042	0.69303879208906704612047633418115
756	9873360	38187	0.69303855311324780164028425133438
759	9912540	38333	0.69303831514479796727101756914635
762	9951720	38460	0.69303807817938534174828646428068
765	9990900	38588	0.69303784221250874786335316457553
768	10030080	38733	0.69303760723963980794337658153381
771	10069260	38879	0.6930373732564326649807640023937
774	10108440	39010	0.6930371405589612621156447858084
777	10147620	39137	0.69303690854053234815523865108844
780	10186800	39264	0.69303667749845343504233596831909
783	10225980	39433	0.69303644742838854675426318863174
786	10265160	39603	0.69303621832595629914663959425525
789	10304340	39772	0.69303599025080553364119850812131
792	10343520	39916	0.69303576307062797479119353738497
795	10382700	40061	0.69303553684517626987116045711446
798	10421880	40206	0.69303531157022213449181435862556
801	10461060	40352	0.69303508724146545283417708560592
804	10500240	40498	0.69303486497545130351483066988294
807	10539420	40644	0.69303464252129221012665993839619
810	10578600	40790	0.69303442100095014044569552424946
813	10617780	40935	0.69303420041008667595860970322974
816	10656960	41084	0.69303398074461486366715234908042
819	10696140	41289	0.69303376200038080412468843860552
822	10735320	41492	0.69303354417323248526372481137514
825	10774500	41619	0.6930333272592039683956954831956
828	10813680	41747	0.6930331112541116000969054766756
831	10852860	41878	0.69303289615408325552436963334912
834	10892040	42008	0.69303268195493195058531910035526
837	10931220	42136	0.69303246865263834486370342347072
840	10970400	42268	0.69303225624333208987337684447994
843	11009580	42412	0.69303204476913071729882176441606
846	11048760	42559	0.69303183413359248365992471008212
849	11087940	42761	0.69303162437912413373908293579007
852	11127120	42888	0.69303141555904224091477772162762
855	11166300	43067	0.69303120755476266268146900983993
858	11205480	43218	0.69303100041984577739384576489101
861	11244660	43345	0.69303079415051149769766425379203
864	11283840	43525	0.69303058874287892798804477934027
867	11323020	43695	0.69303038419316909113376823370345
870	11362200	43863	0.69303018049744191664274239883525
873	11401380	44037	0.69302997765199647606237931540818
876	11440560	44216	0.69302977565298906625912422896363
879	11479740	44385	0.69302957449672897283221573161427
882	11518920	44556	0.69302937417945376097350163036026
885	11558100	44685	0.69302917469739366840286720616859
888	11597280	44831	0.6930289760470752513654701942869
891	11636460	44978	0.69302877829789688579609219232225
894	11675640	45124	0.69302858129937194853198434429942
897	11714820	45327	0.69302838512137909798838109054486
900	11754000	45531	0.69302818976034130660224263920099
