0	0	0	0.69314718055895352399886633065762
3	40620	852	0.69314646898616516512703356056591
6	81240	1700	0.69314576057413412879526504184469
9	121860	2443	0.69314505522893232747350111822016
12	162480	3176	0.6931443530155051435670543469314
15	203100	3815	0.69314365391974352981208085111575
18	243720	4546	0.69314295793107083554218661447521
21	284340	5172	0.69314226515318011490052185763489
24	324960	5819	0.69314157532477749246169196339906
27	365580	6579	0.69314088858101274848166895026225
30	406200	7305	0.69314020496963668627188326354371
33	446820	7958	0.69313952428234859581834825803526
36	487440	8601	0.69313884661456237612497943700873
39	528060	9458	0.69313817197269056435970924212597
42	568680	10194	0.69313750250731009927562809025403
45	609300	10841	0.69313683380482815632461779387086
48	649920	11488	0.69313616815257950154460786507116
51	690540	12146	0.6931355055203383130901784170419
54	731160	13010	0.69313484567071148578776274007396
57	771780	13882	0.69313418874519805434886166040087
60	812400	14696	0.69313353473336147825278885648004
63	853020	15480	0.69313288361682556804055366228567
66	893640	16134	0.69313223538443224924776586703956
69	934260	16772	0.6931315900236096894104775856249
72	974880	17428	0.69313094752098336481793694474618
75	1015500	18075	0.69313030790453789009575302770827
78	1056120	18945	0.69312967119112300906635937280953
81	1096740	19675	0.69312903718438922950895175745245
84	1137360	20414	0.69312840598364633404315782172489
87	1177980	21143	0.69312777765199840018794930074364
90	1218600	21990	0.69312715202532559910508780376404
93	1259220	22710	0.69312652916640216105292893189471
96	1299840	23442	0.69312590906258730871769557779771
99	1340460	24112	0.69312529183097282281522666380624
102	1381080	25058	0.69312467731688787164756604397553
105	1421700	25705	0.69312406540289794865117301014834
108	1462320	26426	0.69312345619400150820155204201001
111	1502940	27163	0.69312284967794390855289066166733
114	1543560	27826	0.69312224584225601287101881098351
117	1584180	28464	0.69312164474950510584250196188805
120	1624800	29095	0.69312104623813985959657202329254
123	1665420	29861	0.69312045037048852780259267092333
126	1706040	30599	0.69311985722025026834813843379379
129	1746660	31242	0.69311926662182155034486186195863
132	1787280	31885	0.69311867863159792868543718213914
135	1827900	32550	0.69311809333804796917632984332158
138	1868520	33405	0.69311751062618409680027298236382
141	1909140	34131	0.69311693047659850286379423778271
144	1949760	34840	0.69311635277865135673636132196407
147	1990380	35472	0.69311577762932319313193829657394
150	2031000	36118	0.69311520503105739088312020612648
153	2071620	36971	0.69311463494395386675250847474672
156	2112240	37652	0.69311406739241565588827143074013
159	2152860	38399	0.69311350254141335103241772230831
162	2193480	39061	0.69311293995991374305987164916587
165	2234100	39904	0.69311237985783857862287504758569
168	2274720	40640	0.69311182234916146605030462524155
171	2315340	41369	0.69311126717143056730208172666607
174	2355960	42105	0.69311073067339890041438366097282
177	2396580	43125	0.69311018159194415222401630671811
180	2437200	44146	0.69310963379845169640702806646004
183	2477820	45167	0.69310908825212125261572282397537
186	2518440	45817	0.6931085451070447822630171685887
189	2559060	46672	0.69310800442717512837020876759198
192	2599680	47510	0.69310746605164030853529766318388
195	2640300	48289	0.69310693013209490054293837602017
198	2680920	49057	0.69310639664340101262496318668127
201	2721540	49696	0.69310586569741861051596742981928
204	2762160	50553	0.69310533672860674681004411468166
207	2802780	51291	0.69310481008524860158104274887592
210	2843400	52040	0.69310428575654914329362554781255
213	2884020	52774	0.69310376388754157961358259854023
216	2924640	53517	0.69310324415606505699116723917541
219	2965260	54140	0.6931027267981804129703959915787
222	3005880	54782	0.69310221162204632694425754380063
225	3046500	55430	0.69310169870802029734591087617446
228	3087120	56066	0.69310118805001497133133625538903
231	3127740	56776	0.6931006796291921956409964877821
234	3168360	57536	0.69310017350043573447493372441386
237	3208980	58222	0.69309966953172097436919329993543
240	3249600	59154	0.69309916777376390228937452775426
243	3290220	60191	0.69309866827629229568685786944116
246	3330840	61053	0.6930981709435500848215383484785
249	3371460	61781	0.69309767575695735430940658261534
252	3412080	62502	0.69309718274107667834726953515201
255	3452700	63340	0.69309669188581790599812393338652
258	3493320	64061	0.6930962032237463210648797939939
261	3533940	64780	0.69309571666014702095992561226012
264	3574560	65792	0.69309523258569638581860772319487
267	3615180	66634	0.69309475027281997050465633947169
270	3655800	67352	0.69309427022272451779372204327956
273	3696420	68194	0.69309379214669997182340921426658
276	3737040	68917	0.69309331613924807236060132709099
279	3777660	69758	0.69309284221441247453299183689523
282	3818280	70483	0.69309237039211635256208410282852
285	3858900	71323	0.69309190061248004965932523191441
288	3899520	72041	0.69309143287881769257552377894172
291	3940140	72880	0.69309096732635511184383858562796
294	3980760	73615	0.69309050367252234003956345986808
297	4021380	74337	0.69309004204492097311884890586953
300	4062000	75053	0.69308958267031550715131515971734
303	4102620	75891	0.69308912506644759776719411092927
306	4143240	76614	0.69308866953514758346699409230496
309	4183860	77451	0.69308821592330605021459177805809
312	4224480	78177	0.69308776589946696766730838135118
315	4265100	79185	0.69308731622692243412586776685202
318	4305720	79999	0.6930868685164928155728603087482
321	4346340	80726	0.69308642275930543164008668099996
324	4386960	81557	0.69308597894634871305896695048432
327	4427580	82280	0.69308553706874742594834515330149
330	4468200	83048	0.69308509713798027718212324543856
333	4508820	83814	0.69308465924146833714303284068592
336	4549440	84573	0.69308422311666051385259379458148
339	4590060	85299	0.69308378894923949875561675071367
342	4630680	85965	0.6930833566537574208510363860114
345	4671300	86801	0.69308292620324796207142981074867
348	4711920	87581	0.69308249762707052621379943957436
351	4752540	88307	0.69308207092627871492851454604534
354	4793160	89102	0.69308164719398246411685704515548
357	4833780	89850	0.6930812242068644657422282762127
360	4874400	90651	0.69308080306032782136327341504511
363	4915020	91375	0.69308038376039349248713961060275
366	4955640	92215	0.6930799662745319444923097762512
369	4996260	92939	0.6930795506056828259033864014782
372	5036880	93779	0.69307913674569932016567008759012
375	5077500	94503	0.69307872468606379623423663360882
378	5118120	95285	0.69307831453752222206077249211376
381	5158740	96002	0.69307790605390251492678999056807
384	5199360	96836	0.69307749948010288765232189689414
387	5239980	97565	0.69307709457538857478198224271182
390	5280600	98387	0.6930766913944481633080840765615
393	5321220	99228	0.69307630224906890958891381160356
396	5361840	99951	0.69307590251733341979445413016947
399	5402460	100674	0.69307550450962462917914308491163
402	5443080	101523	0.6930751082766495319020805254695
405	5483700	102248	0.69307471373872842068664112957777
408	5524320	103086	0.69307432093250564975051020155661
411	5564940	103825	0.69307392978920723258795533183729
414	5605560	104663	0.69307354054521674857625157528673
417	5646180	105382	0.69307315278676195902107792790048
420	5686800	106222	0.69307276673280593382031611326966
423	5727420	107073	0.69307238232895151952561718644574
426	5768040	107798	0.69307199959100529440547688864172
429	5808660	108641	0.69307161851347653946930904567125
432	5849280	109363	0.69307123908438261761233434299356
435	5889900	110205	0.69307086129852557565556026020204
438	5930520	110929	0.69307048514836744335099183444981
441	5971140	111939	0.69307011067448687224867853728938
444	6011760	112782	0.69306973777317526508312539590406
447	6052380	113503	0.69306936648523309596470198812312
450	6093000	114342	0.69306899680336964131299737346126
453	6133620	115062	0.69306862872008812015423018237925
456	6174240	115782	0.69306826224842643657808594070957
459	6214860	116621	0.69306789734074225606264008092694
462	6255480	117346	0.69306753413374810879332699187216
465	6296100	118187	0.6930671725785487735649326168641
468	6336720	118920	0.69306681237907152848265468492173
471	6377340	119759	0.69306645379456599531664551250287
474	6417960	120483	0.69306609679136532697896200261312
477	6458580	121124	0.69306574133489384781370290511404
480	6499200	121967	0.69306538731412625775618607804063
483	6539820	122688	0.6930650382224168293276989061269
486	6580440	123528	0.69306468723337111281779243654455
489	6621060	124247	0.69306433785966914395970661644242
492	6661680	124895	0.69306398989042627967194221128011
495	6702300	125739	0.69306364358232086519961967496783
498	6742920	126460	0.69306329866892524282917520395131
501	6783540	127301	0.69306295518915805864423873572377
504	6824160	128026	0.6930626131775112774846547836205
507	6864780	128755	0.69306227398661301997151440446032
510	6905400	129494	0.69306193490723677630427346230135
513	6946020	130239	0.69306159737539996257282837177627
516	6986640	131034	0.69306126129851808315152084105648
519	7027260	131795	0.69306092657674411849910711680423
522	7067880	132431	0.69306059329655045342377661654609
525	7108500	133268	0.69306026148456822966181789524853
528	7149120	134006	0.69305993106169716533315749984467
531	7189740	134700	0.69305960220097762025659449136583
534	7230360	135487	0.69305927461121663579746154937311
537	7270980	136163	0.69305894843175819275415960873943
540	7311600	136885	0.6930586236500045904662670182006
543	7352220	137608	0.6930583002626815591895592660876
546	7392840	138329	0.69305797826350012957874469066155
549	7433460	139112	0.69305765764596916067574738917756
552	7474080	139956	0.69305733840397309997172214934835
555	7514700	140681	0.69305702065821206403484211477917
558	7555320	141522	0.69305670414803188794650168347289
561	7595940	142245	0.69305638899467836289147726347437
564	7636560	143086	0.6930560751922283380110911821248
567	7677180	143924	0.69305576280226521834748609762755
570	7717800	144766	0.6930554516825306876626200391911
573	7758420	145483	0.69305514191968342618821452560951
576	7799040	146210	0.69305483345881913059827184042661
579	7839660	146923	0.69305452631843633692909634191892
582	7880280	147641	0.69305422059416510460749805133673
585	7920900	148366	0.69305391610482836028950259787962
588	7961520	149089	0.69305361441254398346956122622942
591	8002140	149822	0.69305331251038648776585660016281
594	8042760	150492	0.6930530118752677992688404629007
597	8083380	151332	0.69305271252515376900760202261154
600	8124000	152057	0.69305241456886224060696122251102
603	8164620	152899	0.69305211778476860651210245123366
606	8205240	153532	0.69305182231976181217447674498544
609	8245860	154312	0.69305152810714221178756133667775
612	8286480	154957	0.6930512350944454391665772163833
615	8327100	155802	0.69305094338491990413331222953275
618	8367720	156545	0.69305065286743261498969559397665
621	8408340	157219	0.69305036358911797922388586812303
624	8448960	157957	0.69305007554456199425629847610253
627	8489580	158686	0.69304978876778955410031812789384
630	8530200	159428	0.69304950324172187592353111540433
633	8570820	160457	0.69304921886426584798357453109929
636	8611440	161466	0.69304893571235881566394709807355
639	8652060	162106	0.69304865384922353932495298067806
642	8692680	162857	0.69304837308963285202878523705294
645	8733300	163589	0.69304809511044651593181242787978
648	8773920	164258	0.69304781672858528640546182941762
651	8814540	164987	0.6930475395379955827479534491431
654	8855160	165714	0.69304726351962786523586146358866
657	8895780	166449	0.69304698867522240846028580563143
660	8936400	167087	0.69304671505387749341764447308378
663	8977020	167946	0.69304644254098979327949336948222
666	9017640	168676	0.69304617118619527005307645595167
669	9058260	169414	0.69304590098416429810868066851981
672	9098880	170416	0.69304563199073943025041444343515
675	9139500	171084	0.69304536409142702968466664970038
678	9180120	171815	0.69304509733679187100108265440213
681	9220740	172545	0.69304483169408559461999175255187
684	9261360	173190	0.6930445671783216354810974735301
687	9301980	173917	0.69304430380476456097227355712675
690	9342600	174650	0.69304404154821019901078216207679
693	9383220	175388	0.69304378038343938950305300750188
696	9423840	176412	0.69304352032562699381657012054347
699	9464460	177072	0.69304326136979832462259309977526
702	9505080	177718	0.6930430035376454744877605662623
705	9545700	178458	0.69304274677083121947163135700976
708	9586320	179192	0.69304249109131643713510584348114
711	9626940	179826	0.69304223655330676745478513112175
714	9667560	180688	0.69304198303336406183916551526636
717	9708180	181433	0.69304173058603146806433414894855
720	9748800	182179	0.69304147930551673884025376537465
723	9789420	182867	0.69304122898861497681366472534137
726	9830040	183789	0.6930409797299864615993669758609
729	9870660	184435	0.69304073152495493381763935758499
732	9911280	185241	0.69304048440731258473590514768148
735	9951900	185991	0.69304023830147964968517726447317
738	9992520	186720	0.6930399932347267588639283530938
741	10033140	187407	0.69303974919648292374318998554372
744	10073760	188061	0.69303950618836329677918683955795
747	10114380	188802	0.69303926420575678868374325247714
750	10155000	189837	0.69303902324395927347921997352387
753	10195620	190845	0.69303878329853907391822076533572
756	10236240	191497	0.69303854436494816138036867414485
759	10276860	192144	0.69303830651043452082404883185518
762	10317480	192974	0.69303806958673841442930552148027
765	10358100	193715	0.69303783366947169231053749172133
768	10398720	194480	0.69303759875787029898219770984724
771	10439340	195437	0.69303736481541522440608105171123
774	10479960	196112	0.69303713193336902165242463524919
777	10520580	196842	0.69303690005509133165162438672269
780	10561200	197589	0.693036669087204404426927339955
783	10601820	198318	0.69303643916280655012940314918524
786	10642440	199067	0.69303621010021809745182963524712
789	10683060	200086	0.69303598200069127521771861211164
792	10723680	200723	0.69303575492692226500679453238263
795	10764300	201567	0.69303552874054208388088227366097
798	10804920	202290	0.69303530355257225714638025237946
801	10845540	202936	0.69303507926240215386570753253181
804	10886160	203663	0.69303485591408775512434203847079
807	10926780	204304	0.69303463350336613757463055662811
810	10967400	205152	0.69303441243984986730453101699823
813	11008020	205873	0.69303419190553572359903000688064
816	11048640	206875	0.69303397228079177683213174532284
819	11089260	207732	0.6930337536312756174794458274846
822	11129880	208461	0.69303353584444860047142356052063
825	11170500	209189	0.6930333190138101562283168277645
828	11211120	210206	0.6930331031678371722648535069311
831	11251740	210850	0.69303288810666763275492030516034
834	11292360	211643	0.6930326739994919771348236281483
837	11332980	212388	0.693032460763863156216757488437
840	11373600	213316	0.69303224839262544954010536457645
843	11414220	213965	0.69303203691022285948264425314846
846	11454840	214693	0.69303182631254911516549555017264
849	11495460	215335	0.69303161665019885617766703944653
852	11536080	215987	0.69303140781020433625059240512201
855	11576700	216833	0.6930311998433049680556905514095
858	11617320	217679	0.69303099274557000697427611157764
861	11657940	218409	0.69303078956923680475910032328102
864	11698560	219436	0.69303058418434837495425426823203
867	11739180	220498	0.69303037965725233782166014862014
870	11779800	221528	0.69303017598401361887283655960346
873	11820420	222171	0.69302997316089853807596909973654
876	11861040	223024	0.69302977118418762625395856957766
879	11901660	223757	0.69302957014366828314422264156747
882	11942280	224773	0.69302936984807683717946247270447
885	11982900	225413	0.69302917038767708479696239010082
888	12023520	226259	0.69302897175880484592624952711049
891	12064140	226999	0.69302877395759787670925788916065
894	12104760	227640	0.6930285769805512030572458570532
897	12145380	228285	0.69302838083428763837900987709872
900	12186000	228930	0.69302818549442801732141106185736
