0	0	0	0.69314718055914625871594125783304
3	2225	3	0.63899868536035420163443632191047
6	4451	6	0.59420622768095232579810272000032
9	6677	9	0.55726270129203558933994600010919
12	8903	12	0.52618216072443446673645439659595
15	11129	16	0.49997069408467420537078851339174
18	13355	19	0.47768855741516591528750268480508
21	15581	25	0.45881371220420008594231831011712
24	17807	28	0.44261563391873570694201589503791
27	20033	31	0.42859712700487312408981210865022
30	22259	33	0.41645163341257895872615790722193
33	24485	36	0.40588337281577308024438366373943
36	26711	39	0.39659588562939945832752641763363
39	28937	41	0.38838556577107669065540562769456
42	31163	44	0.38111514622776732075237760000164
45	33389	47	0.37464966355666740049912277754629
48	35615	49	0.36886143246064467815514831272594
51	37841	53	0.36366997207967288741059519452392
54	40067	55	0.35899340854731864869364699188736
57	42293	58	0.35475055897280255434722562313254
60	44519	61	0.35089067742805585270460255742364
63	46745	64	0.34738411888415643424821155349491
66	48971	67	0.34417414362886811218800175993238
69	51197	70	0.34123539755926196592739074731071
72	53423	73	0.33853522510581518512040588575474
75	55649	76	0.3360460522152671769546827817976
78	57874	79	0.33374100058189093420679682822083
81	60100	83	0.33160559924619059657402431184892
84	62326	86	0.32961798508073225644210424434277
87	64552	89	0.32776314753809004942652904901479
90	66778	92	0.32602577425134793287497814162634
93	69004	95	0.32440139318776911592223655134148
96	71230	98	0.32287596753738262433941486051481
99	73456	102	0.32143733325472706452430315948732
102	75682	105	0.32007949425592774339577317732619
105	77908	108	0.31879590335070562279184969156631
108	80134	112	0.31758052794467139801071198235149
111	82360	115	0.316427736939790205106248777156
114	84586	118	0.31532891899617615516504542938492
117	86812	120	0.31428221630833630406698375736596
120	89038	123	0.31328127766230506878741834952962
123	91264	126	0.31232432656126030146026550937677
126	93490	128	0.31140821119818185014338496330311
129	95716	131	0.31052722228929074965719792089658
132	97942	134	0.30968049578121187304091677106044
135	100168	137	0.30886388737351005984166363305121
138	102394	140	0.30807625671041294346252925606677
141	104620	142	0.30731541984069538075985406067048
144	106846	145	0.30657971494404701040537020162446
147	109072	148	0.30586602421399705642457433896197
150	111298	151	0.30517335310914855961428315822559
153	113523	153	0.30450168186556769711614833795466
156	115749	156	0.30384860783071576673108893373865
159	117975	159	0.30321252208806714900646284149843
162	120201	162	0.30259240848492574560424372975831
165	122427	166	0.30198727697539079484201351988304
168	124653	169	0.30139589761789153943283281478216
171	126879	172	0.30081846712843979263496407838829
174	129105	175	0.30025296487172520309982814978866
177	131331	179	0.29969937611365410345953819160059
180	133557	183	0.29915715852104046712511831174197
183	135783	186	0.29862512426208609461752985225758
186	138009	190	0.29810305430648975644203346746508
189	140235	193	0.29758998608830511400924478948582
192	142461	197	0.29708528699174402420979390626599
195	144687	201	0.2965890357653823694583650194545
198	146913	204	0.29610039862767278950883564903052
201	149139	207	0.29562023263869280365057079507096
204	151365	211	0.29514639811204002040057048361632
207	153591	213	0.2946792276347148242798823503108
210	155817	219	0.29421823496838200862057988160814
213	158043	221	0.29376330512983994669440335201216
216	160269	226	0.29331445514795689843978721000894
219	162495	228	0.29287109656517901212779975139711
222	164721	231	0.29243270465689158443822748267849
225	166947	234	0.29199918991812129354102012257499
228	169172	237	0.29157074359732948476420233419049
231	171398	239	0.29114714288464521585453326224524
234	173624	242	0.29072888608450170311314764148847
237	175850	245	0.29031393910274450043118577013956
240	178076	248	0.2899031119110015985995687515242
243	180302	251	0.28949628406572680550112863784307
246	182528	254	0.28909318510398529511462584196124
249	184754	256	0.28869381517051978525145727871859
252	186980	259	0.2882979779780566187419310608675
255	189206	263	0.2879055771319581902289996833133
258	191432	266	0.28751676683939086931474093944416
261	193658	269	0.28713125577875409089045888322289
264	195884	272	0.2867488186213825729353743554384
267	198110	275	0.28636930187443948581105246375955
270	200336	279	0.28599288751523510576646458503092
273	202562	282	0.28561947836095935571165682631545
276	204788	286	0.28524886334279631050492298527388
279	207014	289	0.28488086837219167568591160488722
282	209240	292	0.28451551843960320997695134792593
285	211466	295	0.284152873289584773086602353942
288	213692	299	0.28379281874614165070980220662022
291	215918	302	0.28343531324412840621818077124772
294	218144	305	0.28308016864076085417067929483892
297	220370	308	0.28272736822935040645887738719466
300	222596	311	0.28237706058428591049391798151191
303	224821	314	0.28202895519905724075471198375453
306	227047	317	0.28168323383500548651170447556069
309	229273	319	0.2813396717419995862741188830114
312	231499	322	0.28099836254859505979553091492562
315	233725	325	0.28065912005029419740154139617516
318	235951	328	0.28032202749497736604666897619609
321	238177	330	0.27998808578841960503780228464166
324	240403	333	0.27965506249179078457345326569339
327	242629	336	0.27932404518577325092110186233185
330	244855	338	0.27899498109515530330781984957866
333	247081	341	0.27866814884590096479399790041498
336	249307	344	0.27834295090592875432378150435397
339	251533	347	0.27801973024189269301231774988992
342	253759	349	0.27769835809014509209191601257771
345	255985	352	0.27737892539545638825870810251217
348	258211	355	0.27706125177828017092096501983178
351	260437	359	0.27674541556097193018004531950282
354	262663	362	0.27643142564251677040232380022644
357	264889	365	0.27611915727977126566727861245454
360	267115	368	0.27580859163676407774801191408187
363	269341	372	0.27549992182009969132749915843306
366	271567	375	0.27519295470680321669121326522145
369	273793	378	0.27488860433246237180426874147088
372	276019	381	0.27458503423719632374755406090117
375	278245	385	0.27428302967421808178372089059849
378	280470	388	0.27398264274382855276712689374108
381	282696	391	0.2736840382145485084386393737077
384	284922	394	0.27338701035357054758279105044494
387	287148	397	0.27309162026124161881668328533124
390	289374	400	0.27279803489030890473188151190698
393	291600	403	0.2725056871918258849518679198809
396	293826	406	0.27221490973903550436574505511089
399	296052	409	0.27192575409333047398163785146608
402	298278	411	0.27163808883594636744973627173749
405	300504	414	0.27135207002689237798520593969442
408	302730	417	0.27106753822641893592049200378824
411	304956	420	0.27078449275829824527406231027271
414	307182	423	0.27050290155653639034838420229789
417	309408	425	0.27022278662779197766496963595273
420	311634	428	0.26994423440936704539083734744054
423	313860	431	0.26966728380377663620848238679173
426	316086	433	0.26939177244383866183241593716957
429	318312	436	0.2691175669681386550813328994991
432	320538	439	0.2688457540111651167258344230504
435	322764	442	0.26857436540305229533132092001324
438	324990	445	0.26830444080282123131553362327395
441	327216	447	0.26803607491054537437236149344244
444	329442	451	0.26776892956923598054785884414741
447	331668	454	0.26750339980742948720049412258959
450	333894	457	0.2672390607439298904068891715724
453	336119	461	0.26697627609948754168200935055211
456	338345	464	0.26671470257373092183073026717466
459	340571	467	0.26645456109303122804732311124098
462	342797	470	0.26619573134633661704029350403289
465	345023	473	0.26593828346770548298749758941995
468	347249	476	0.26568221688671489477684417579439
471	349475	480	0.26542744552806601943117925657134
474	351701	483	0.26517393986206916345338413520949
477	353927	486	0.26492176380293025461654110586096
480	356153	489	0.26467092900015343204245255037677
483	358379	492	0.26442121529234602350655336522323
486	360605	495	0.26417291696895905950270844186889
489	362831	498	0.26392590275263366761393513115763
492	365057	501	0.26368011468289181964408385283605
495	367283	503	0.26343562916511220617366006990778
498	369509	506	0.26319245443569128095617770668468
501	371735	509	0.26295051464931962215132443816401
504	373961	512	0.26270968478738360163404763625294
507	376187	515	0.2624700911281496185090134076745
510	378413	518	0.26223180556190883727651907975087
513	380639	520	0.2619947068728185612940251303371
516	382865	523	0.2617611820426216096002747235616
519	385091	526	0.26152760118183010495940266082471
522	387317	528	0.26129433259354761798221034041489
525	389543	532	0.26106219763730292848791236792749
528	391768	534	0.2608312223947214514296888410172
531	393994	537	0.26060149393086562419341589702526
534	396220	540	0.26037285597696058214722825141507
537	398446	543	0.2601455559948041007523045209382
540	400672	546	0.25991928274805869980568218124972
543	402898	549	0.25969412055259949445584766181128
546	405124	552	0.25947022667605490475750684709055
549	407350	556	0.25924742774376607901132274491829
552	409576	559	0.25902574980266723780886195527273
555	411802	562	0.25880523338113142761685026016494
558	414028	565	0.25858581632577132269901198924344
561	416254	569	0.25836755691642931953566630909336
564	418480	572	0.25815039043293686038538226057426
567	420706	575	0.25793451962003571820147840298887
570	422932	578	0.25771957175474374812651490174176
573	425158	582	0.25750586840874589711347653064877
576	427384	585	0.25729324750063575777403457323089
579	429610	588	0.2570815613607834726472844977252
582	431836	591	0.25687099997069773316127339057857
585	434062	594	0.25666155892204589594740582469967
588	436288	597	0.25645338897139435818672836830956
591	438514	599	0.25624623461680118285954677048721
594	440740	602	0.25604006714375920905624184342742
597	442966	605	0.2558348862162663217567626361415
600	445192	608	0.25563074397089358136270220711594
603	447417	611	0.25542761822904408441914370087034
606	449643	613	0.25522552590444474995834411856777
609	451869	616	0.25502445944922075282690343556169
612	454095	619	0.25482446023867066919876833708258
615	456321	622	0.2546254426583841601328117576486
618	458547	624	0.25442740130374535967305860140186
621	460773	627	0.25423043495890218501642721093958
624	462999	630	0.2540344844239392219087392277288
627	465225	633	0.25383951577190155823871009488357
630	467451	636	0.25364559962747790233805744719575
633	469677	639	0.25345262528761974829549785681593
636	471903	642	0.25326079967758913236153262005246
639	474129	645	0.25306978059560025773322422537603
642	476355	648	0.25287979351890166324068331960007
645	478581	652	0.25269082552708582722900132466748
648	480807	655	0.25250271227342807600635410381074
651	483033	658	0.25231555183940090891780982929049
654	485259	663	0.25212934088296351520241955768142
657	487485	666	0.25194407743390201392941207814147
660	489711	669	0.25175983495902271025457253017521
663	491937	672	0.2515765303425083754262914226274
666	494163	676	0.25139405508053291882220037223306
669	496389	679	0.25121261747898665506184556761582
672	498615	682	0.25103202920915623774789082744974
675	500841	685	0.25085252838441102207767130494176
678	503066	687	0.25067379832578862153269483314943
681	505292	690	0.25049615105558031835641941142967
684	507518	693	0.25031916514611318724803368240828
687	509744	696	0.2501432392426014006403534040146
690	511970	699	0.24996810049262163655470203593723
693	514196	702	0.24979477148061185465266476057877
696	516422	704	0.24962154803894756605053828479868
699	518648	707	0.24944908984340591340256310104451
702	520874	710	0.2492774613196533650683051064334
705	523100	713	0.24910684541227903765481244136026
708	525326	715	0.2489369992779290330364716510303
711	527552	718	0.24876792209366860308961122427718
714	529778	721	0.24859976142663042786296045960626
717	532004	723	0.2484323842428637629797805175258
720	534230	726	0.24826695185397032461516175771976
723	536456	729	0.24810131102540522451960214311839
726	538682	733	0.24793650086225285655849859267619
729	540908	736	0.24777254118595865017837809318735
732	543134	739	0.24760942039648808910001775984711
735	545360	742	0.24744703157572853213785890602594
738	547586	745	0.24728548411040204846322865250841
741	549812	749	0.24712475623978552574655509488366
744	552038	752	0.24696589161019891212056620588555
747	554264	755	0.24680680739258087363907634426141
750	556490	758	0.246648520942810228762098745392
753	558715	762	0.24649101539456858001031491767208
756	560941	765	0.24633434337934631552791131525737
759	563167	768	0.24617849555054802102027622368041
762	565393	771	0.24602335606526909428382055011753
765	567619	775	0.24586900148943149901903382215096
768	569845	777	0.24571539225223978930578994095413
771	572071	780	0.24556263523929544589918805286288
774	574297	783	0.24541054533790557234951279497182
777	576523	786	0.24525922062012270319364404258522
780	578749	788	0.24510868457708229195546323353483
783	580975	791	0.24495883355572839468194956680236
786	583201	794	0.24480989077683124044426676846342
789	585427	797	0.24466155779383708113172701814619
792	587653	799	0.24451396766157693085652624631621
795	589879	802	0.2443671507139565934885183651204
798	592105	805	0.24422106854887787319441372346773
801	594331	808	0.24407566413718809195110281962116
804	596557	811	0.24393107652300513588095043360227
807	598783	814	0.2437871350402181225280884291351
810	601009	816	0.24364393073068199568886882389052
813	603235	819	0.243501424299264912498585999856
816	605461	822	0.24335956850738013623747235669725
819	607687	826	0.24321952328519810815343760168616
822	609913	829	0.24307913064331634900305800783826
825	612139	832	0.24293936803544605163018843541067
828	614364	836	0.24280031552879102751951734262548
831	616590	839	0.24266197222485808016045893964474
834	618816	842	0.24252435374844966142759972171916
837	621042	845	0.24238735357221480315459416488011
840	623268	848	0.24225101458562961487253062387026
843	625494	851	0.24211537429468918403152599694295
846	627720	855	0.24198036582909773772875894337631
849	629946	858	0.24184602836893115407335130839783
852	632172	861	0.24171238288066657085018107409269
855	634398	864	0.24157936204968286086902651277342
858	636624	867	0.24144700490721632268886764904892
861	638850	870	0.24131537781621847926771806669421
864	641076	873	0.24118429038340091774550444370107
867	643302	876	0.24105383643398065052210199610272
870	645528	879	0.2409240775785026766886431914827
873	647754	882	0.24079491978329106705025708379253
876	649980	884	0.24066652476461214416048051134567
879	652206	887	0.24053861302699433566409936702257
882	654432	890	0.24041138242092088828094631480781
885	656658	893	0.24028472617822907442253210774652
888	658884	896	0.24015870502509367723220634616155
891	661110	899	0.24003434572701320970367078189156
894	663336	902	0.23990952583686125931805577238265
897	665562	905	0.23978628783806357760433058956551
900	667788	908	0.23966275847271514831682281965186
