0	0	0	0.69314718055914625871594125783304
3	2212	1	0.63881355056476663012432481991709
6	4425	3	0.59413657473171077594287226020242
9	6638	5	0.55729030506389065635630686301738
12	8851	6	0.52614218955940006416938103939174
15	11063	8	0.50001589838399962406612075938028
18	13276	10	0.4777324349947197901222750715533
21	15489	11	0.45888628227665378966904086155409
24	17702	13	0.44264967795585979937200704625866
27	19914	14	0.42867595508861200404027158583631
30	22127	16	0.4165280719611521020873112775007
33	24340	17	0.40590921164399096365826835608459
36	26553	19	0.39659674562931745978033859501011
39	28765	20	0.38839909761064067561520118943008
42	30978	22	0.38112283668877683373565901092661
45	33191	23	0.37464316209746012509285151281802
48	35404	25	0.36884709596377901474895111277874
51	37616	26	0.36365039033622603703577169653727
54	39829	28	0.35895822824891276958680919051403
57	42042	29	0.35471786959269802075311872613383
60	44255	31	0.35086248780448392459163642342901
63	46467	32	0.34735280198148371644251142242865
66	48680	34	0.34414867272470606174294971424388
69	50893	35	0.34121161169370600729777720516722
72	53106	36	0.33851232489847671303095921757631
75	55319	38	0.33602099538253554777966769506747
78	57531	40	0.33371779906148801853049690180342
81	59744	41	0.33158158129800885394189435828594
84	61957	43	0.32959369948829631002951146001578
87	64170	45	0.32773757746760995290813411884301
90	66382	46	0.32600242953343372409591438554344
93	68595	48	0.32437538045823172128123701440927
96	70808	50	0.32284863916093831104348055305309
99	73021	51	0.32141294701633005281848909362452
102	75233	53	0.32005636167398998637168006098364
105	77446	55	0.31877358737459271509351310669445
108	79659	56	0.31755781726645304630096688924823
111	81872	58	0.31640378996111623299825055255496
114	84084	60	0.3153059027843535533364160983183
117	86297	62	0.31425836697349435189252631062118
120	88510	63	0.3132565334360732922647230225266
123	90723	65	0.31230032819769892871164529424277
126	92935	66	0.31138382880753723291888945823302
129	95148	67	0.31050436589180741009386110818014
132	97361	69	0.30965852136151122975249450064439
135	99574	70	0.30884156024133690987554246021318
138	101786	72	0.30805477995661328938226120044419
141	103999	73	0.30729357810888774382718224842392
144	106212	75	0.30655808351098595698758231264947
147	108425	76	0.30584541678822579902075062818767
150	110638	78	0.30515411267733710820593273638224
153	112850	79	0.30448224457640038487227229779819
156	115063	80	0.30383008657229632065721602884878
159	117276	82	0.30319366016677262720691032882314
162	119489	83	0.30257428380609746598750575685699
165	121701	84	0.30196902002147268939680202493037
168	123914	86	0.30137889666757333717583833276876
171	126127	87	0.30080142236071594208368651379715
174	128340	88	0.30023670650484673982916206114169
177	130552	89	0.29968348809840750224253724809387
180	132765	91	0.29914091976828077745764744577173
183	134978	92	0.29860892903883773374928978228127
186	137191	93	0.29808666862261157248781273665372
189	139403	95	0.29757327099214214705114045500522
192	141616	96	0.29706929743581150793474421334395
195	143829	97	0.29657320681589693922575179385603
198	146042	98	0.2960851862281809743215887920087
201	148254	100	0.29560490310628723120700556137308
204	150467	101	0.29513091297597388029672060838493
207	152680	102	0.2946639647687719909541215201898
210	154893	103	0.29420389709236821618176804804534
213	157105	105	0.29374922615657345081885409854294
216	159318	106	0.2933004177300599368827249691094
219	161531	107	0.29285692870111817986966684657091
222	163744	109	0.2924188944280836088829289565183
225	165957	110	0.29198573052427773122374787817535
228	168169	111	0.29155748637114692334293408748636
231	170382	113	0.29113405409899395515083142527146
234	172595	114	0.29071564543899641730462235500454
237	174808	116	0.29030085493948615260606516130792
240	177020	117	0.28989006162293851076583450776525
243	179233	119	0.28948329036756936805119266864494
246	181446	120	0.28908044214397393689708337660704
249	183659	121	0.28868132726592371506413314818928
252	185871	123	0.28828579572814927445278954110108
255	188084	124	0.28789364732886107978160339371243
258	190297	126	0.28750477721027239974560529844894
261	192510	127	0.28711942210630797545078962684784
264	194722	129	0.28673713859675331594445424343576
267	196935	130	0.28635803988721375556991688426933
270	199148	131	0.28598183037203300793649418665154
273	201361	133	0.28560829921048641599767847765179
276	203573	135	0.28523771348041965234543226870301
279	205786	137	0.28486983718009173394136723800329
282	207999	139	0.28450466398995399863736111001344
285	210212	141	0.28414215348401694605229295120807
288	212424	143	0.28378213387712392101747127526323
291	214637	145	0.28342488798280923711914169871307
294	216850	147	0.28307031002957755427829056316114
297	219063	149	0.28271789141900871555890262243338
300	221276	151	0.28236773822345234696840066135337
303	223488	153	0.28202010373279118304878920753254
306	225701	155	0.28167463446490942358124698330357
309	227914	157	0.2813312228693268801649196575454
312	230127	159	0.28098980759805630702530265807582
315	232339	161	0.28065064928695832024985179486976
318	234552	163	0.28031374216841309365833012634539
321	236765	164	0.27997978708953569215722723129147
324	238978	166	0.27964686790676718253223498322768
327	241190	167	0.27931605809112242111424961876764
330	243403	169	0.27898731402901633114055357509642
333	245616	171	0.27866026120045755964937939097581
336	247829	173	0.27833557308390316498147853963019
339	250041	174	0.27801235644399080459976403290057
342	252254	176	0.27769105138473842986357453810342
345	254467	177	0.27737165595589219346805975874304
348	256680	179	0.27705408587124702446402579880669
351	258892	181	0.27673835353745768195210530393524
354	261105	182	0.27642446283678473450962087554217
357	263318	184	0.27611224435667935939164863157202
360	265531	185	0.27580174016986908069881678784441
363	267743	187	0.2754932540941751328844588897482
366	269956	188	0.27518638711400855711985968810041
369	272169	190	0.2748821543933391842173818986339
372	274382	191	0.27457853858028147264747076405911
375	276595	192	0.27427666384112564523789501436113
378	278807	194	0.27397641541532413711479421181139
381	281020	196	0.27367773759522390220055854115344
384	283233	197	0.27338068065247167481857104576193
387	285446	198	0.27308519256758295723486185124784
390	287658	200	0.27279130254765049379273023077985
393	289871	201	0.27249903997384000708947837665619
396	292084	203	0.27220826043814994044112154369941
399	294297	204	0.27191928777793439309107270673849
402	296509	206	0.2716318722902221205472983456275
405	298722	207	0.27134583686646679412390881225292
408	300935	209	0.27106153526166959499832387336937
411	303148	210	0.27077858799636961295576043085021
414	305360	212	0.27049708567727520636125859709864
417	307573	214	0.27021701816056170608604247718176
420	309786	215	0.26993850422392390298043096663605
423	311999	217	0.26966164514803053764424589644477
426	314211	219	0.26938597596350721818936335694161
429	316424	221	0.26911180833683695512448252884496
432	318637	222	0.2688400886799729994081076256407
435	320850	224	0.26856893739668125098418727247918
438	323062	226	0.26829896238898526261706933837559
441	325275	227	0.26803043723784963914269496854104
444	327488	229	0.26776357209946438642234056715097
447	329701	230	0.26749781931485017150151861642371
450	331914	232	0.26723352396398275532263255627186
453	334126	233	0.26697063717649083258720565936528
456	336339	235	0.26670919673752918610531992271717
459	338552	236	0.26644909784265352614696098498825
462	340765	237	0.26619027387135268947204735923151
465	342977	239	0.26593273709545728333836223100661
468	345190	240	0.26567671034650763850493149220711
471	347403	242	0.26542187674725464807679031764565
474	349616	243	0.26516828242723383679546600433241
477	351828	245	0.26491607678911499590412859106436
480	354041	246	0.26466516697205938468684394138108
483	356254	248	0.26441582482229808448437324841507
486	358467	249	0.26416761677718930689806597911229
489	360679	251	0.26392072228575946812867414337234
492	362892	252	0.26367491795810843457914529608388
495	365105	254	0.26343040092603398072412801411701
498	367318	255	0.26318716836438710293677445406502
501	369530	257	0.26294540472988031654111296120391
504	371743	258	0.26270479615021019581533323616895
507	373956	260	0.26246539093144144461078326457937
510	376169	262	0.2622272071820220262772238584148
513	378381	264	0.26199021580702397393736191588687
516	380594	265	0.26175640753883949729541313899972
519	382807	267	0.26152286318579542889750655376702
522	385020	269	0.26128957607144559505130132492923
525	387233	270	0.26105733859736185431543731283455
528	389445	272	0.26082647437768580189754175080452
531	391658	273	0.26059664007772148641706166927179
534	393871	275	0.26036822418493232866865128016798
537	396084	277	0.26014073589587427548508458130527
540	398296	279	0.25991465916802269919827494959463
543	400509	280	0.25968959409146752381758460614947
546	402722	281	0.25946564189119042387332569887803
549	404935	283	0.25924281787429581669357503415085
552	407147	284	0.25902112560291612464169475060771
555	409360	286	0.25880055277925140266859216353623
558	411573	287	0.25858118933950274831445881318359
561	413786	288	0.25836307920679241201256104432105
564	415998	290	0.25814587836947339161142167540675
567	418211	291	0.25792989629492546477251835312927
570	420424	293	0.2577149344640817796303622344567
573	422637	294	0.25750113273392827295538154430687
576	424849	296	0.25728860442414924758480765376589
579	427062	297	0.2570770009242134834792636866041
582	429275	298	0.25686668845826765572581962260301
585	431488	300	0.25665729562273853492371245010872
588	433700	301	0.25644888347124794591991303605027
591	435913	303	0.25624160032573317646864552443731
594	438126	305	0.25603534508547703962832997603982
597	440339	306	0.25583038680363312522558771888725
600	442552	308	0.255626197465246007833883368221
603	444764	309	0.25542309591065825991051951859845
606	446977	311	0.25522106632564528494455657892104
609	449190	313	0.25502006968852775070644156585331
612	451403	314	0.25482004503693556074495063512586
615	453615	316	0.25462129000785221899505472720193
618	455828	318	0.2544233942225671007975051907124
621	458041	319	0.25422644906064661984856911658426
624	460254	321	0.25403048035154518480283059034264
627	462466	323	0.25383569588410076489637390295684
630	464679	324	0.25364175879118749934448828753375
633	466892	326	0.25344882952908842632666619465454
636	469105	328	0.25325692727573984042166443941824
639	471317	329	0.25306591715505888373627385590225
642	473530	331	0.25287590301290757688335020247905
645	475743	332	0.2526870425880274328989116838784
648	477956	333	0.25249889461861452222279922352755
651	480168	335	0.2523117619866752647794783115387
654	482381	336	0.25212558932497758368285190044844
657	484594	338	0.25194043216220679548555949622823
660	486807	339	0.25175612272181213668886812229175
663	489019	341	0.25157293745605868728887344332179
666	491232	342	0.2513905481305879763276323046739
669	493445	344	0.25120910392654188791894398491422
672	495658	345	0.25102861835644635357667198150011
675	497871	347	0.25084893578955408388608816494525
678	500083	348	0.25067026112041834728927369724261
681	502296	349	0.25049249765924952448870044463547
684	504509	351	0.25031557824935285472278678753355
687	506722	353	0.25013950910119292503352994572197
690	508934	354	0.24996436164443835981074926166912
693	511147	356	0.24979110223621145414618638369575
696	513360	358	0.24961767908437595964166177964216
699	515573	359	0.24944518719945074636257231759373
702	517785	361	0.24927367318196363976667839779111
705	519998	363	0.24910289400943691484613395914494
708	522211	364	0.24893301859391503416674140680698
711	524424	366	0.24876395087355818169783105986426
714	526636	368	0.24859573937821663469627253562066
717	528849	369	0.24842857952911862051692537534109
720	531062	371	0.24826314189283107958239327217598
723	533275	373	0.24809744570445604883168755350198
726	535487	374	0.24793273183339717413709024640411
729	537700	376	0.24776878571240235071826418788987
732	539913	377	0.24760560080395060955638086852559
735	542126	379	0.24744324522872798710615427353332
738	544338	380	0.2472817750382304002876310278225
741	546551	382	0.24712117088759941174735956792574
744	548764	383	0.24696223814520684713968989854038
747	550977	385	0.24680331072077035803324918106227
750	553190	386	0.24664497217511308080339915704826
753	555402	387	0.24648743272128417758359830713744
756	557615	389	0.24633075345435520575598786763294
759	559828	390	0.24617489889937907432404529117775
762	562041	392	0.2460197428546148645800428766961
765	564253	393	0.24586540791483282863971737697284
768	566466	395	0.24571184334565418505569311946601
771	568679	396	0.24555901518875694611310223081091
774	570892	397	0.24540697764911492684269944675179
777	573104	399	0.2452557072829862072627093994015
780	575317	400	0.245105168879679508053825998104
783	577530	402	0.24495544935074956005571777950536
786	579743	404	0.24480638866686452170817744899978
789	581955	406	0.24465833256809399465225851599826
792	584168	407	0.24451072795201136966802835104318
795	586381	409	0.24436384964419927134926524558978
798	588594	410	0.24421786709914578006319629821519
801	590806	412	0.24407258881291732377505354634195
804	593019	414	0.24392795093378891180257994619751
807	595232	415	0.24378397223948555794237336158403
810	597445	417	0.24364071187253197314781516524818
813	599657	419	0.24349818656884544831875416548428
816	601870	421	0.24335637150580877174910199300939
819	604083	422	0.24321638777373538742310188354168
822	606296	424	0.24307617120799407395281832577894
825	608509	425	0.24293643977898912722501734151592
828	610721	427	0.24279736817207805965601608022553
831	612934	428	0.24265902300516753453685225849767
834	615147	430	0.24252142139455978853135320605361
837	617360	431	0.2423844955656558330936434231262
840	619572	433	0.24224815289516563043825669865328
843	621785	434	0.24211257667983415720058815168159
846	623998	436	0.24197762013673346226383387147507
849	626211	437	0.24184334261698728352207865555101
852	628423	438	0.24170965025766227851633516365837
855	630636	440	0.24157664594295899518350267953792
858	632849	441	0.24144432697394249687228295897512
861	635062	443	0.24131265501297419207027417087374
864	637274	444	0.24118159385608092803998658837372
867	639487	445	0.24105122030234235608325832345145
870	641700	447	0.24092150803151196614138029872265
873	643913	448	0.24079237024609709272304769456241
876	646125	450	0.24066387090067681286953416019969
879	648338	452	0.2405361220406045108521908559851
882	650551	453	0.2404088828179080927771593678699
885	652764	455	0.24028231857144952132721016369032
888	654976	457	0.24015628370651354028808555085561
891	657189	458	0.24003192063006728584895199674065
894	659402	460	0.23990709814987570824840190653049
897	661615	462	0.23978397513546542696438734765252
900	663828	463	0.23966040606111047028825566940213
