0	0	0	0.69314718055914625871594125783304
3	453	1	0.64910614751189465998493233200861
6	906	2	0.60495406319328837163595835590968
9	1359	4	0.56865336313298697756835053951363
12	1812	5	0.52502280879632334809059557301225
15	2265	7	0.49851133827055321701138268508657
18	2718	9	0.47862215265226570881651468880591
21	3171	10	0.45958271059106775568992020453152
24	3624	12	0.4434036623290974477029635636427
27	4078	13	0.42766698683809400982624993048375
30	4531	15	0.41530092857036465803233227234159
33	4984	16	0.40489440668245524346247066205251
36	5437	17	0.39530367996248133577452676945541
39	5890	18	0.38688599579218607704689247839269
42	6343	20	0.38028162381648289436242293959367
45	6796	21	0.3736746730274712047226159938873
48	7249	23	0.36757871357824234426203702241764
51	7702	25	0.36216119807453939216657090582885
54	8156	26	0.35722727822216548965172933094436
57	8609	27	0.35408122058832319778431951817765
60	9062	29	0.35015430144314202420829928996682
63	9515	30	0.34628175696907087521836388077645
66	9968	32	0.34291062174062242329242167215853
69	10421	33	0.33973708642941591318020755352336
72	10874	35	0.33802621569991919692199644487118
75	11327	36	0.33549832045190691731662013808091
78	11780	37	0.3328492399117205513547901318816
81	12234	39	0.33059532481532682979263881861698
84	12687	40	0.32837726406170342219326130361878
87	13140	41	0.32731378133496130677926316820958
90	13593	43	0.32558854523452590568055597941566
93	14046	44	0.32370084151913602887873366853455
96	14499	46	0.32209180717357926981847526803904
99	14952	47	0.32045083035637672574935663760698
102	15405	49	0.31969764567466724125566202019399
105	15858	50	0.31844784536829590093631736635871
108	16312	51	0.31702966444942892731972960973508
111	16765	53	0.31581917085551708401780501844769
114	17218	54	0.31455004898314559147465274691058
117	17671	56	0.31394656839239798440388540257118
120	18124	57	0.31300237306262612690943569759838
123	18577	58	0.31190233004381179293673653774022
126	19030	60	0.31094828459799556119591557035164
129	19483	61	0.30991311642329361086822814286279
132	19936	63	0.30938218066685535534432460735843
135	20390	64	0.30863784396004895205223306220432
138	20843	66	0.30775278970923330978948229130765
141	21296	67	0.30696742602682081102472011480131
144	21749	68	0.30608751261112815411635779128119
147	22202	70	0.30558826487049389752925776519987
150	22655	71	0.30498170091667992087636207543255
153	23108	72	0.30425489497985852560546504719241
156	23561	74	0.30358739242631765931079712572682
159	24014	75	0.30282059881895617703406742293737
162	24468	77	0.30233350196379565888449292287987
165	24921	78	0.30182227403864264614341550441168
168	25374	80	0.30120549490875664355726826215687
171	25827	81	0.3006213138112137639446075354499
174	26280	83	0.2999370371068355578536568373238
177	26733	84	0.29945303185446581206718974499381
180	27186	86	0.29901259238014643582204143967829
183	27639	87	0.29848052347431575093139599630376
186	28092	88	0.29795706323088705369528383926081
189	28546	90	0.29733309545479336133411152331973
192	28999	91	0.29684701031346449884296134769102
195	29452	92	0.29645935294513470203980887163198
198	29905	94	0.29599241806778447960724065524118
201	30358	95	0.29551488528984903858543020760408
204	30811	96	0.29493694493191119354591478440852
207	31264	97	0.29444855333203562297583744111762
210	31717	99	0.29409926928535390366903357062256
213	32170	100	0.29368248795963564079514185323205
216	32624	101	0.29323919959796190815026761811168
219	33077	102	0.29269833345373119648513693391578
222	33530	104	0.29220725998227226050119043065934
225	33983	105	0.29188865393675739179357719876862
228	34436	106	0.29151186050123706339221030248154
231	34889	107	0.29109575291333339430721593998896
234	35342	109	0.29058580509367182287405739771202
237	35795	110	0.29009453541594160119743150971772
240	36248	111	0.28980063376302556132912968678284
243	36702	113	0.28945557146504441448087163735181
246	37155	114	0.28906141421013198389289300394012
249	37608	115	0.28857662317895999004591089942551
252	38061	116	0.28808450356575310280504709226079
255	38514	118	0.28780949360179985951901926455321
258	38967	119	0.28749047807741628934863342692552
261	39420	120	0.28711428589467463678985836850188
264	39873	121	0.28665127921400568311582901515067
267	40326	123	0.28616114175312695744324287261406
270	40780	124	0.28590164982235632962215277075302
273	41233	125	0.28560415773584030274534484306059
276	41686	126	0.28524324742529438836413646640722
279	42139	128	0.28479923315505445424733466097678
282	42592	129	0.28431131132375786485511071077781
285	43045	130	0.28406434770745370155253795019235
288	43498	131	0.28378550507796868052068361976126
291	43951	133	0.2834378351127503359307979735604
294	44404	134	0.28301106033774159342897291935515
297	44858	135	0.28252837030927208106234616025176
300	45311	137	0.2822922769009065802059410543734
303	45764	138	0.28202878341131693007426406438753
306	46217	139	0.28169282076987295360126495324948
309	46670	141	0.28128199027039052504406413390825
312	47123	142	0.28080335109660270465070652790018
315	47576	143	0.28057665349814708832809628802352
318	48029	144	0.28032654716961613594605751131894
321	48482	146	0.28000193163938053020345364529931
324	48936	147	0.27960533858290859132722516733338
327	49389	148	0.27913297275954318532598108504317
330	49842	149	0.27891420360450180915279361215653
333	50295	151	0.27867609967093204259569461100909
336	50748	152	0.2783597406441277177790993846429
339	51201	153	0.27797661519219196701868668242241
342	51654	155	0.27751196618773843471927875725669
345	52107	156	0.27730001401591169996052599344694
348	52560	157	0.2770720465627641293515637244127
351	53014	158	0.27676430756273462385763650672743
354	53467	159	0.27639380663580787045319198114157
357	53920	161	0.27593675244749432673430078466481
360	54373	162	0.27573153357976787347638492065016
363	54826	163	0.27551279408992784825116473257367
366	55279	165	0.27521324570705896217504005107912
369	55732	166	0.27485472008419348233232426537143
372	56185	167	0.27440652898522738256659181388386
375	56639	168	0.27420675805043587258680304330483
378	57092	170	0.27399656936256339134772019860975
381	57545	171	0.2737045893977093635740516219812
384	57998	172	0.27335756542420613923738414996478
387	58451	173	0.2729169457856397418282767830533
390	58904	175	0.27272242305591248845431096015091
393	59357	176	0.27251974414639329458154293206462
396	59810	177	0.27223491002943606131836418171588
399	60263	179	0.27189884186276264133041991044593
402	60717	180	0.27146694404659210686503456599894
405	61170	181	0.27127711287086109237520759052131
408	61623	182	0.27108139106831685705145673637162
411	62076	184	0.27080345283901219310962460440351
414	62529	185	0.2704780186930626495467322456534
417	62982	186	0.27005606122570968707918837026227
420	63435	187	0.26987051625672581200987565352989
423	63888	189	0.26968146279928034703132766480849
426	64341	190	0.26941015359365572123806487070397
429	64795	191	0.26909470725091161336095524347911
432	65248	192	0.26868198547596533476422564490349
435	65701	194	0.2685009567776764360935715103551
438	66154	195	0.26831781619677130823475863508065
441	66607	196	0.26805284610741331174921242563869
444	67060	197	0.26774729639074706932788672020251
447	67513	199	0.2673432058646871833929026252008
450	67966	200	0.26716614621625645042968244524673
453	68419	201	0.2669887461953822094251620455907
456	68873	203	0.26672979949563568879966624081135
459	69326	204	0.26643367661130640255962021001324
462	69779	206	0.26603926785064568871774781655404
465	70232	207	0.26586600750324773656529941945337
468	70685	209	0.26569377279535388858278111001709
471	71138	210	0.26544072550448699621128412218241
474	71591	211	0.26515404096440381431776245335641
477	72044	213	0.264768643083290733386547799455
480	72497	214	0.26459868090764648851376250604517
483	72951	216	0.26443139013342586984833815222373
486	73404	217	0.2641841912538245296104832959827
489	73857	219	0.26390623246303596127759760747722
492	74310	220	0.2635303625485253542493069289776
495	74763	221	0.26336423932754160492919481839635
498	75216	223	0.26320163713559580065393106451666
501	75669	224	0.26296001712258809668298908945872
504	76122	226	0.26269053455303081889837812923361
507	76575	227	0.26232408414313512778903714206535
510	77029	229	0.26216130752225813571598678208829
513	77482	230	0.26200326673647156283664116926957
516	77935	231	0.26176897792756609328890249344113
519	78388	233	0.2615079793412382058725995648274
522	78841	234	0.26115166431598990648410563153448
525	79294	236	0.26099231598229033490810024886741
528	79747	237	0.26083856482072509397340809300658
531	80200	239	0.26060759614320366805984008351516
534	80653	240	0.26035489390795651942767108266708
537	81107	242	0.26000686566059449944532389054075
540	81560	243	0.25985076655871103268324873170059
543	82013	245	0.25970122785647625773819413552701
546	82466	246	0.25947544126709376488548741690465
549	82919	247	0.25923020942092961371727710684354
552	83372	249	0.2588911326416810654293954030436
555	83825	250	0.25873804966394187143663430106244
558	84278	252	0.25859239673966383232794896684936
561	84731	253	0.25837182748543591204182234832842
564	85185	255	0.25813415818199636486696135762031
567	85638	256	0.25780368599306807686488696162996
570	86091	258	0.2576538559222235069690043474111
573	86544	259	0.25751188607877062430873138509924
576	86997	260	0.25729600861151763480094700753398
579	87450	262	0.25706563359197426299473931976536
582	87903	263	0.25674372064515671443274413832114
585	88356	265	0.25659662804592198170894334907643
588	88809	266	0.25645838982187801891043932300818
591	89263	267	0.25624725022215316672102858319704
594	89716	269	0.25602416525662469171109592025459
597	90169	270	0.25571089152769271857223998267727
600	90622	272	0.25556681599588770836817275267094
603	91075	273	0.25543216012772668177532864319801
606	91528	275	0.25522573529789094326503118281835
609	91981	276	0.25500921135031090480893567473686
612	92434	278	0.25470408620487805517740298455465
615	92887	279	0.25456302967057897745917216525413
618	93341	281	0.25443173133700086596675760119979
621	93794	282	0.25422982362908541631441039498895
624	94247	283	0.25402018132911446945954025977699
627	94700	285	0.25372282685379715649887089057302
630	95153	286	0.25358428884756040178061198275827
633	95606	288	0.25345636644332614206831522096763
636	96059	289	0.25325916159066702570967777319311
639	96512	291	0.25305581313178437952160493296105
642	96965	292	0.25276680905225584750084522056568
645	97419	294	0.25263107084004182700809337802639
648	97872	295	0.25250623507895564312519809391233
651	98325	296	0.25231325767021062222994487456162
654	98778	298	0.25211585378788758937673719628947
657	99231	299	0.25183444241811259178831505778362
660	99684	300	0.25170148564662142565140356964548
663	100137	302	0.2515797884872033041148142729071
666	100590	303	0.25139085483438255996802013214619
669	101043	305	0.2511999024686738524181350840081
672	101497	306	0.25092595270928819140010546107078
675	101950	308	0.25079557377867389700298872412532
678	102403	309	0.25067687313708847396398482487712
681	102856	311	0.2504922685462028786318455786386
684	103309	313	0.25030679810322375988818066616659
687	103762	315	0.25003979060520842292447696308955
690	104215	317	0.24991219614670492910057930657786
693	104668	319	0.24979739551451765611211897066823
696	105121	321	0.24961670677334404921943189492595
699	105575	323	0.24943693615461029478019838734326
702	106028	325	0.24917720056266537409506156564021
705	106481	327	0.24905221918062939168159175551409
708	106934	329	0.24893922153844044720116812641209
711	107387	331	0.24876249669552252807847025906085
714	107840	333	0.24858843275896014279879864261602
717	108293	335	0.24833588639688317090126190578303
720	108746	337	0.24821425249687278924426436788053
723	109199	339	0.2481040288830967666111604330581
726	109653	341	0.24793112487488275230695933259994
729	110106	343	0.24776228853894724513118319464411
732	110559	345	0.24751578990852851624993036239175
735	111012	347	0.24739572353431990570094001213874
738	111465	349	0.24728813484091366481365525942238
741	111918	351	0.24711900817454465761890958219738
744	112371	353	0.24695624659047366034059223238728
747	112824	355	0.24671620247315825813494427620753
750	113278	357	0.24659855167834368594448335443303
753	113731	359	0.24649354455584607248574968707544
756	114184	361	0.24632796278693688818428597642196
759	114637	363	0.24616916414078002239840259335324
762	115090	365	0.24593540623515833254408846642036
765	115543	367	0.24582007747624151638987655132951
768	115996	369	0.24571762550294590221611201741325
771	116449	371	0.24555561991472399374636381708115
774	116902	373	0.24540133438227532125530672146851
777	117356	375	0.24517395642220177198744579527556
780	117809	377	0.24506086619219119571155829362397
783	118262	379	0.24496079530180278616136035907402
786	118715	381	0.24480227245256136470175079011824
789	119168	383	0.24465291342759390436079058872565
792	119621	385	0.24443128448110021389005908076797
795	120074	387	0.24432043672168560211055421405035
798	120527	389	0.24422277001114958694394374560943
801	120980	391	0.24406767036362134182247984881542
804	121434	393	0.24392348773011543472399864640465
807	121887	395	0.24370680499393690410236956722656
810	122340	397	0.24359817087472218632981935115822
813	122793	399	0.24350388328015104555390735185938
816	123246	401	0.24335214260353485449250854344427
819	123699	403	0.2432111465433785812972899975648
822	124152	405	0.24300117819717451106420469386649
825	124605	407	0.2428947001570718189356057337136
828	125058	409	0.24280159526279898596357043061289
831	125512	411	0.24265302776366465264956673308916
834	125965	413	0.24251663803463424651241098217724
837	126418	415	0.24231203506073548115118398982304
840	126871	417	0.24220757618050431370093633631768
843	127324	418	0.24211673547392936756139647513919
846	127777	420	0.2419713670870800303891456906058
849	128230	422	0.24183908179570784424683438373904
852	128683	423	0.24163966819947957365144475261332
855	129136	425	0.2415374309716409040316165146578
858	129590	427	0.24144866072098361553521783662291
861	130043	428	0.24130627077943306302287851394794
864	130496	430	0.24117772619689034629963941824826
867	130949	432	0.24098350159764372890869310595008
870	131402	433	0.24088316391696032447988784497284
873	131855	435	0.24079649926174812035739591919992
876	132308	437	0.24065718181610210035792363214568
879	132761	438	0.24053378502315028719671374801692
882	133214	440	0.24034468764048352862339186231111
885	133668	442	0.24024632482126753729723134256346
888	134121	443	0.24016170221462751488417097789352
891	134574	445	0.2400252737928952051493780572855
894	135027	447	0.23990426830361075150044314341358
897	135480	449	0.23972137655089281738085560391482
900	135933	450	0.23962484833300559672331075944385
