0	0	0	0.69314718055914625871594125783304
3	2331	13	0.63905793319403347840790274858591
6	4663	28	0.59433542703250008543136573280208
9	6994	44	0.55746231413277858024457600549795
12	9326	60	0.52641554566161963268910994884209
15	11657	75	0.50012757006487806865635548092541
18	13989	91	0.47790465774930024345223955606343
21	16320	107	0.45903807557445458487066503039387
24	18652	123	0.4427531378953735163861438195454
27	20987	139	0.4287515351203390334688947405084
30	23319	154	0.41656115821358713491306957621418
33	25650	170	0.40592674862781252809185161822825
36	27982	185	0.39660739126815436339512643826311
39	30313	201	0.38840225524712274074445872429351
42	32645	217	0.38113319657088129410738019942073
45	34976	233	0.37465556373128267031447080626094
48	37308	246	0.36885658322501563288753345659643
51	39640	260	0.36365435990906630481234174112615
54	41971	273	0.35896693565007364856711546963197
57	44303	287	0.35472677764411103540354019969527
60	46634	304	0.35087716580737215998908595793182
63	48966	319	0.34736712525435908816007213317789
66	51301	332	0.34415979272905344865662868869549
69	53632	346	0.34122296564913362493243198514392
72	55964	359	0.3385172792103003924779613953433
75	58296	373	0.33602744616824942180954849391128
78	60627	387	0.33371975260595043710765139621799
81	62959	400	0.33158622695629758059254754698486
84	65290	414	0.32960098725049158385758119038655
87	67622	427	0.32774606129750227800911943631945
90	69953	441	0.32601260352984540169529736886034
93	72285	455	0.324388190617359573053590793279
96	74616	470	0.32286321512517940357511747606623
99	76948	486	0.32142571628263161276350956541137
102	79280	501	0.32007044492729413986964459581941
105	81611	517	0.31878870831873018509838857426075
108	83943	532	0.31757366808297526894477869063849
111	86274	548	0.31642162199887829965305741097836
114	88606	564	0.31532371642637968545130888742278
117	90937	580	0.31427811081114970237493366767012
120	93269	598	0.31327871219021358184519954193092
123	95601	615	0.31232153461309691833136525929149
126	97932	631	0.31140416104332685476308029137726
129	100264	648	0.31052416770154184222363369372033
132	102595	664	0.309678164640671160778850889983
135	104927	678	0.30886250377676843781316051718022
138	107258	691	0.30807510047484454318578173115384
141	109590	705	0.30731475616531017669430525529606
144	111921	721	0.30657906502578924357038658854435
147	114253	735	0.30586687073620194565748420245654
150	116585	753	0.30517619402112866611176400510885
153	118916	766	0.30450509884612192434971689181111
156	121248	781	0.30385220682616698173461600163137
159	123579	795	0.30321621179441293758571873695473
162	125911	808	0.30259647175034581900732177928148
165	128242	822	0.30199191679662862330957295853295
168	130574	836	0.30140214708966384105082170208334
171	132905	849	0.30082491064979660633227354082919
174	135237	863	0.30026031828236277032573298129137
177	137569	877	0.29970756214082966417677766912675
180	139900	892	0.29916493824298368009451110083319
183	142232	904	0.29863307832643809502926046661742
186	144563	917	0.29811042895583056422381673655764
189	146895	929	0.29759747638766209654193062306149
192	149226	941	0.2970932318986644338210112437082
195	151558	953	0.29659734834800138836286009791365
198	153890	966	0.2961090183193628155855492423143
201	156221	978	0.29562942895416566280175629799487
204	158553	990	0.29515596529738141740040191507433
207	160884	1002	0.29468878254707842057058542195591
210	163216	1014	0.29422816462607370713300269926549
213	165547	1025	0.29377348636414346572109934641048
216	167879	1037	0.2933244408574088302188442867191
219	170210	1050	0.29288124405068516331596129020909
222	172542	1063	0.29244319778752858596249097899999
225	174874	1075	0.29201005015497927264078725784202
228	177205	1087	0.29158173628516642628127897296508
231	179540	1099	0.29115803230542341983877463462704
234	181872	1113	0.29074021742194461337405186895921
237	184203	1127	0.29032517609052194140772940045281
240	186535	1141	0.28991436558673133738750493648695
243	188866	1154	0.28950772002130764626315340137808
246	191198	1168	0.2891048155826031473836223995022
249	193533	1181	0.28870563343261596012112590869947
252	195865	1195	0.28830995854416208157289247537847
255	198196	1209	0.2879177954568137853819109750475
258	200528	1222	0.28752906645808967711630543817591
261	202859	1236	0.28714349221480828244779104352347
264	205191	1249	0.28676109058444859689629424792656
267	207522	1263	0.28638167012313903159181904811703
270	209854	1277	0.28600532753596169532883664032852
273	212186	1291	0.28563188414022189220986547297798
276	214517	1304	0.2852612472083059236283020254632
279	216849	1318	0.28489327091319671669822355397628
282	219180	1337	0.28452800428325331072443304947228
285	221512	1357	0.28416530503031089960330746180261
288	223843	1376	0.28380530575534890225242179440102
291	226175	1395	0.283447696687403494220092170508
294	228506	1414	0.2830926694125192044637628896453
297	230838	1432	0.28274002073558529568586550340115
300	233170	1452	0.28238959919055323100067766972643
303	235501	1472	0.28204151021957912792714751049061
306	237833	1491	0.2816958349008236717203601529036
309	240164	1511	0.28135226346992853185824401407444
312	242499	1529	0.28101102987951454004189599800156
315	244831	1548	0.28067170490359466539231902970641
318	247162	1564	0.28033466378408911090502897422994
321	249494	1579	0.28000067308844794888855744829925
324	251826	1595	0.27966765569239632194253886154911
327	254157	1611	0.27933665496682957840590688647353
330	256489	1626	0.27900765439678493207154019728478
333	258820	1642	0.2786806515082606572342172057688
336	261152	1658	0.27835562938970731527987823028525
339	263483	1673	0.2780325882415382587886654164322
342	265815	1689	0.27771131315627733959772172056546
345	268147	1706	0.2773917752191991104027124492859
348	270478	1722	0.27707410645364910495302979143162
351	272810	1738	0.27675834821125350204695791944687
354	275141	1756	0.27644429033771195092228367684584
357	277473	1770	0.27613212796561631412473047930689
360	279804	1785	0.27582163258244363213123051536968
363	282136	1798	0.2755128935634062470327876326337
366	284467	1812	0.27520585922424428693133791057335
369	286799	1827	0.27490147126397052046442581740848
372	289131	1841	0.27459783651084435085465429438045
375	291462	1856	0.27429586877267359001919544425618
378	293794	1869	0.27399557181700634478360711909772
381	296125	1885	0.27369678632233601645040721450641
384	298457	1898	0.27339970291840470784094918599294
387	300788	1911	0.27310420112902050737702097649162
390	303120	1925	0.27281032717681935606535148508556
393	305451	1939	0.27251794104700927112716613009979
396	307783	1953	0.27222726307954447921844121083268
399	310115	1966	0.27193804624775153033766628141166
402	312446	1979	0.27165034103817042865358644121443
405	314778	1990	0.27136428307636917267586795787793
408	317109	2002	0.27107966825265572552439152786974
411	319441	2014	0.27079652529125824989009174714738
414	321772	2026	0.27051500933513650259953919885447
417	324104	2038	0.27023491444374825309893140001805
420	326436	2050	0.26995639915798635977139952046855
423	328767	2062	0.26967926236054423627663823026523
426	331099	2074	0.26940358989269402867350322594575
429	333430	2085	0.26912939746798730800136922880483
432	335762	2097	0.26885757189530806732236101197486
435	338093	2109	0.268586154402063292945257444444
438	340425	2121	0.26831623618848365886435658467235
441	342756	2133	0.26804766567590021519862375498633
444	345088	2144	0.26778057513553443769183104450349
447	347420	2157	0.26751489630372699002336389639822
450	349751	2169	0.26725053851278729455387406233058
453	352083	2181	0.26698767257323463564233634315315
456	354414	2194	0.26672609334968089278561365063069
459	356746	2208	0.26646594439135284915209922473878
462	359077	2221	0.26620702210531255182957011129474
465	361409	2235	0.26594951311907250035559968637244
468	363740	2248	0.26569327596218933473792844779382
471	366072	2262	0.26543840953125946713342386829027
474	368404	2276	0.26518480820760376159839211140934
477	370735	2290	0.26493248999145069255689577403245
480	373067	2304	0.26468153448896930557410200890445
483	375398	2317	0.26443188142213946978387184572057
486	377730	2330	0.26418350169018162132417160137265
489	380061	2344	0.26393643537473227000944575593167
492	382393	2357	0.26369060389307280578563563722128
495	384725	2371	0.26344607956525989411744603785337
498	387060	2385	0.26320282029235797516264483419945
501	389391	2398	0.26296075780491179330056183971465
504	391723	2417	0.26272006150045584815799770694866
507	394054	2436	0.26248050521737881224382249456539
510	396386	2454	0.26224224864961803715956989435654
513	398717	2473	0.2620052124892419120882891547808
516	401049	2492	0.2617704318645403538390326048102
519	403381	2511	0.26153777461362315293058600218501
522	405712	2530	0.2613044031828203328515769499063
525	408044	2549	0.26107218970625306608823734677571
528	410375	2568	0.26084119570768243834280042392493
531	412707	2587	0.2606113145126330299383710098482
534	415038	2606	0.26038264516975168083590119749715
537	417370	2626	0.26015517495345547027696397890395
540	419701	2643	0.25992887485483057163904163644474
543	422037	2659	0.25970372240693095911012733267853
546	424368	2675	0.259479770959314570699660862374
549	426700	2690	0.25925699074802638355308204154426
552	429031	2708	0.25903530447890477095285177711048
555	431363	2724	0.25881471356868934741157772805309
558	433694	2740	0.2585953166816596371369030293863
561	436026	2755	0.25837703289970231912420217668114
564	438357	2771	0.25815989699435804016758311263402
567	440689	2787	0.25794390710910652941834086959716
570	443021	2802	0.25772897873080574671078579740424
573	445352	2818	0.25751509355280283175559929986775
576	447687	2834	0.25730232705590538877515882631997
579	450019	2847	0.25709068525900624635482927260455
582	452350	2861	0.25688015510471073898912663935334
585	454682	2874	0.25667072317219064014892637715093
588	457013	2888	0.2564622660322204983351923601731
591	459345	2902	0.25625484669414860805503053597931
594	461677	2916	0.25604853582960412916591508292186
597	464008	2930	0.25584333208369736123444226905121
600	466340	2943	0.25563917181707496162346160417655
603	468671	2957	0.25543601354315736973177308755112
606	471003	2971	0.25523398219122905850042570818914
609	473334	2984	0.25503297118806050880479574516357
612	475666	2998	0.25483291843336469684189182771661
615	477997	3012	0.25463389297955935086648082688043
618	480329	3025	0.25443585359765402698073444298643
621	482661	3039	0.2542388278120664701908992810786
624	484992	3052	0.25404285072212012819292681342631
627	487324	3068	0.25384785547950633466385284009448
630	489655	3085	0.25365381859081975735037417507556
633	491987	3102	0.25346080480849847438307165248261
636	494318	3119	0.25326876455537705723486396891531
639	496650	3135	0.25307771737285794655392123786442
642	498982	3152	0.25288771106764768026309297965781
645	501313	3167	0.25269859941459266172714137610456
648	503645	3183	0.25251048159323835617939835174184
651	505976	3199	0.25232324767072694671199428739783
654	508308	3215	0.25213699262936772882426339492667
657	510639	3231	0.25195171705923352645228874280292
660	512971	3247	0.25176735648586578975027805427089
663	515302	3262	0.2515839554828753765747251236462
666	517634	3278	0.25140150065723293471009469612909
669	519966	3291	0.25121994891800036864282219539746
672	522297	3305	0.25103932613107832194643265211198
675	524629	3319	0.25085962808288414516155739875103
678	526960	3332	0.25068086382321513871929141714645
681	529292	3346	0.2505030141721751313355071033584
684	531623	3360	0.25032604714965178693830694101052
687	533955	3373	0.2501499097579035213456677411159
690	536286	3387	0.24997476091247688989582798058109
693	538618	3401	0.24980143367375379215289399326139
696	540950	3415	0.24962802872327508052485711687041
699	543281	3429	0.24945548595424699156453129944566
702	545613	3442	0.24928378103581896874096912597452
705	547944	3456	0.24911305150130372276784385121573
708	550276	3470	0.24894309260512570425305511889746
711	552607	3484	0.24877401210893140826030389689549
714	554939	3497	0.24860573994308221568161343384418
717	557271	3509	0.24843843571128598757269401176018
720	559602	3521	0.24827298954660650953663036943908
723	561934	3533	0.24810725751027820629168729738012
726	564265	3545	0.24794248184246683863740656761365
729	566597	3557	0.24777841569738115468091166349041
732	568928	3569	0.24761523878481112026506139045523
735	571260	3581	0.24745285937186931035647319276904
738	573591	3593	0.2472912737451427866997022420037
741	575923	3605	0.24713052032348867270705738974357
744	578255	3617	0.24697156382799109741732479506027
747	580586	3629	0.2468124223671975259186694984237
750	582918	3641	0.2466541070430413318259610377936
753	585249	3653	0.24649654183812533259079202707653
756	587581	3665	0.24633980040883615703073417080304
759	589912	3677	0.2461838669694943748655902027167
762	592244	3689	0.24602870343510097050909735116875
765	594575	3700	0.2458743084016445923367655268521
768	596907	3713	0.2457206748093612447281230970475
771	599239	3727	0.24556779416201554577803278789361
774	601574	3740	0.24541571850870530502319866172911
777	603905	3754	0.2452644008669070396777556197776
780	606237	3768	0.24511384808095559861840229132213
783	608568	3782	0.24496400679178070847186177161348
786	610900	3796	0.24481494688100158274579598582932
789	613231	3810	0.24466661039503848074083691699343
792	615563	3823	0.2445190054848445648794097451173
795	617895	3837	0.24437212145309472610676948534092
798	620226	3851	0.24422601713984651294886418781971
801	622558	3865	0.24408061928058633061056070800987
804	624889	3879	0.24393592264217700549266965026618
807	627221	3893	0.24379191761910315450201380826911
810	629552	3907	0.24364863390589006075792610772623
813	631884	3920	0.24350607202231469572417665858666
816	634216	3940	0.24336423433687240369671656026185
819	636547	3959	0.2432241333534434224450393458028
822	638879	3978	0.24308369759893685979612598657695
825	641210	3997	0.24294397073132570352704817651102
828	643542	4015	0.242804935509800451365336471099
831	645873	4034	0.242666572860522844479191917344
834	648205	4053	0.24252887681538351505317052669852
837	650536	4072	0.24239187075728527154261371379107
840	652868	4092	0.24225557221005714070294345674483
843	655200	4111	0.2421199370551141427654329163488
846	657531	4132	0.24198495663031688307498257017869
849	659863	4151	0.24185061047190414829088922488154
852	662194	4168	0.24171690307386001217437865307147
855	664526	4184	0.24158387187917726435237852911087
858	666857	4199	0.24145150788016675469371818962827
861	669189	4215	0.24131975917326001224161302616267
864	671520	4231	0.24118868026920894931386385451333
867	673852	4247	0.24105824374285322875266501796432
870	676184	4263	0.24092842811336717678827312738576
873	678515	4279	0.24079926437409490680430224074371
876	680847	4295	0.24067080690800482511981783773081
879	683178	4311	0.24054289572133996655267651476606
882	685510	4327	0.24041560605108378001482094532548
885	687841	4343	0.24028895237375358373554945501382
888	690173	4359	0.24016290365521786309699336925405
891	692505	4372	0.2400374666030481718426159432056
894	694836	4387	0.23991365732646000030747757136851
897	697168	4400	0.23979043440586647606416192957113
900	699499	4414	0.23966684480950742330840341764997
