0	0	0	0.69314718055914625871594125783304
3	2212	1	0.6807537480151910624925903903204
6	4425	2	0.66888058979110420754210508675897
9	6638	4	0.65747990021839908258982632105472
12	8851	5	0.64651386576762093216785842741956
15	11063	7	0.63597868023881465315838568130857
18	13276	8	0.62584731684642069815538434340851
21	15489	10	0.61611550107322710090329564991407
24	17702	11	0.60676616494183821526320343764382
27	19914	13	0.59777368908541417269475459761452
30	22127	15	0.58913290412596142076040450774599
33	24340	16	0.58082575491891030861069111779216
36	26553	18	0.57283420104858662202929053819389
39	28765	20	0.56515665298988260190071741817519
42	30978	21	0.55776085066469549555989715372561
45	33191	23	0.55064067185984355567995862656971
48	35404	25	0.54377948218184002371344831772149
51	37616	26	0.53717026178485627330161378267803
54	39829	28	0.53081179722928495401390591723612
57	42042	30	0.52468876484215698496882396284491
60	44255	31	0.51877977682024434269436596878222
63	46467	33	0.51307920717009203315228660358116
66	48680	34	0.50758742411189017307293624980957
69	50893	36	0.50228427243823059455962720676325
72	53106	37	0.49716382990438451328074620505504
75	55319	38	0.49222775166032095572887783418992
78	57531	40	0.48745716551832318774728491916903
81	59744	41	0.48284814076043308661567721173924
84	61957	43	0.47839684091036122071116665210866
87	64170	44	0.47409527960962682957557490226463
90	66382	46	0.46993696425773251457158607991005
93	68595	47	0.46591508779441614951366545938072
96	70808	48	0.46202204437761124067307605400856
99	73021	50	0.45825665678304172701018615043722
102	75233	51	0.45461044004189155032236158149317
105	77446	53	0.45108249949278172996613989198522
108	79659	54	0.44766424953530714603289197839331
111	81872	56	0.44435447611603706707938954423298
114	84084	57	0.44114833542745252037420300439408
117	86297	59	0.43803988276578142979644781007664
120	88510	60	0.43502474445195582486434204838588
123	90723	62	0.43210375852242016714299666091392
126	92935	64	0.42926748600310282721892463086988
129	95148	65	0.42651570437372060551339814082894
132	97361	67	0.42384751352237504118392052987474
135	99574	69	0.42125691185640007363488734881685
138	101786	70	0.41874127395857868583206595758384
141	103999	72	0.41629715118795224126913012696605
144	106212	74	0.41392563915309132926978463729029
147	108425	75	0.41161803930446239085938486823579
150	110638	77	0.40937515927797446524394331390795
153	112850	79	0.40719583951901122675920419169415
156	115063	80	0.4050765482060730837687856364937
159	117276	81	0.40301441230512269342511899594683
162	119489	83	0.40100722142585931706548763031606
165	121701	84	0.39905395152139616632425145326124
168	123914	86	0.39715499451126745622531188928406
171	126127	87	0.39530532725600336929616673842247
174	128340	88	0.39350491540393656153540291597892
177	130552	90	0.39175250023175073321723971275787
180	132765	91	0.39004381371761748242832368305244
183	134978	93	0.38837880325158385952377670946589
186	137191	94	0.38675684634475049339386032443144
189	139403	96	0.38517522554184630001472555704822
192	141616	97	0.38363331418478069378963368762925
195	143829	99	0.38212931569202329695755793181888
198	146042	100	0.38066302850013294944986341761251
201	148254	101	0.37923180863492783609913772124855
204	150467	103	0.3778345577030862711964687150612
207	152680	104	0.37647140722477262508860462730809
210	154893	106	0.37514042507019540462209761244594
213	157105	108	0.37384073501681119866546509911132
216	159318	109	0.37257204008370198300426068271918
219	161531	111	0.37133258953215181330520522351435
222	163744	113	0.37012177462372353176078831893392
225	165957	114	0.3689388342640763651658630806196
228	168169	116	0.36778247619046461336367315198004
231	170382	118	0.36665257987998262079187838935468
234	172595	119	0.36554775433033276366145969404897
237	174808	121	0.36446701371825113158209319408343
240	177020	123	0.36341023810699318863370876897534
243	179233	124	0.36237635918355787234546028230397
246	181446	126	0.36136528642785298304218599696469
249	183659	128	0.36037610199502601027177206560737
252	185871	129	0.35940776123494849736417222629825
255	188084	131	0.35846014138400461579436750980676
258	190297	132	0.35753211541514823279541701595008
261	192510	134	0.35662343315954586620009081343596
264	194722	135	0.35573409990737109298564178061497
267	196935	136	0.35486252999901979343633229291299
270	199148	138	0.35400872749181755416714167949976
273	201361	139	0.3531723625746447936535332701169
276	203573	141	0.35235279250744167001130335847847
279	205786	142	0.35154960891239367404281779272424
282	207999	144	0.35076242626519410494623230079014
285	210212	145	0.34999033364126708178787339420523
288	212424	146	0.34923352920663502940712419331248
291	214637	148	0.34849117752545155646259900095174
294	216850	149	0.34776296363831954439049809479911
297	219063	151	0.34704873774788941309665801782103
300	221276	152	0.34634808386111620714942205268017
303	223488	154	0.34566046269829220349834031367209
306	225701	155	0.34498567956899472974896525556687
309	227914	157	0.3443237028388094200792579613335
312	230127	159	0.34367355143151179230898151217843
315	232339	160	0.34303544831672894144247720760177
318	234552	162	0.34240882693987967355653267986781
321	236765	164	0.3417932649678723233677146708942
324	238978	165	0.34118870883115720582523522352858
327	241190	167	0.34059482899157522695077204843983
330	243403	168	0.34001115296004968957532810236444
333	245616	170	0.33943780601971546007078472939611
336	247829	172	0.33887439563458326974298984168854
339	250041	174	0.33832043998033117793156065999938
342	252254	175	0.33777607910435603066900966950925
345	254467	177	0.33724080195754191358048501570011
348	256680	178	0.33671453509331739084586843091529
351	258892	180	0.33619709256321161916503115207888
354	261105	181	0.33568822158507011232941863454471
357	263318	183	0.3351875931481610448869901119906
360	265531	184	0.33469502192092959180769184968085
363	267743	185	0.33421028377403322329186607930751
366	269956	187	0.33373348528458102180138666881248
369	272169	188	0.33326414457638459110100370708096
372	274382	190	0.33280221587658603832338144457026
375	276595	191	0.33234757928034525109595165304199
378	278807	193	0.33189991251319728160495969859767
381	281020	194	0.33145913539867727370946681730857
384	283233	195	0.33102507695318922342764267341408
387	285446	197	0.33059758801435945585467379714828
390	287658	198	0.33017665800608952952899244337459
393	289871	200	0.32976184924443191492926530372642
396	292084	201	0.32935343365817809635487378727703
399	294297	203	0.32895086963089825715655933890957
402	296509	205	0.32855423772427916340177489473717
405	298722	206	0.32816323561235494210563956585247
408	300935	208	0.32777789961344094837869533876074
411	303148	210	0.32739801325735340409295304198167
414	305360	211	0.32702370144728043488413504746859
417	307573	213	0.32665444934947091004673325187468
420	309786	215	0.3262904355411584966795146556251
423	311999	216	0.32593149841973773073178222148272
426	314211	218	0.32557736571440454298453914816491
429	316424	220	0.32522812814135798609171956741193
432	318637	222	0.32488359772239155942585853154014
435	320850	223	0.32454360784538327511228317234782
438	323062	225	0.32420812552005479068029103473236
441	325275	226	0.32387708878061866046849104350258
444	327488	228	0.32355046136151016655801981869445
447	329701	229	0.32322802091604158070126118218468
450	331914	230	0.32290978105598860947722528180748
453	334126	232	0.32259555180025428766654727041896
456	336339	233	0.32228527281892266342921971045143
459	338552	235	0.32197893137281535791416331449
462	340765	236	0.32167640044264300680509904850624
465	342977	238	0.32137753638582294835046582193172
468	345190	239	0.32108241484668620380205084074987
471	347403	241	0.32079087510092779700343612603319
474	349616	242	0.32050283689610731263641696386912
477	351828	243	0.32021826909690176421463547740132
480	354041	245	0.31993712920769867835701916192193
483	356254	246	0.31965933806014684703811212784785
486	358467	248	0.31938468093850203022299183430732
489	360679	249	0.3191131798279858711175904772972
492	362892	251	0.31884486485318697113200414605672
495	365105	252	0.31857958066815894593304392401478
498	367318	254	0.31831735453743309482987910996599
501	369530	256	0.31805809938032775230354332052229
504	371743	257	0.31780169173842848229227797673957
507	373956	259	0.3175480894629679751162143475085
510	376169	261	0.31729736312507900164447960378311
513	378381	262	0.31704930501346745286284090070694
516	380594	264	0.31680382021134811942886244651163
519	382807	266	0.31656097875000649422005949418235
522	385020	267	0.31632072108994085946065411008021
525	387233	269	0.3160829900174629281117688606173
528	389445	271	0.3158477086053508298135739096324
531	391658	272	0.31561488550185168300288296450162
534	393871	274	0.31538451877583256743875494976237
537	396084	275	0.31515642956542916364170991982974
540	398296	277	0.3149306643446679876419125321263
543	400509	278	0.314707100936504557964212835941
546	402722	279	0.31448567821365386310006329040334
549	404935	281	0.31426648341812185583066252547724
552	407147	282	0.3140494194637203362319155530713
555	409360	284	0.31383444331013549133402307234064
558	411573	285	0.31362158066103906772781328982092
561	413786	287	0.31341070330431514134872372778773
564	415998	288	0.31320188711220581234684345872665
567	418211	289	0.31299502473217893916412890575884
570	420424	291	0.31278997354541965281171655988146
573	422637	292	0.31258680661749993490161614317913
576	424849	294	0.31238553729110618562003764964174
579	427062	295	0.31218606188798603273681919745286
582	429275	296	0.31198829664471150469040594543912
585	431488	298	0.31179234693975349523853424216213
588	433700	300	0.31159818401163391632380239570921
591	435913	301	0.31140559536068807000575020538236
594	438126	303	0.31121472946626038691420035320334
597	440339	305	0.31102548006197244800929979646753
600	442552	306	0.31083780595746152153324715072813
603	444764	308	0.31065177059145160365360993637296
606	446977	309	0.31046730033091479716844673930609
609	449190	311	0.3102842818071647745803431917011
612	451403	313	0.31010277574084216256622426044487
615	453615	314	0.30992275047637091178742707597848
618	455828	316	0.30974418516790036548513853631448
621	458041	318	0.30956698350543776498966508370358
624	460254	319	0.30939125153718560756743727324647
627	462466	321	0.30921686988059177148002731883025
630	464679	322	0.3090438991918266209424359658442
633	466892	324	0.30887224818481084920307466745726
636	469105	325	0.3087018743620982830222487791616
639	471317	327	0.30853276806166834989042513370805
642	473530	328	0.30836491486352363144973764974566
645	475743	330	0.308198336927608229629527158977
648	477956	331	0.30803308007729246487116370190051
651	480168	332	0.30786889867330979875248431198997
654	482381	334	0.30770596093628382883267136094219
657	484594	335	0.30754421345156623956995645130519
660	486807	337	0.30738360120038271672271434908907
663	489019	338	0.30722412528173642654039099397778
666	491232	340	0.3070657524806329474742483398586
669	493445	341	0.30690842966550335724207343446324
672	495658	342	0.30675219663243646905925743340049
675	497871	344	0.30659707200138464067151744529838
678	500083	345	0.3064429839468441052474645402981
681	502296	347	0.30628993987072850035957571890322
684	504509	348	0.30613788900381438962128299863252
687	506722	350	0.30598684138351645023234937070811
690	508934	352	0.30583677627038002855286435988091
693	511147	353	0.30568764413016114023236013963469
696	513360	355	0.30553948025302118951529450896487
699	515573	357	0.3053921983841363374523325546761
702	517785	358	0.30524586609299964035102448178804
705	519998	360	0.30510050316826631267019820370479
708	522211	362	0.3049559995783389654278039415658
711	524424	363	0.30481241984538265388238187370007
714	526636	365	0.3046696659334045542699698216893
717	528849	367	0.30452781501395248531238735267834
720	531062	368	0.30438679638456589415795860986691
723	533275	370	0.30424656721738246867303701037599
726	535487	371	0.3041071656829375524644376582728
729	537700	373	0.30396858467750453858258197215036
732	539913	374	0.30383078537586744038989650107396
735	542126	376	0.30369378351929643411466486213612
738	544338	377	0.30355753965821352657883380743442
741	546551	378	0.30342211892818660157189469828154
744	548764	380	0.30328742467304986574205827309925
747	550977	381	0.30315345268399918055024500063155
750	553190	382	0.30302020435461735070603594977001
753	555402	384	0.30288767219480078329851835405861
756	557615	385	0.30275585007108957169563723255123
759	559828	387	0.30262472832229259100955687245005
762	562041	388	0.30249428483469698036856243561488
765	564253	390	0.30236450644029133627554983831942
768	566466	391	0.30223538832480584259698730420496
771	568679	392	0.30210695810900756175243486723048
774	570892	394	0.30197916840155075712814891630842
777	573104	396	0.30185205712258444954443348251516
780	575317	397	0.30172554021615466401939897878037
783	577530	399	0.30159967000516058055481494193373
786	579743	401	0.30147441776268341095956770914199
789	581955	402	0.30134978030596698550525047721749
792	584168	404	0.30122572869226971192802011501044
795	586381	406	0.30110227852383281144099669290881
798	588594	407	0.30097939257709888094538541736256
801	590806	409	0.3008570583125385611289459575346
804	593019	411	0.300735297224945519189986953279
807	595232	412	0.30061409916512737972027480282122
810	597445	414	0.30049345019519063670898617601779
813	599657	415	0.3003734000068261078553177867434
816	601870	417	0.30025384577850861012038308217598
819	604083	419	0.30013483548941605194571025094774
822	606296	420	0.30001634813858252259777259496332
825	608509	422	0.2998983979619754269840825600113
828	610721	423	0.29978095551682731878528898050718
831	612934	424	0.29966401078536891722237101021165
834	615147	426	0.29954756422720452135877167165745
837	617360	427	0.29943160599756291073703096117242
840	619572	429	0.29931613938506546057638502134068
843	621785	430	0.29920112612361882131750689950422
846	623998	432	0.29908658424756223714879865838157
849	626211	433	0.29897253749428892577455485479732
852	628423	435	0.29885893758985326851274066939368
855	630636	436	0.29874578500530701852255788253387
858	632849	437	0.29863310841123419381304415765044
861	635062	439	0.2985208603232073487632192154706
864	637274	440	0.29840904033711268539263983257115
867	639487	442	0.29829767156757380774934063083492
870	641700	443	0.29818674042880749519568439609429
873	643913	445	0.29807620066961859617293839619379
876	646125	447	0.29796607803770941425014484593703
879	648338	448	0.29785639723811319079516124475049
882	650551	450	0.29774711149348365157862872365513
885	652764	452	0.29763822158024327846348455750558
888	654976	453	0.29752973605999116779585733638669
891	657189	455	0.29742165265314834954324396676384
894	659402	457	0.29731396049910557843887204398925
897	661615	458	0.29720663897158039468138213123893
900	663828	460	0.29709971693529457770210910894093
