0	0	0	0.69314718055895352399886633065762
3	7767	21	0.69314717762949074053580034160404
6	15534	46	0.69314717579919071788197015848709
9	23301	68	0.69314716702575684958986812489456
12	31068	90	0.69314704494767698239598985310295
15	38835	112	0.6931470098034467897107901990239
18	46602	134	0.69314700681606211674079531803727
21	54369	156	0.69314700491055936115714075640426
24	62136	178	0.69314699596904894018933873667265
27	69903	200	0.69314699258276690763125316152582
30	77670	222	0.69314695750367416593462621676736
33	85437	244	0.69314695458709163489174898131751
36	93204	266	0.69314687535242069937879705321393
39	100971	288	0.69314686644224510203571298916359
42	108738	310	0.69314686642837330943223150825361
45	116505	331	0.69314710839438353762176348027424
48	124272	354	0.69314724553708939591700755045167
51	132039	376	0.69314724344550271428744281365653
54	139806	398	0.69314723431289060329163476126269
57	147573	420	0.69314729556844856261932363850065
60	155340	442	0.69314726021126871202682195871603
63	163107	464	0.69314731166271270623724376491737
66	170874	486	0.69314737826054273472919931009528
69	178641	509	0.69314739100879962929724342757254
72	186408	531	0.6931474321636476032537643732212
75	194175	554	0.69314768604987253564075899703312
78	201942	576	0.69314762937613061399844127663528
81	209709	598	0.6931476810245097430751570755092
84	217476	620	0.6931477240805014039537468306662
87	225243	643	0.6931476233627771321721411368344
90	233010	665	0.69314745751024386954952660744311
93	240777	687	0.69314736289882328268419087180519
96	248544	709	0.69314736079756844588928288430907
99	256311	731	0.69314735165656193860428402331308
102	264078	753	0.69314739396082636346818617312238
105	271845	775	0.69314735862502352414793449497665
108	279612	797	0.69314738464294267661358617260703
111	287379	818	0.69314740619918879804828293345054
114	295146	840	0.6931473339055261861929579936259
117	302913	862	0.69314733038320686109301504984614
120	310680	885	0.69314734387581911079223573324271
123	318447	907	0.69314729523213713946461211889982
126	326214	929	0.69314729320401935463991094366065
129	333981	951	0.69314728413262616246726111057797
132	341748	973	0.69314728062291863786015255755046
135	349515	995	0.69314738617870397252573866353487
138	357282	1017	0.69314735498569268745683302768157
141	365049	1040	0.69314735295073448551050887544989
144	372816	1062	0.6931473438713270374122998873645
147	380583	1083	0.69314734035395075828489552804967
150	388350	1105	0.69314730874364960389044654220925
153	396117	1128	0.69314734782809084290278178741573
156	403884	1150	0.69314734580205694669530203100294
159	411651	1171	0.69314733218811352966071126502356
162	419418	1193	0.69314732864586381388960489857709
165	427185	1215	0.69314729336158065198247868465842
168	434952	1237	0.69314729021926779761741954644094
171	442719	1259	0.69314700863630374083612650792929
174	450486	1281	0.69314699964035952906016291308333
177	458253	1303	0.69314701744068030198064889191301
180	466020	1325	0.69314712920178744859356356755598
183	473787	1347	0.69314712610145834403851949900854
186	481554	1369	0.6931471277610242731626044587756
189	489321	1391	0.69314711873344858616974306642078
192	497088	1413	0.69314706322163699425686900212895
195	504855	1435	0.6931469669184421311669552778767
198	512622	1457	0.69314696473522596775751480890904
201	520389	1479	0.69314704339391886023236111213919
204	528156	1501	0.69314703436788793755596316259471
207	535923	1523	0.69314703090031692944705810077721
210	543690	1545	0.69314699573689386724595351552125
213	551457	1567	0.69314705429946088521830915851751
216	559224	1589	0.69314684019368844047903621685691
219	566991	1611	0.69314683120447451170065278347465
222	574758	1633	0.69314682775766545130835538657266
225	582525	1655	0.69314682724049747619687877886463
228	590292	1676	0.6931468307362961267514833707537
231	598059	1699	0.69314682877136457594957619221532
234	605826	1721	0.69314688402830215707695060700644
237	613593	1743	0.69314688057810702748184894517181
240	621360	1765	0.69314680328766453687450166398776
243	629127	1787	0.69314680025854547018582252349006
246	636894	1809	0.69314680161587449713778141813236
249	644661	1831	0.69314679263291056887652530349442
252	652428	1853	0.69314679067709650261974729801295
255	660195	1874	0.69314676793804819165956132565043
258	667962	1896	0.69314683826397338606284392881207
261	675729	1919	0.69314683629771067785441118758172
264	683496	1940	0.6931468273088549070237718296994
267	691263	1963	0.69314682386440162886742655246053
270	699030	1985	0.69314677980691408176738832480623
273	706797	2007	0.69314677675528135747384794740356
276	714564	2031	0.69314683487393413674482189890114
279	722331	2053	0.69314695168931517166299727250589
282	730098	2075	0.69314691814476636633202133452869
285	737865	2097	0.69314672390247034083898824974312
288	745632	2119	0.69314672084398509799285648114164
291	753399	2141	0.69314671886597734040691420887015
294	761166	2163	0.69314670987514592770395438492415
297	768933	2185	0.69314679760241981743007499972009
300	776700	2208	0.69314676248711981632055767477141
303	784467	2230	0.69314695519185487437852088987711
306	792234	2252	0.69314695317356489479010406284942
309	800001	2274	0.6931469441328170777438799632364
312	807768	2296	0.69314694063354331809989616886014
315	815535	2318	0.69314698755063963719891262371675
318	823302	2340	0.6931472761945136618066953815287
321	831069	2362	0.69314723093251151553317868092563
324	838836	2384	0.69314722187733446290280880930368
327	846603	2407	0.69314723059121219339573372053565
330	854370	2428	0.69314720677337482435120818990981
333	862137	2451	0.69314712594613048235459018542315
336	869904	2473	0.69314712392950561525850616817479
339	877671	2495	0.6931471794698526034395058559312
342	885438	2516	0.69314717595427544072350656279013
345	893205	2538	0.69314714073679140060590952998609
348	900972	2560	0.69314711830033870487710601082654
351	908739	2582	0.69314711627219560696744338201825
354	916506	2604	0.69314710721806704896152950823307
357	924273	2626	0.69314710370748544576713356946129
360	932040	2648	0.69314706850563512219309814099688
363	939807	2670	0.69314706539592574330299612483941
366	947574	2692	0.69314706336903075811761709701386
369	955341	2713	0.6931471513022841035578380797233
372	963108	2735	0.69314714779375419251294943023822
375	970875	2757	0.69314699780539157369929625929217
378	978642	2779	0.69314699471069396441436083478038
381	986409	2801	0.69314643856127167165226410361356
384	994176	2823	0.69314641157697665097003891787608
387	1001943	2845	0.69314640811615146898105876971385
390	1009710	2867	0.69314645042561340293474358986714
393	1017477	2889	0.69314644739035380371916517106001
396	1025244	2911	0.69314644543872816484508803114295
399	1033011	2932	0.69314643648196150316209696029546
402	1040778	2955	0.69314643305074430390533279933152
405	1048545	2976	0.69314639804027056158020059228875
408	1056312	2998	0.69314651206307864583777700318024
411	1064079	3020	0.69314657502001475464226132316981
414	1071846	3042	0.69314654606590642149654968307004
417	1079613	3064	0.69314654260155150744537877471885
420	1087380	3086	0.69314650755380557978213573733228
423	1095147	3108	0.6931465445855096163541020359844
426	1102914	3130	0.6931465426326307577298280193645
429	1110681	3152	0.69314653367279943640966166640283
432	1118448	3174	0.6931464594655011302037905807083
435	1126215	3196	0.6931462799153575993216236383887
438	1133982	3218	0.69314627687481067397357037407346
441	1141749	3241	0.69314608868074534253622687174357
444	1149516	3263	0.69314607974731279327329502848443
447	1157283	3286	0.69314607632687397220649927476188
450	1165050	3309	0.69314604138851731995885074866237
453	1172817	3331	0.693146038365396011116104091343
456	1180584	3354	0.69314618730483135156106300200918
459	1188351	3377	0.69314626440806170748487602395471
462	1196118	3402	0.69314626096472675698123566689901
465	1203885	3425	0.69314622598687580801168905964005
468	1211652	3447	0.69314621783008412148063825952704
471	1219419	3470	0.69314629284033579814661152340705
474	1227186	3493	0.69314628389140786612898637031321
477	1234953	3515	0.6931463331350522505402977913036
480	1242720	3538	0.69314629816040429499679476066376
483	1250487	3560	0.69314621171688595158144607921713
486	1258254	3583	0.69314624316751782817647153933649
489	1266021	3605	0.69314623422266352648080101062078
492	1273788	3627	0.69314628742638539904419303638861
495	1281555	3649	0.69314609159686779715769944232306
498	1289322	3671	0.69314608856931558822367378525087
501	1297089	3693	0.69314608662576093767171414583572
504	1304856	3715	0.69314593835948734579233132535592
507	1312623	3736	0.69314573375601784555044559965609
510	1320390	3758	0.69314569890384691852602827566443
513	1328157	3780	0.69314557826569667131622054512263
516	1335924	3802	0.6931455882765209519646987246233
519	1343691	3824	0.6931455793925752617568036839657
522	1351458	3846	0.69314557600653281532743221760029
525	1359225	3868	0.69314552164279863433193895616569
528	1366992	3891	0.69314551865502771477167698321864
531	1374759	3913	0.69314551674726543328830530299456
534	1382526	3935	0.69314550786708539753533386829076
537	1390293	3957	0.69314550448332779009064097408555
540	1398060	3978	0.69314546966887324863648700556951
543	1405827	4001	0.69314546668246945770874845038634
546	1413594	4023	0.69314546477591865158984774097917
549	1421361	4045	0.69314545589873777231559870415367
552	1429128	4067	0.69314545251645032220011444223928
555	1436895	4088	0.69314551968683246752078730423818
558	1444662	4110	0.69314541822248387781257861206541
561	1452429	4132	0.69314541633848258950223453211947
564	1460196	4154	0.69314540748469455344604739366332
567	1467963	4176	0.69314539784736572958223632667796
570	1475730	4198	0.69314541943639251808662038456532
573	1483497	4220	0.69314534312573550245417663973058
576	1491264	4242	0.6931453424098741322723071789369
579	1499031	4264	0.69314533354818130828078892591293
582	1506798	4286	0.69314533017961210692448048575898
585	1514565	4308	0.69314527656545854572556208950118
588	1522332	4330	0.69314529249967216095740241144085
591	1530099	4352	0.69314536469925913664269501168747
594	1537866	4374	0.69314535584030467774141470727045
597	1545633	4396	0.69314531431705617148253395498614
600	1553400	4418	0.69314530365100490705287938908441
603	1561167	4440	0.69314530068318847000341520470101
606	1568934	4462	0.69314529879543607115977010835195
609	1576701	4484	0.69314526628088724002907383692218
612	1584468	4505	0.69314526291774880562002181250136
615	1592235	4527	0.69314533175319725799568004731555
618	1600002	4549	0.69314532058298217176428579477943
621	1607769	4571	0.69314531869397266738985763367964
624	1615536	4593	0.69314539870743796523555602107081
627	1623303	4615	0.69314547410765892099249185775989
630	1631070	4637	0.69314543930958127937458357337164
633	1638837	4659	0.69314566099142815858158428454772
636	1646604	4681	0.69314565908175773678578934777761
639	1654371	4703	0.69314565019497231812550808172091
642	1662138	4724	0.69314564680509838101585273761884
645	1669905	4746	0.69314552093705317226124407170573
648	1677672	4768	0.69314551796661472149452265512082
651	1685439	4789	0.6931457395713874758413908239163
654	1693206	4811	0.69314573068108764619665862483089
657	1700973	4834	0.6931457702687666699858937136014
660	1708740	4856	0.69314573544599600296578501001932
663	1716507	4878	0.69314596236107084425981383901672
666	1724274	4900	0.69314596043830278837560854299227
669	1732041	4922	0.69314592386883122632212916869321
672	1739808	4944	0.69314595325302275075074476262671
675	1747575	4965	0.69314587028667973278572844719747
678	1755342	4988	0.69314586728127458581383280034061
681	1763109	5010	0.69314586536361655344506971232477
684	1770876	5032	0.69314585646244530892090551787987
687	1778643	5053	0.6931458530623761937761173612671
690	1786410	5077	0.69314588482225414356463488729787
693	1794177	5099	0.69314617739935302509479697619099
696	1801944	5121	0.69314622487198851441547731155879
699	1809711	5143	0.69314621594731529174993056585663
702	1817478	5165	0.69314613672501279584281519419164
705	1825245	5188	0.69314610181510061259757549123606
708	1833012	5209	0.69314630306935065551243724257802
711	1840779	5231	0.69314630111735997530786335119046
714	1848546	5253	0.69314647920982019879687641150667
717	1856313	5275	0.69314647578559274165854731108993
720	1864080	5297	0.69314644081707688094695640756981
723	1871847	5319	0.69314643779013818125633861200185
726	1879614	5343	0.69314643737491032915443156525725
729	1887381	5365	0.6931464284422573784993915069208
732	1895148	5387	0.69314642502109580224356477629044
735	1902915	5409	0.69314639006150691180607736896491
738	1910682	5431	0.69314635461757723167153244503425
741	1918449	5454	0.69314652215289229708616858260939
744	1926216	5476	0.69314651321604903166928579594241
747	1933983	5498	0.6931465097918222406647714706196
750	1941750	5520	0.69314647482178159965116037710686
753	1949517	5542	0.69314647179667299159433468958014
756	1957284	5564	0.69314646986277994589187301244237
759	1965051	5586	0.69314646092895837448111251433147
762	1972818	5608	0.6931464575062132871252629229275
765	1980585	5631	0.69314642254597536030757964908844
768	1988352	5652	0.69314641952224598231424579353188
771	1996119	5674	0.69314641758957329376045208846335
774	2003886	5696	0.69314640865876797626299321564147
777	2011653	5719	0.69314640523750814526948715865728
780	2019420	5741	0.69314629061170918156165043910732
783	2027187	5763	0.69314628758404384090141547858366
786	2034954	5787	0.69314628564748159700315000009141
789	2042721	5809	0.69314622403345527157370042914408
792	2050488	5831	0.69314622062172615013508902848116
795	2058255	5853	0.69314624346612174754511670471402
798	2066022	5875	0.69314617469222317147625744837569
801	2073789	5896	0.6931461727721963672621541263652
804	2081556	5918	0.69314619944651911787047993129818
807	2089323	5940	0.69314636113058869515413107365021
810	2097090	5962	0.6931464457376306231850549011142
813	2104857	5984	0.69314653540481718785315479181008
816	2112624	6006	0.69314646160692816589943276994745
819	2120391	6028	0.69314645266285435099007372627966
822	2128158	6051	0.69314644922374235580520007715677
825	2135925	6073	0.69314641425972800536925433334545
828	2143692	6095	0.69314641122115572269279937245301
831	2151459	6117	0.69314654305313050386416762194131
834	2159226	6139	0.69314668833356252175548206651001
837	2166993	6161	0.69314680383274285269123993202811
840	2174760	6184	0.69314676881674641695241234629066
843	2182527	6205	0.69314676576239675487300928580225
846	2190294	6228	0.69314676380208650741110432136338
849	2198061	6250	0.69314734297854596611898614355596
852	2205828	6272	0.69314733942883011152957806189079
855	2213595	6294	0.69314717696629268850472271878971
858	2221362	6316	0.69314718981242728901293048693333
861	2229129	6339	0.69314718777058059728801708843093
864	2236896	6360	0.69314717870836439761461633679573
867	2244663	6383	0.69314717517050394857136552673182
870	2252430	6405	0.69314714000062582766048535631853
873	2260197	6427	0.69314713686094153732852873872616
876	2267964	6449	0.69314724543369055087538299630978
879	2275731	6471	0.69314746692967155183850991306826
882	2283498	6493	0.69314750972212157975604895909782
885	2291265	6515	0.693147474521324302720870491612
888	2299032	6537	0.69314741771694032834716381330509
891	2306799	6559	0.69314741569157345413287885094178
894	2314566	6581	0.69314740663813734222742368729087
897	2322333	6603	0.69314740311436517927745626366232
900	2330100	6625	0.69314736792510700524871936067939
