0	0	0	0.69314718055895352399886633065762
3	38820	4	0.69314717026603822613850525158341
6	77641	8	0.69314715997378317791088875310379
9	116461	13	0.69314714968219204305199809823534
12	155282	17	0.69314713939125893737980277364841
15	194103	22	0.6931471291009886348533086675161
18	232923	27	0.69314731607849078276473164805793
21	271744	32	0.69314730547296876661533815422445
24	310564	36	0.69314729486813220216134823203902
27	349385	41	0.69314748226844336009833114076173
30	388206	45	0.69314747165414358764934377177269
33	427026	50	0.69314746104053104325259937468218
36	465847	54	0.69314745042949110764851639032713
39	504667	59	0.6931474398235338840734698351298
42	543488	63	0.69314742921826377752836378931534
45	582309	68	0.69314741861367978881247609024285
48	621129	73	0.69314725802928012221570952533511
51	659950	77	0.69314724741037236910301544412505
54	698770	81	0.69314723679215806129150223569013
57	737591	86	0.69314722617463209175525662431028
60	776412	91	0.6931472155577949045834884600481
63	815232	95	0.69314747214345995285356138992938
66	854053	100	0.69314746148918260360005660913885
69	892873	105	0.69314745083647399948034717453993
72	931694	109	0.693147440184457286349584137497
75	970515	114	0.69314742953313446260921182329184
78	1009335	118	0.69314741888250641643764993204968
81	1048156	123	0.69314740824602849578184304846218
84	1086976	127	0.69314739761921495553309569004341
87	1125797	132	0.69314738699309419445171442930587
90	1164618	136	0.69314737636766132755639091556077
93	1203438	141	0.69314736574291624382482268629246
96	1242259	145	0.69314735511886360619371316715842
99	1281079	150	0.69314734449550197137313034545514
102	1319900	154	0.6931473338728323385637963838235
105	1358721	159	0.69314668380125810109859685326228
108	1397541	163	0.69314667328481627261993480715319
111	1436362	168	0.69314666276905656516760245722253
114	1475182	173	0.69314665225398131020995151629904
117	1514003	177	0.69314664173958606685488348375657
120	1552824	182	0.69314663122587383270456484751776
123	1591644	186	0.69314662071284316446906359487912
126	1630465	191	0.69314661020049217476923786307452
129	1669285	195	0.6931465996888229730288344399014
132	1708106	200	0.69314658917783389391331638762495
135	1746927	205	0.69314657866752837911406004423043
138	1785747	209	0.69314656815790309796199153424823
141	1824568	214	0.69314655764896204725999950824189
144	1863388	218	0.69314654714069945384835591539741
147	1902209	223	0.69314653663312064679757895646617
150	1941030	227	0.69314610772410145678179560491117
153	1979850	232	0.69314609727721132603761589052738
156	2018671	236	0.6931460868309970990708279714454
159	2057491	241	0.69314607638545966405985154779046
162	2096312	245	0.69314606594059879896008169453125
165	2135133	250	0.69314605549641061799093222361989
168	2173953	254	0.69314604505289700853154499782249
171	2212774	259	0.69314603461006241147401851776522
174	2251594	263	0.69314562410600999431409263706882
177	2290415	268	0.6931456137291608365913475608977
180	2329236	272	0.69314560335298625037836472984054
183	2368056	277	0.69314559297748146171613825572422
186	2406877	282	0.69314558260264769184999522622093
189	2445697	286	0.69314557222848383055691101617413
192	2484518	291	0.69314556185499298646135457602213
195	2523339	295	0.69314555148217249502806680538924
198	2562159	300	0.69314544637054076314797157465364
201	2600980	304	0.69314543600155775759930065760273
204	2639800	308	0.69314542563324810231506489799358
207	2678621	313	0.69314541526560879969309780790354
210	2717442	318	0.6931454048986408489341215499735
213	2756262	322	0.69314539453234425003813612420345
216	2795083	327	0.6931453841677176486157918589015
219	2833903	331	0.69314537380406615607597586858901
222	2872724	336	0.6931453634410829067746817599982
225	2911545	340	0.6931456075367546931786932873365
228	2950365	345	0.69314559717181523090800965292146
231	2989186	349	0.69314558680754612129959468802554
234	3028006	354	0.69314547154792327532391027489211
237	3066827	358	0.6931454611717251523828053905163
240	3105648	363	0.6931454507961978261931790257222
243	3144468	367	0.69314544042134229595575334315072
246	3183289	372	0.69314543004715623020217662997311
249	3222109	376	0.69314541967364418084684984933119
252	3260930	381	0.69314540930080015268544002537965
255	3299751	385	0.6931453989286260330970890208846
258	3338571	390	0.69314545218968970363704329429311
261	3377392	394	0.69314544177266745883514431625372
264	3416212	399	0.69314536469165544119164223957341
267	3455033	403	0.69314535429672474720064201392233
270	3493854	408	0.6931453439024681806301941833226
273	3532674	412	0.6931453335088826328558297973359
276	3571495	417	0.69314532311596743774373408086831
279	3610315	422	0.69314531272372648107449322196771
282	3649136	426	0.69314530233216065102652692075935
285	3687957	431	0.69314529194126439648471205146052
288	3726777	435	0.69314528155104382367568405243219
291	3765598	440	0.69314527116149282637280748531339
294	3804418	445	0.69314526077261462422285376305808
297	3843239	449	0.69314467585133821003751108946744
300	3882060	454	0.69314415016145980441564233842655
303	3920880	458	0.69314413988998424542842258233577
306	3959701	463	0.69314412961917315492144098243443
309	3998521	467	0.69314387474867289462565622670809
312	4037342	472	0.69314375153265661566592825693078
315	4076163	476	0.69314374126023814426389435539022
318	4114983	481	0.69314361885501030169365321853547
321	4153804	485	0.6931436085866397034394026377413
324	4192624	490	0.69314359538683945061166014056653
327	4231445	495	0.69314358513268337080859282650636
330	4270266	499	0.69314357487919198153036859366694
333	4309086	504	0.69314356462636228517482095412561
336	4347907	508	0.6931435543741990557009557960555
339	4386727	513	0.69314354412269629790444014361128
342	4425548	517	0.69314353387185956290039712257567
345	4464369	522	0.69314352362168429877442576980684
348	4503189	526	0.69314351337217294801718026064918
351	4542010	531	0.69314350312332462245024089497747
354	4580830	535	0.69314349287513754571676827254123
357	4619651	540	0.69314386784623693849027858959744
360	4658472	544	0.69314385755601681804449754054076
363	4697292	549	0.69314384726646705026098516100319
366	4736113	553	0.69314383697758286118073556281161
369	4774933	558	0.69314382668936735942821769640432
372	4813754	562	0.69314416826096481027974505195743
375	4852575	567	0.69314415792958816719959713736898
378	4891395	572	0.69314414760778375601546485995641
381	4930216	576	0.69314413729554869014748419431271
384	4969036	581	0.69314347673007892236540783414966
387	5007857	585	0.69314346649528169042042691216921
390	5046678	590	0.69314345626114637344272750851815
393	5085498	594	0.69314344602767175018698253552429
396	5124319	599	0.69314343579485848678700676828157
399	5163139	603	0.69314342556271013595647900729091
402	5201960	608	0.6931434153312223678256032144418
405	5240781	612	0.69314373914687210653795546022593
408	5279601	617	0.69314372885834374393709822470555
411	5318422	622	0.69314392515772904612703086968395
414	5357242	626	0.69314391482828752177880460294546
417	5396063	631	0.69314390449951479578061253050691
420	5434884	636	0.69314389417141253346699159010313
423	5473704	640	0.69314388384398151199405901934369
426	5512525	645	0.69314387351722062113879019307205
429	5551345	649	0.6931438631911279735220432485221
432	5590166	654	0.69314385286570734390210191122605
435	5628987	658	0.69314384254095551263219476822997
438	5667807	663	0.69314383221687114744469226934598
441	5706628	667	0.69314357492010880701371888790163
444	5745448	672	0.69314356463297888133467949955957
447	5784269	676	0.6931435543465161996934398302983
450	5823090	681	0.69314354406072020697848756753956
453	5861910	685	0.6931458761353053166232029980165
456	5900731	690	0.69314586564936608858999989024596
459	5939551	695	0.6931458551641113130514781914826
462	5978372	699	0.69314584467953954671770588902291
465	6017193	704	0.69314583420431852278653650500928
468	6056013	709	0.69314582373968691708654432659387
471	6094834	714	0.69314581327573654423446214423166
474	6133654	718	0.69314580281246673809647518282873
477	6172475	723	0.69314579234987572231574404213461
480	6211296	728	0.69314578188796815982897214780678
483	6250116	732	0.69314675549988713498805736890063
486	6288937	737	0.69314711345669755004905709938612
489	6327757	741	0.69314710290605263676155800567358
492	6366578	746	0.69314740802432384114695196331013
495	6405399	751	0.69314739741925424088009322076687
498	6444219	755	0.69314738681486809390719372458989
501	6483040	760	0.69314737621117561428008002621937
504	6521860	765	0.69314736560817546973112257546745
507	6560681	770	0.69314735500586521776966719698976
510	6599502	774	0.69314734440424452532880650323932
513	6638322	779	0.69314733380331106094018878138741
516	6677143	783	0.69314732320306937651821499457583
519	6715963	788	0.693147294223548926517253221391
522	6754784	793	0.6931465508355449944843940102146
525	6793605	797	0.6931465403235974598317170602968
528	6832425	802	0.69314652981233271233918458165135
531	6871246	807	0.6931465193017528614305433620757
534	6910066	811	0.69314650879185513154823183867848
537	6948887	816	0.69314649828263852349152784881881
540	6987708	821	0.69314648777410481361727079274715
543	7026528	825	0.69314647726625178147941142015043
546	7065349	830	0.69314646675908231365781375643564
549	7104169	835	0.69314581344810466401185067297774
552	7142990	839	0.69314580299643047123225869654561
555	7181811	844	0.69314579254543262631926836547791
558	7220631	848	0.69314578209511257256281169247814
561	7259452	853	0.69314531899973474970977349585155
564	7298272	857	0.69314530858422174208754995561321
567	7337093	862	0.69314529816938597051034776086453
570	7375914	866	0.69314528775522488146521027374547
573	7414734	871	0.69314527734174091744279166960041
576	7453555	876	0.69314526692893141390783284805366
579	7492375	880	0.69314525651679836926177813438699
582	7531196	885	0.69314524610533700954562164042727
585	7570017	889	0.69314523569455632756586282994249
588	7608837	894	0.69314522528444733051600223916466
591	7647658	899	0.69314521487501645768958269400173
594	7686478	903	0.69314520446625982330601800640579
597	7725299	907	0.69314519405817931474445003914298
600	7764120	912	0.69314518365077815165165020516724
603	7802940	917	0.69314521900784820118701645697001
606	7841761	921	0.69314520856420258621000130005996
609	7880581	926	0.69314519812123775999168628914049
612	7919402	930	0.69314518767894495177017688547494
615	7958223	935	0.69314517723733393150808979044086
618	7997043	939	0.69314516679640370000470284139737
621	8035864	944	0.69314558621138322447308155460632
624	8074684	949	0.69314557575480795215128182462649
627	8113505	953	0.69314556529891258040976254051202
630	8152326	958	0.69314555484369666515931385220028
633	8191146	962	0.69314554438915820799849143440952
636	8229967	967	0.69314548098278994103793593239971
639	8268787	972	0.69314491581461135094599512740388
642	8307608	976	0.69314490540396911377740707393968
645	8346429	981	0.69314489499400500083226006609038
648	8385249	986	0.69314488458471346099543097807327
651	8424070	991	0.69314487417609338404389518473181
654	8462890	995	0.69314486376815476198487431247486
657	8501711	1000	0.69314485336089004530180091023794
660	8540532	1005	0.69314484295792966328519923990825
663	8579352	1009	0.69314483255675285455765788356075
666	8618173	1014	0.69314482215624595440317534666974
669	8656993	1019	0.69314468137260420999012922038673
672	8695814	1023	0.69314467101728516329472995494143
675	8734635	1027	0.69314466066263635823929689649958
678	8773455	1032	0.69314497909003180975417990339338
681	8812276	1037	0.69314496869504949039253460796317
684	8851096	1042	0.69314495830074140947374417009996
687	8889917	1046	0.69314494790710712290859873974114
690	8928738	1051	0.69314493751414529842946876669885
693	8967558	1055	0.69314492712185982181694043902098
696	9006379	1060	0.69314491673024747342424234375358
699	9045199	1064	0.69314490633930814222907201838098
702	9084020	1069	0.69314489594904504787820087585715
705	9122841	1074	0.6931448855594543045910427281342
708	9161661	1078	0.69314487517053857690285667558783
711	9200482	1083	0.69314480059794092436931123302202
714	9239302	1087	0.69314479024164632470217384252464
717	9278123	1092	0.69314477988602185565270019651507
720	9316944	1096	0.69314476953107173606838387058815
723	9355764	1101	0.69314475917679019278949681392987
726	9394585	1105	0.69314474882317655968222425144631
729	9433405	1110	0.69314473847023339025952282099752
732	9472226	1114	0.6931447281208394928242455534928
735	9511047	1119	0.69314471777708119848426804310293
738	9549867	1123	0.69314470743399370089576905229478
741	9588688	1128	0.69314457751932589957277741632424
744	9627508	1132	0.69314490881247770026618582051015
747	9666329	1137	0.69314489843806348368104863766348
750	9705150	1141	0.69314488806431917566897027427331
753	9743970	1146	0.69314487769124910609974676845013
756	9782791	1150	0.69314463212437682493316515319748
759	9821611	1155	0.69314462176555013961376516817836
762	9860432	1159	0.69314461140739580535807817796012
765	9899253	1164	0.69314423450089435174703567099641
768	9938073	1168	0.69314422417465249015577910540742
771	9976894	1173	0.69314398642001606720697282071342
774	10015714	1177	0.6931440035349596406888394994894
777	10054535	1182	0.69314399323204400893416732287733
780	10093356	1186	0.6931439829297942889496653151582
783	10132176	1191	0.69314397262821281220368518916075
786	10170997	1195	0.69314396232729980074083186991629
789	10209817	1200	0.69314395202705381127117334472132
792	10248638	1204	0.69314394172747484379470961357583
795	10287459	1209	0.69314393142856245422223082641722
798	10326279	1213	0.69314392113031475517459512047935
801	10365100	1218	0.69314391083273640958850592141971
804	10403920	1222	0.693144177188457444316327382694
807	10442741	1227	0.69314431925469000006501119059976
810	10481562	1232	0.69314389176811219694940291446983
813	10520382	1236	0.69314388142907523704394634478376
816	10559203	1241	0.69314387109070685344391904436634
819	10598023	1245	0.69314386075301392953207368918811
822	10636844	1250	0.69314385041599124726019454101333
825	10675665	1254	0.69314384007964002787360868751421
828	10714485	1259	0.69314382974396260284066784151946
831	10753306	1263	0.69314381940895242184552671460551
834	10792126	1268	0.69314380907461592418172813268029
837	10830947	1272	0.69314379874094922406868590769591
840	10869768	1277	0.6931437884079519884394926521054
843	10908588	1281	0.69314377807562466138335821597138
846	10947409	1286	0.69314376774397090663626386231044
849	10986229	1290	0.69314375741298828170755541577819
852	11025050	1295	0.69314374708267656455262795134331
855	11063871	1299	0.69314373675303508903766669391189
858	11102691	1304	0.69314385174691417468295639991993
861	11141512	1308	0.6931438414140933534923760817037
864	11180332	1313	0.69314383108194144167413242030307
867	11219153	1317	0.69314382075046210296420667873463
870	11257974	1322	0.69314381041965544838490131951403
873	11296794	1326	0.69314380008951514966497597924899
876	11335615	1331	0.69314378976005064370013997177011
879	11374435	1335	0.69314377943125182746086920815287
882	11413256	1340	0.69314376910312414103998435166432
885	11452077	1344	0.69314375877566936079432480255491
888	11490897	1349	0.6931437484488859324116560856055
891	11529718	1353	0.69314373812276974806678708773688
894	11568538	1358	0.69314372779732591478563108466915
897	11607359	1363	0.69314379272644721652341104345396
900	11646180	1367	0.69314378237762896972640191961545
