0	0	0	0.69314718055895352399886633065762
3	38823	21	0.69314717026603822613850525158341
6	77646	43	0.69314715997378317791088875310379
9	116469	65	0.69314706791473523761482056215755
12	155292	87	0.69314705745371640865926110564033
15	194115	109	0.69314719440822925022871459077578
18	232938	131	0.69314721059163342253839346085442
21	271761	153	0.69314719996323204131982720355154
24	310584	175	0.69314718933552099677797286858549
27	349407	197	0.69314717870850206526966985620675
30	388230	220	0.6931471680821738035049861537118
33	427053	241	0.6931471574565377657961562363198
36	465876	263	0.69314714686837697321664109040285
39	504699	285	0.69314690326080019566745704651112
42	543522	307	0.69314695693740080439937401024508
45	582345	329	0.69314694303150903298416096731671
48	621168	351	0.69314693254624115681394869170617
51	659991	373	0.69314692206165551269236857478973
54	698814	395	0.6931469115777474376827171909099
57	737637	417	0.69314690109452137267709304069285
60	776460	439	0.69314675730670383124731870339019
63	815283	461	0.69314674685645982776804885361344
66	854106	483	0.69314671068056921132694014886511
69	892929	505	0.69314670024210756071880723538925
72	931752	527	0.69314665213012549571658382774331
75	970575	549	0.6931466597885311831106491808896
78	1009398	571	0.69314664934924119510384343811893
81	1048221	595	0.69314655514730083574193031381583
84	1087044	617	0.69314654472408954166695593812619
87	1125867	639	0.69314653430155415136937335773837
90	1164690	661	0.69314651640719193714801349415211
93	1203513	683	0.6931465397185583299233258003369
96	1242336	705	0.6931462557839703775286466225225
99	1281159	727	0.69314624542593628042652653675759
102	1319982	752	0.69314623506857286905358250805875
105	1358805	774	0.69314622471187825603067267365986
108	1397628	796	0.69314621435585521691535859645228
111	1436451	817	0.69314632523062058577778543622117
114	1475274	840	0.69314631485024036372522004967323
117	1514097	862	0.69314630447052882900038639490958
120	1552920	887	0.69314625957516551313375430254382
123	1591743	910	0.69314628181499582382230073562823
126	1630566	933	0.69314627145112550632433112696162
129	1669389	956	0.69314626108792309899797601246973
132	1708212	978	0.69314625072538960104395755479345
135	1747035	1001	0.69314624036352745495292992927716
138	1785858	1024	0.69314623000233621663568328585825
141	1824681	1046	0.69314621964180955782097726114444
144	1863504	1072	0.69314602250577450615054431182216
147	1902327	1098	0.69314605453159128245488318498246
150	1941150	1120	0.69314604417369773958768064403557
153	1979973	1143	0.69314593719193806631295728948317
156	2018796	1165	0.69314593387122835910219009747379
159	2057619	1187	0.69314592352136294994835452598636
162	2096442	1209	0.69314591317216922572441717420588
165	2135265	1232	0.69314595936293854627763266762486
168	2174088	1254	0.69314593148063086136545507542905
171	2212911	1276	0.69314603683433340108877018792555
174	2251734	1299	0.69314602648172729537634495500242
177	2290557	1322	0.69314601613352622155872495568474
180	2329380	1344	0.69314609225768308853332655417034
183	2368203	1366	0.69314610996400205511491776633193
186	2407026	1389	0.69314618089121959876308665116085
189	2445849	1411	0.6931461705037629261738629793399
192	2484672	1434	0.69314616011769214498627889042837
195	2523495	1456	0.69314614973229249361708070864552
198	2562318	1477	0.69314614016038433863542422841419
201	2601141	1499	0.69314612976456091431032291438896
204	2639964	1521	0.69314611937192505131122288730694
207	2678787	1543	0.69314610897996142835353339251014
210	2717610	1565	0.6931460985886653825005510043411
213	2756433	1587	0.6931460882020461511388020880986
216	2795256	1609	0.69314607782170756244966014492093
219	2834079	1630	0.69314624082708609087433160311775
222	2872902	1652	0.69314600541678539347145715510123
225	2911725	1674	0.69314591699191541174229769239901
228	2950548	1696	0.69314583834140341966900678016827
231	2989371	1718	0.69314582797276136361119824869093
234	3028194	1740	0.69314514367245561032859768602066
237	3067017	1761	0.69314511980680537650556516382494
240	3105840	1783	0.69314510952186525472029643424321
243	3144663	1805	0.6931451124267667962541850101843
246	3183486	1827	0.69314510213932889470811460341793
249	3222309	1849	0.69314514109451497159142263626563
252	3261132	1871	0.69314513081099260460860023158602
255	3299955	1893	0.69314521860296363087172721861862
258	3338778	1915	0.69314520830956449781723449632409
261	3377601	1937	0.69314516532743286614248745536315
264	3416424	1959	0.69314508285587361768875780398957
267	3455247	1981	0.69314507257700297415681234269869
270	3494070	2002	0.69314506229879502274826563734678
273	3532893	2024	0.69314505202124920835160537535558
276	3571716	2046	0.69314504714545843722106610584888
279	3610539	2068	0.69314503685226891427362261310918
282	3649362	2090	0.69314501652726090430434169320506
285	3688185	2112	0.69314500623615027397050880608731
288	3727008	2134	0.69314499594570488927303131276858
291	3765831	2156	0.69314494918526514677381555884494
294	3804654	2177	0.69314493889439376950178939296165
297	3843477	2199	0.69314492860453058575842533173272
300	3882300	2221	0.69314523242029901783922696267837
303	3921123	2243	0.69314527367822420522713855461916
306	3959946	2266	0.69314526336389015170880156802014
309	3998769	2287	0.6931452530502218989383322877984
312	4037592	2309	0.69314524273722089020566272665747
315	4076415	2331	0.69314514406878546814994024316547
318	4115238	2353	0.69314503839975105670134780666558
321	4154061	2375	0.69314502809596345578313503210666
324	4192884	2397	0.69314519789418971296157678807504
327	4231707	2419	0.69314518757333620779803595723934
330	4270530	2441	0.69314517725314628293631358246785
333	4309353	2463	0.69314516693362326904548353923019
336	4348176	2485	0.6931451324233621757997525492101
339	4386999	2507	0.69314512211802437047225566857378
342	4425822	2529	0.69314505121123670683402906433912
345	4464645	2551	0.69314504090053175033858678943943
348	4503468	2573	0.69314503059049492605936393374577
351	4542291	2596	0.69314492095027613327573590140673
354	4581114	2618	0.69314491064900185524066955622402
357	4619937	2640	0.69314490034839593146642755527864
360	4658760	2662	0.69314478765185438824403263424756
363	4697583	2684	0.69314477737574564653044717488228
366	4736406	2706	0.69314476710029837569493338378379
369	4775229	2728	0.69314469632636288576321703658323
372	4814052	2750	0.69314468606810464290646223162184
375	4852875	2772	0.69314467581051275590908744561602
378	4891698	2794	0.69314466555357812094229075228213
381	4930521	2816	0.69314463828074523998878930797218
384	4969344	2838	0.69314462799678600024577690419392
387	5008167	2860	0.69314433699837940672239255945897
390	5046990	2883	0.69314416804333778276969724174705
393	5085813	2905	0.69314418561658885931109352895874
396	5124636	2927	0.69314417542382456005611857108306
399	5163459	2949	0.69314416523171640260869708072278
402	5202282	2971	0.69314408792418658045164647774072
405	5241105	2993	0.6931440845545867590615785047703
408	5279928	3015	0.69314433342997783249472831812454
411	5318751	3037	0.69314432320294216971490186551819
414	5357574	3059	0.69314417231429648058593784298864
417	5396397	3081	0.69314416211307561255239306774456
420	5435220	3103	0.69314415191251699255303719837684
423	5474043	3125	0.69314417829086705236107945893309
426	5512866	3147	0.69314432926573954496518581436248
429	5551689	3169	0.69314438186078686232605150507879
432	5590512	3191	0.69314437163162145871808661468094
435	5629335	3213	0.69314436140311364020760720450198
438	5668158	3235	0.69314438096507413611391257290961
441	5706981	3260	0.69314434758449228191068414162146
444	5745804	3281	0.69314433735748837150936196849216
447	5784627	3304	0.69314432713114426665157452589483
450	5823450	3325	0.69314434632686749981900220518583
453	5862273	3347	0.69314433609473025121872069576057
456	5901096	3369	0.69314435056052847716756559748319
459	5939919	3391	0.69314434034417826691054642651579
462	5978742	3413	0.69314433012848142290351916017244
465	6017565	3435	0.69314431991344582772995863706456
468	6056388	3457	0.69314437940079243194446689813049
471	6095211	3479	0.69314434101050603764804236561758
474	6134034	3500	0.69314433079206072552125306174275
477	6172857	3522	0.69314432057427954880779452651041
480	6211680	3545	0.69314431035715540208030915891868
483	6250503	3567	0.69314430014068917351721665909281
486	6289326	3589	0.69314428992488075209621456451714
489	6328149	3611	0.69314425649658006900466489241808
492	6366972	3636	0.69314424628196080746533880301286
495	6405795	3658	0.69314423606800201760336221923353
498	6444618	3680	0.69314415822223063301521506218705
501	6483441	3702	0.69314426300944742553866717571509
504	6522264	3724	0.69314435492058890098121537448606
507	6561087	3745	0.69314436175695681718877949606394
510	6599910	3768	0.69314431580235258412159282670473
513	6638733	3792	0.69314430557831352430753213411663
516	6677556	3814	0.69314429535493482514851848463877
519	6716379	3836	0.69314428513221248984166322770761
522	6755202	3858	0.69314427491015362381432396432501
525	6794025	3880	0.69314423226364374475139129572199
528	6832848	3902	0.69314422204818049166874516231474
531	6871671	3924	0.69314421183337060483609093353152
534	6910494	3946	0.69314420161922118968078621037421
537	6949317	3968	0.69314419140572702815461525460705
540	6988140	3990	0.69314418703636937468814949170337
543	7026963	4013	0.69314417682220963445871575459023
546	7065786	4035	0.69314416660870659114834779757075
549	7104609	4057	0.69314414494375631292655270954128
552	7143432	4079	0.69314413473755298600309515677509
555	7182255	4101	0.69314411347828841503115882005659
558	7221078	4123	0.6931441032739981134014328745252
561	7259901	4145	0.69314404400771389980207004555268
564	7298724	4167	0.69314403380755507111388169505517
567	7337547	4189	0.69314398213214756250266646020464
570	7376370	4211	0.6931439719418491796076864375209
573	7415193	4233	0.69314390431866046426989669271279
576	7454016	4254	0.69314392597219876002156979666324
579	7492839	4276	0.69314391576740330691563940490596
582	7531662	4298	0.69314395254532190637775102004525
585	7570485	4320	0.69314394233540888023981096921489
588	7609308	4342	0.69314393212615632577922042401042
591	7648131	4364	0.69314392191755935801467103374307
594	7686954	4386	0.69314391170962208477135391149204
597	7725777	4408	0.69314390150234117538019518178771
600	7764600	4430	0.69314389129572473446927460827283
603	7803423	4454	0.69314388108976165980834593938198
606	7842246	4476	0.6931438708844581686463470759918
609	7881069	4498	0.69314386067981337280485831797705
612	7919892	4520	0.69314385047582749432848459036904
615	7958715	4542	0.69314384027250186548485544335563
618	7997538	4565	0.69314383006982871471279850084102
621	8036361	4587	0.69314377939326754507476380240405
624	8075184	4609	0.69314376919455555903226695591002
627	8114007	4630	0.69314378128393450140265485970303
630	8152830	4652	0.69314377108457336795765968417982
633	8191653	4674	0.69314376479168926525886718081892
636	8230476	4696	0.69314375459202615115117396271671
639	8269299	4718	0.69314367776042462576668867768603
642	8308122	4739	0.69314366757152257036977971438318
645	8346945	4761	0.69314365738328109767252271922189
648	8385768	4786	0.69314377198327237206143536241143
651	8424591	4808	0.69314366683165895555163160679513
654	8463414	4830	0.69314365663154520191824303765316
657	8502237	4852	0.69314364643208892236003748621442
660	8541060	4874	0.69314363623328878460938540229108
663	8579883	4896	0.69314357822639560691158067129436
666	8618706	4918	0.69314370380407464011796037084423
669	8657529	4939	0.69314369358746186211561735035502
672	8696352	4961	0.69314368337150600307694503499079
675	8735175	4983	0.69314367315621105980483207531506
678	8773998	5005	0.69314365739933414545248524518684
681	8812821	5028	0.69314372323288397925722392756143
684	8851644	5051	0.69314380046406787183599362833775
687	8890467	5073	0.69314379890859967314753475875477
690	8929290	5096	0.693143788677108907414492477983
693	8968113	5118	0.69314377844627939051491694044671
696	9006936	5141	0.69314388178237495985456462221919
699	9045759	5163	0.69314387154977197269545285962522
702	9084582	5186	0.69314386131782967925829552768846
705	9123405	5209	0.69314385169103331918449839577079
708	9162228	5231	0.6931438414547905768614555199747
711	9201051	5254	0.69314388670026982897098832836491
714	9239874	5276	0.69314387646975539336580141025479
717	9278697	5300	0.6931439008354950415125017570972
720	9317520	5322	0.6931442022051667040116740281519
723	9356343	5345	0.69314419193326615165062776213745
726	9395166	5368	0.69314416954948232518773920673993
729	9433989	5390	0.69314415928518369192090631258907
732	9472812	5412	0.69314404832987286386725145348464
735	9511635	5435	0.69314410782876290095799731716397
738	9550458	5458	0.69314409756959449726565480887075
741	9589281	5480	0.69314408731109034000894553173566
744	9628104	5503	0.69314397231899960161172202788293
747	9666927	5529	0.69314396206730022331754526021541
750	9705750	5552	0.69314399381394098398345704481471
753	9744573	5574	0.69314399629305811778579027304659
756	9783396	5596	0.69314398604248750324074990203371
759	9822219	5618	0.69314397579258202330976246230421
762	9861042	5639	0.69314396554333568278849497801275
765	9899865	5661	0.69314395529475492097049027506728
768	9938688	5683	0.69314389884802685148912360091344
771	9977511	5705	0.69314390438062456478718331709388
774	10016334	5727	0.69314389413599386546849245860358
777	10055157	5749	0.69314394122122602315272388295853
780	10093980	5771	0.69314393097246262964716834176215
783	10132803	5793	0.69314392072436203928731401902041
786	10171626	5815	0.69314391047692225367171658945153
789	10210449	5837	0.69314390023014915698240656638518
792	10249272	5859	0.69314408694121576459679090476129
795	10288095	5881	0.69314407669201272277348380157491
798	10326918	5903	0.69314410141259219511056244300562
801	10365741	5925	0.69314426741901236095344529530848
804	10404564	5947	0.69314425508365540284927419634187
807	10443387	5969	0.69314429809121980152752939829952
810	10482210	5991	0.69314434833834337457147967143101
813	10521033	6013	0.69314436595553219344623130382388
816	10559856	6035	0.69314429636854224536790525235119
819	10598679	6057	0.69314428609364742150944493914722
822	10637502	6079	0.6931442325854220154468521286617
825	10676325	6101	0.69314432798362080045961874930072
828	10715148	6123	0.69314431770794060483353860036004
831	10753971	6145	0.69314430743292487768769660760881
834	10792794	6167	0.69314429715857184266525337079656
837	10831617	6188	0.69314437252534066846720861576614
840	10870440	6211	0.6931443622406102678112915782549
843	10909263	6233	0.69314435195654511279172993454267
846	10948086	6255	0.69314430957810713174183092633029
849	10986909	6277	0.69314427049257720803154825262027
852	11025732	6299	0.69314426021487529627762569361948
855	11064555	6321	0.69314435603446034050989510433283
858	11103378	6343	0.69314439593850585286105570048676
861	11142201	6365	0.6931443653214346412028135091532
864	11181024	6387	0.69314435504991023240251024617464
867	11219847	6409	0.69314434477904995901553775183856
870	11258670	6432	0.69314443687653393144643132472993
873	11297493	6454	0.69314452898618550413800676324172
876	11336316	6476	0.69314451869597359934260794034344
879	11375139	6498	0.69314450840642294338067586068064
882	11413962	6520	0.69314449811753808816661148739513
885	11452785	6542	0.69314448782931914472271728300257
888	11491608	6564	0.69314443393065616749737500867923
891	11530431	6586	0.69314442365385176003655942622572
894	11569254	6608	0.69314441337771370843512386272778
897	11608077	6630	0.69314440310223557339952549227746
900	11646900	6651	0.69314439282741846515278894003131
