0	0	0	0.69314718055895352399886633065762
3	38823	36	0.69314717026603822613850525158341
6	77646	73	0.69314715997378317791088875310379
9	116469	109	0.69314703680763278814680461437092
12	155292	141	0.69314699626640408069988552597351
15	194115	173	0.69314698581059086546218850344303
18	232938	215	0.69314697535544900208748231307254
21	271761	251	0.69314695260247738417547225253657
24	310584	286	0.69314694221227413084562840595027
27	349407	323	0.69314693182274123017805322888307
30	388230	365	0.69314687024215781985247986085596
33	427053	402	0.69314682827198803583002018058323
36	465876	445	0.6931468178433072280242299711972
39	504699	481	0.69314680742288303783027458848665
42	543522	523	0.69314670715340120921155175892636
45	582345	560	0.69314666695016213804336757675628
48	621168	597	0.69314665658642038437164956121705
51	659991	640	0.69314654022208821437800452258671
54	698814	676	0.69314657713419136619847904512426
57	737637	719	0.69314656680436059765781919850269
60	776460	756	0.6931464332954323515068040251208
63	815283	798	0.69314642296159734158322862640489
66	854106	833	0.69314646296987525442290234423126
69	892929	870	0.6931465674715814317963236135256
72	931752	907	0.69314660559092666769487323108478
75	970575	945	0.69314661395959753509288248096709
78	1009398	996	0.69314660356978474720079930193606
81	1048221	1038	0.69314659318064453241703404273721
84	1087044	1075	0.69314658279217333802790790286963
87	1125867	1110	0.69314648519632138246038266515825
90	1164690	1153	0.69314647478468716101929203432519
93	1203513	1189	0.69314646437456872707372212971677
96	1242336	1232	0.69314647790785977043981347378576
99	1281159	1269	0.69314624488986709138771402649581
102	1319982	1311	0.69314633119530510985129012624384
105	1358805	1347	0.69314632078278992644015943369595
108	1397628	1384	0.69314631037094742715964912349591
111	1436451	1420	0.69314629995977716792054934558109
114	1475274	1456	0.69314628954928425574877337567159
117	1514097	1499	0.69314627913946347259610547553166
120	1552920	1536	0.69314634150511600374500176258152
123	1591743	1579	0.6931463105776863864448955609987
126	1630566	1616	0.69314624074397823694226872248692
129	1669389	1652	0.69314623034106914722940473438939
132	1708212	1694	0.69314644258147684041659886133857
135	1747035	1731	0.6931463837995640586697732032917
138	1785858	1774	0.69314637336286510915783765085507
141	1824681	1812	0.69314636292684361773552836893941
144	1863504	1855	0.69314635249149825213521580735687
147	1902327	1898	0.69314639385082110756286510877544
150	1941150	1935	0.69314638342871215392904105101479
153	1979973	1977	0.69314637300727988122872602616553
156	2018796	2013	0.69314636258651940448061168353888
159	2057619	2057	0.6931463521664349425321915987297
162	2096442	2089	0.69314634174702549618274360909709
165	2135265	2131	0.69314633132828629147326182646793
168	2174088	2169	0.69314637722072580672261210565921
171	2212911	2212	0.69314636681913233129392892806209
174	2251734	2249	0.69314641681957278596115656910115
177	2290557	2291	0.69314640640718616637627746968064
180	2329380	2327	0.69314648397038369775913224657415
183	2368203	2364	0.69314646986529093730666772898985
186	2407026	2407	0.69314638155803942609622936288361
189	2445849	2444	0.69314629237293734487224128315574
192	2484672	2486	0.69314628199847805323230431895354
195	2523495	2523	0.69314627162468900323233356175479
198	2562318	2565	0.69314633472780062817264479235746
201	2601141	2602	0.69314652234774654093740764437825
204	2639964	2640	0.6931465118897095489813864332973
207	2678787	2682	0.69314650143235090329341119286255
210	2717610	2719	0.69314649097657454746013172552921
213	2756433	2770	0.69314651453250630819269417770556
216	2795256	2813	0.69314652197746784434428946042317
219	2834079	2850	0.69314643842722811761802859109594
222	2872902	2893	0.6931464279868309041887641797075
225	2911725	2929	0.69314629816505879400523326694383
228	2950548	2967	0.69314622241508916378194271601387
231	2989371	3009	0.6931462119979946434611406402837
234	3028194	3052	0.69314620158157125295872447168222
237	3067017	3089	0.69314619116582165680995331058512
240	3105840	3125	0.69314618075074385661338283171062
243	3144663	3169	0.6931461528449546216634757911379
246	3183486	3207	0.69314647935689654989488417413668
249	3222309	3250	0.69314650208094752414922368188854
252	3261132	3287	0.69314649161384012110431740438798
255	3299955	3329	0.69314648114741128637206202256493
258	3338778	3366	0.69314647068165846643950089855934
261	3377601	3409	0.69314656280317399339452322237776
264	3416424	3445	0.69314667644251559686097152734874
267	3455247	3481	0.69314666595334784027215846435865
270	3494070	3524	0.69314637202168039031846547004534
273	3532893	3566	0.69314636158204112614811265302706
276	3571716	3604	0.69314649252425764025531407241942
279	3610539	3646	0.69314647635457971031058832522831
282	3649362	3682	0.6931464658843027315526796883205
285	3688185	3724	0.69314645541470254475058254683972
288	3727008	3760	0.69314648956682578528898375225253
291	3765831	3804	0.69314647911525750778594101575436
294	3804654	3840	0.69314646866436613326101223719888
297	3843477	3883	0.69314656039046429469863142003305
300	3882300	3920	0.69314660248499282424461398477433
303	3921123	3962	0.69314659199648853693531691533281
306	3959946	4005	0.69314665658481877663632531039184
309	3998769	4042	0.69314664609591425392665087201749
312	4037592	4084	0.69314662668591897620729014306562
315	4076415	4120	0.69314661618295247969001593446592
318	4115238	4163	0.6931462645340309425279201605008
321	4154061	4206	0.69314630707581759150315292572486
324	4192884	4242	0.69314629663268034764911362799467
327	4231707	4285	0.69314628619021867450555873801932
330	4270530	4322	0.69314627574843401536242026850232
333	4309353	4366	0.69314599799219023257279559402377
336	4348176	4402	0.6931459876074711479176926332002
339	4386999	4434	0.69314606090016583905821789812762
342	4425822	4472	0.69314613179903450390639818579075
345	4464645	4515	0.69314619184364345549909103283426
348	4503468	4551	0.69314618143769146652033441569074
351	4542291	4594	0.69314617103241282780601295598899
354	4581114	4630	0.69314609823420103573710093769478
357	4619937	4673	0.69314587592423138051600517428597
360	4658760	4724	0.69314586552054979762260700226761
363	4697583	4766	0.69314595470283246747555949696107
366	4736406	4803	0.69314594431116938189063603203977
369	4775229	4846	0.69314592946372433068802365596639
372	4814052	4883	0.69314596983315901468358788406476
375	4852875	4926	0.69314595943878509753943717441871
378	4891698	4968	0.69314594904507864647769110888476
381	4930521	5005	0.69314588387907904998286312547862
384	4969344	5047	0.6931458734846335234536240932357
387	5008167	5083	0.69314586309085257642692567969789
390	5046990	5126	0.69314585269774464659775503605488
393	5085813	5163	0.6931458946876941640269365052518
396	5124636	5199	0.69314584546259760955422279948834
399	5163459	5242	0.69314582932600099507425284173223
402	5202282	5279	0.69314566175849301465916596498573
405	5241105	5322	0.69314565972328101572941250196891
408	5279928	5355	0.69314568751039473681885283440351
411	5318751	5398	0.69314567714485142424507557734614
414	5357574	5434	0.69314566677997702104363497710438
417	5396397	5476	0.69314569976389606154043576680124
420	5435220	5513	0.69314575387380783499935432701022
423	5474043	5556	0.69314579194064251943530052813003
426	5512866	5599	0.69314578156837614031360317312647
429	5551689	5636	0.69314577119678100203259418776724
432	5590512	5678	0.69314576082585788174839080966194
435	5629335	5714	0.69314575045560367083652408837224
438	5668158	5746	0.69314576570249297748915751071763
441	5706981	5789	0.69314567330735366024185850619688
444	5745804	5832	0.69314566295337376455876210457063
447	5784627	5869	0.69314549762350319284109900763724
450	5823450	5912	0.69314548731595559960538821542286
453	5862273	5949	0.69314547700906947724774909147527
456	5901096	5992	0.69314546670284782337034812371712
459	5939919	6034	0.6931454563972873073041114366788
462	5978742	6070	0.69314544958740820224107892499887
465	6017565	6107	0.69314539414910403269942662518588
468	6056388	6149	0.69314535495810503107350086793303
471	6095211	6186	0.69314534465879296121215702441987
474	6134034	6223	0.69314533436014191813967499911087
477	6172857	6265	0.69314528376647255303311112584197
480	6211680	6302	0.69314527345308885042385327324155
483	6250503	6338	0.69314501717330079255674490923411
486	6289326	6381	0.69314500687442426318796151463175
489	6328149	6418	0.69314504050848979588295151188504
492	6366972	6454	0.69314514766749013574553828220814
495	6405795	6497	0.69314513735929716986561288649682
498	6444618	6534	0.69314501309758080882517106147134
501	6483441	6577	0.69314506714164925149646023783134
504	6522264	6614	0.693145148771417418664952947438
507	6561087	6658	0.69314513845527114810352031781804
510	6599910	6695	0.69314512813979123340146770715364
513	6638733	6737	0.69314504998157755455423512103152
516	6677556	6774	0.69314503967535967543511787880561
519	6716379	6817	0.69314490215749713364346007438144
522	6755202	6854	0.69314492229563329228625434552669
525	6794025	6896	0.69314488886625980068600938466261
528	6832848	6939	0.69314487856257078757238332400448
531	6871671	6982	0.69314486825954679805050773211406
534	6910494	7019	0.69314485795719005256643185930443
537	6949317	7061	0.69314511903008824145189237242448
540	6988140	7104	0.69314510869448853203067528738757
543	7026963	7141	0.69314509835956017447244903451065
546	7065786	7178	0.6931452103497899308592877787305
549	7104609	7220	0.69314520000265433807840054214466
552	7143432	7256	0.69314518965618721058064011231181
555	7182255	7299	0.69314520708812898952544401254272
558	7221078	7336	0.69314519673523722342878272684175
561	7259901	7379	0.69314518638301747532892704839469
564	7298724	7417	0.69314517603146386104384646387189
567	7337547	7459	0.69314516568057893408649761113338
570	7376370	7496	0.69314529262235224926769205922028
573	7415193	7538	0.69314528226937488497583217395004
576	7454016	7575	0.69314534842394615044014472005074
579	7492839	7626	0.69314533806154765560592068140977
582	7531662	7677	0.69314522885052209932865707742167
585	7570485	7719	0.69314521851030896915091261689668
588	7609308	7755	0.69314520817076541447931958828121
591	7648131	7792	0.6931451802393218120101892054663
594	7686954	7835	0.69314524192027671123383925078087
597	7725777	7872	0.6931452315744036640765557422128
600	7764600	7915	0.69314521078840307666268927277997
603	7803423	7950	0.69314520044505556484182307031006
606	7842246	7987	0.69314507373285216829117416637018
609	7881069	8030	0.69314506339953452229707409060211
612	7919892	8067	0.69314505306689000452280424724449
615	7958715	8105	0.6931450427349119536302168853581
618	7997538	8148	0.69314503240360347824378095538123
621	8036361	8184	0.69314502207296047053830534423469
624	8075184	8227	0.69314492515484638079925616693799
627	8114007	8264	0.69314514318986852892123806668678
630	8152830	8306	0.69314519947151564949194835207891
633	8191653	8346	0.69314518912821576623883856882458
636	8230476	8383	0.69314517878558179475589895446319
639	8269299	8435	0.69314507697748850567620593210449
642	8308122	8478	0.69314501126558336618899147651973
645	8346945	8514	0.69314498187748596613744211936137
648	8385768	8557	0.69314497156401877475673245498911
651	8424591	8589	0.69314496125121549674474863422802
654	8463414	8632	0.69314495093907990685977438261034
657	8502237	8667	0.69314494062760789727661858705687
660	8541060	8704	0.69314525128925896790832439364749
663	8579883	8748	0.69314524093385943004363980435301
666	8618706	8785	0.69314523057913013381892142206198
669	8657529	8821	0.69314535705064361792437921394594
672	8696352	8864	0.69314534668891436552939921966754
675	8735175	8901	0.69314529511036204745266786630964
678	8773998	8943	0.69314528475066483625965929604718
681	8812821	8980	0.69314527106256607069667552423198
684	8851644	9022	0.69314526070809745483813912869664
687	8890467	9065	0.6931452503542948617720753645699
690	8929290	9101	0.6931452860565503470979820122011
693	8968113	9144	0.69314540957080650329658055852633
696	9006936	9181	0.69314539920975182241136280936189
699	9045759	9224	0.69314538884936482965315462934086
702	9084582	9262	0.69314537848964874466872743141721
705	9123405	9304	0.6931454450429069824579642045137
708	9162228	9346	0.69314549337647546334295611814014
711	9201051	9382	0.69314548299708766965210315902368
714	9239874	9426	0.693145400789649479555976085976
717	9278697	9462	0.69314558283384630765766587501275
720	9317520	9505	0.69314557245255259410043890966335
723	9356343	9543	0.69314556207192801196015352616087
726	9395166	9586	0.69314545688279627366767954299576
729	9433989	9630	0.69314544650998388686247153600561
732	9472812	9667	0.69314537494963446295770381766488
735	9511635	9710	0.69314541778172311659034221520415
738	9550458	9747	0.69314540740149621633747756277444
741	9589281	9790	0.69314539702194299941595545533346
744	9628104	9826	0.69314538664305702653223306697328
747	9666927	9863	0.69314537626484851173813694913406
750	9705750	9906	0.69314536588730557564730361264083
753	9744573	9942	0.69314556114364123118321003858
756	9783396	9985	0.69314565056185795111076686225715
759	9822219	10021	0.69314564015336022073654476116644
762	9861042	10063	0.69314562974553495244833811739227
765	9899865	10103	0.69314561933838547691522080640425
768	9938688	10146	0.69314515370836782270913545289659
771	9977511	10182	0.693145143377367656256637928891
774	10016334	10226	0.69314513202198446695234679282294
777	10055157	10263	0.69314496544737769223587520173169
780	10093980	10305	0.69314492955525475181843830796424
783	10132803	10342	0.69314491923484233826258105182205
786	10171626	10385	0.69314484659436859104175709944684
789	10210449	10421	0.69314481333569322174525950686075
792	10249272	10472	0.69314480302097247754744557823869
795	10288095	10516	0.69314479270691731205289443096262
798	10326918	10552	0.69314478239353116695298240301781
801	10365741	10595	0.69314477208081015646712330635637
804	10404564	10631	0.69314478116138567020954042163794
807	10443387	10674	0.69314477085074621687255103097414
810	10482210	10710	0.69314476054077445166257120945374
813	10521033	10762	0.69314475023146426835296551871579
816	10559856	10805	0.69314473992282166214806693460559
819	10598679	10842	0.69314472961484330237880158165353
822	10637502	10879	0.69314481345938683265472946004593
825	10676325	10922	0.69314480314564019813872164377244
828	10715148	10958	0.69314478480188113085347367814393
831	10753971	11002	0.69314482201425586804788281369838
834	10792794	11038	0.69314479083890434552017723035533
837	10831617	11080	0.69314478051776617917312250938267
840	10870440	11117	0.69314477019729481277465765742818
843	10909263	11159	0.69314475987748880303485066178837
846	10948086	11195	0.69314474957592142612128327527898
849	10986909	11238	0.69314473927771902417305227572797
852	11025732	11281	0.69314472898018308910650375764817
855	11064555	11317	0.69314473488657279975910796565586
858	11103378	11353	0.69314472459470344301024624655838
861	11142201	11395	0.69314471430349711145169067094685
864	11181024	11439	0.69314484801884146403239128630958
867	11219847	11474	0.69314489380339772139905107906088
870	11258670	11517	0.69314488349222036500663080005324
873	11297493	11553	0.69314471425514367908249369065743
876	11336316	11589	0.69314464250723162308531755115837
879	11375139	11622	0.6931446290291288780949230385886
882	11413962	11666	0.69314462311665792082493453563075
885	11452785	11702	0.6931446128190534849977666453924
888	11491608	11746	0.69314460252211640423070093675051
891	11530431	11782	0.69314457844873100800242582408828
894	11569254	11825	0.69314475696599464615843544379459
897	11608077	11861	0.69314562499283260965654562824056
900	11646900	11898	0.6931458270534992527345252710802
