0	0	0	0.69314718055914625871594125783304
3	2230	25	0.68003629410288335410683657755726
6	4460	51	0.66758488007712402101390125608305
9	6690	78	0.6548920193062707229003649445076
12	8921	104	0.64346778285613692727196166742942
15	11151	130	0.63130091874245797267661828300334
18	13381	157	0.61953913058257792378924477816327
21	15611	183	0.60946098626265354791797790312557
24	17842	210	0.5998463967438084631922379230673
27	20072	237	0.59028946049642383453459615338943
30	22303	263	0.58133513881864740113769585150294
33	24533	289	0.57337367186833543275525926219416
36	26764	315	0.56507176472175957293586634477833
39	28994	346	0.55777056993314544364181983837625
42	31225	376	0.55000470103799037335789989811019
45	33455	407	0.54238948402510500645945512587787
48	35685	436	0.53466060523759495470841329733958
51	37916	466	0.52807176811818035133683224557899
54	40146	496	0.52208321092743681379744202786242
57	42376	527	0.51601294633802152755919223636738
60	44607	557	0.50958410027910339135104322849656
63	46838	588	0.50403234747316005837092234287411
66	49069	618	0.49874636156808771492165988092893
69	51299	648	0.49298875396641900215044529431907
72	53529	678	0.48781393426933900014930145516701
75	55760	708	0.48333750627351063089420790674922
78	57991	740	0.47867968626383733399265452135296
81	60222	770	0.47436568457567435119770493656688
84	62453	815	0.47009009293222053793570580637606
87	64684	858	0.46546122421144897618461300226045
90	66914	900	0.46139927573540151506392703595338
93	69145	942	0.45696798540809868693912676462787
96	71375	986	0.4526161891806627091128234496864
99	73607	1028	0.44831246117213841007043129138765
102	75837	1071	0.44451960925252065326418460244895
105	78067	1113	0.44143346309492526025053393823327
108	80297	1156	0.43810061377271058979943063604878
111	82528	1198	0.43513799427115346096783810025954
114	84758	1243	0.43200484829682755938407012763491
117	86988	1286	0.42894077690062104579737933818251
120	89219	1321	0.42574200566937575596071496875084
123	91449	1357	0.42329009999122396701309867239615
126	93679	1392	0.42041330297461826370764015337045
129	95910	1427	0.41805674609746878989113838542835
132	98140	1463	0.41569017936341645658160359744215
135	100371	1497	0.41270720039543390411651557769801
138	102601	1532	0.40991189485301304795683563497732
141	104831	1568	0.40734008715924596710777905173018
144	107062	1604	0.40491273853517839587112803201308
147	109292	1639	0.40270295183817228501510498972493
150	111523	1674	0.40066047363934864655732326355064
153	113753	1710	0.39888958466527207891161310726602
156	115983	1745	0.39654566521825701519432527675235
159	118213	1775	0.39450104738077734767287552131165
162	120444	1805	0.39276418077525482308587356783391
165	122674	1836	0.39076644560202777878288316060207
168	124904	1868	0.38900762565046309582328376563964
171	127135	1899	0.38741322868298150305932381343155
174	129365	1930	0.38552618342631772563322556379717
177	131595	1962	0.38349622495522894816133430140326
180	133826	1993	0.38173493477625497494187811753363
183	136056	2024	0.3802945260811388394905918630684
186	138287	2056	0.3786149211935591063493689034658
189	140517	2088	0.37710456548028398193750376776734
192	142747	2119	0.37552775390981002479051653608622
195	144978	2150	0.37416701390435702645476112593315
198	147208	2181	0.37285006773629186804797086551844
201	149439	2212	0.37148398328369147680660944388364
204	151669	2244	0.37004686393775826358520930625673
207	153901	2280	0.36874538758378389013969922416436
210	156131	2316	0.36777763269149316149864148428605
213	158361	2351	0.36672083681924139142438434646465
216	160591	2388	0.36582198128024295824545220057189
219	162822	2425	0.36467232818444056396955943455396
222	165052	2459	0.36358236424271100917238186411851
225	167282	2495	0.36262619878124791039653018742683
228	169513	2531	0.36163415775664237150621715954912
231	171743	2569	0.36051149219871597706443822062283
234	173974	2605	0.35958979242275457277600025918218
237	176205	2641	0.35837752726365307287537120828347
240	178436	2677	0.35712085702559676070322325358575
243	180666	2714	0.35610171759465719665271876692714
246	182897	2746	0.35515074255382333978658948581142
249	185128	2776	0.35425008619488390637641828107007
252	187358	2806	0.35336815803305993144434182795521
255	189588	2837	0.35234743608552643312492591576301
258	191819	2868	0.35131110282170507908006129582645
261	194049	2898	0.35031656358341217716301230211684
264	196279	2929	0.34940153189712930270616197958589
267	198509	2960	0.34867078145915908482521672340226
270	200740	2990	0.34804371692999547249769420886878
273	202970	3021	0.34735773918706702723113721731352
276	205201	3051	0.34649977580058410886465480871266
279	207431	3082	0.3458060130915251995098458337452
282	209661	3114	0.34491792886256961159219258661324
285	211892	3143	0.34433847451901261615958560469153
288	214122	3174	0.34341535602347955657975830945361
291	216352	3205	0.34261912623144585854362276222673
294	218583	3240	0.34193606394035913620399469436961
297	220813	3277	0.34130072810863598675723551423289
300	223043	3313	0.34070715692007308428301826097595
303	225273	3350	0.33999735290208887850127439378412
306	227506	3386	0.3394119249716843755848572072864
309	229736	3422	0.33878336714051537903458211076213
312	231966	3460	0.33820424073430754852154223044636
315	234197	3495	0.33763241599949067595076712677837
318	236427	3533	0.33709965930489438346029373860802
321	238658	3569	0.33653651430152708989851362275658
324	240888	3605	0.33595831291433247978162057734153
327	243118	3641	0.3354491287941542831951835523796
330	245349	3678	0.33497255671726661185871876114106
333	247579	3709	0.33444617186693403887431941257091
336	249810	3741	0.33389316150565417906648235657485
339	252040	3772	0.33325560623416411454300600780698
342	254270	3804	0.33258862382143328240147184260422
345	256501	3835	0.33217946154589833573922419418523
348	258732	3865	0.33179337251063106828397053504887
351	260962	3895	0.33124870692947000483385977531725
354	263192	3926	0.33091276341989878106986111561127
357	265422	3957	0.3303763202268933385497007293452
360	267653	3986	0.32982164076164960375692203342624
363	269883	4018	0.32933858570370450058462097331358
366	272114	4048	0.32895718990835015604901059305121
369	274344	4079	0.32851011012568520630594548492809
372	276574	4109	0.32803072861308912866462605961715
375	278805	4142	0.3276640873489388705586122796376
378	281036	4177	0.32714403362228255955912459285173
381	283266	4213	0.32662302275214782909529276366811
384	285496	4249	0.32633520467835214207141802944534
387	287726	4285	0.32592264659294906126163482440461
390	289957	4322	0.32559426296181520621431104700605
393	292188	4358	0.32517636334419192101208295753167
396	294419	4395	0.3247931869029065943266232352471
399	296650	4432	0.32445325581798589720250447498984
402	298880	4468	0.32410717641498365537700010463595
405	301110	4505	0.32372010309334847688589320569008
408	303340	4542	0.32338774500341960216331926858402
411	305571	4579	0.32310550768868878668271804599499
414	307802	4615	0.32265671039793225594038972303679
417	310032	4647	0.3223572547141347333088390314515
420	312262	4679	0.32200364026758920843462874472607
423	314493	4710	0.32164380479079168750899953010958
426	316725	4741	0.32139336363670423235561202091048
429	318955	4772	0.32103406569249082203043599292869
432	321186	4805	0.32073502808768633576264051043836
435	323417	4836	0.32043871132017337499675591061532
438	325648	4867	0.32006041690370490293560123973293
441	327878	4899	0.31985869680735501408008758517099
444	330108	4930	0.31947190847653078593637587800913
447	332339	4962	0.31918939415716646168519332604774
450	334571	4994	0.31902531653297433456017984099162
453	336801	5026	0.31873140941062105824244099494535
456	339032	5055	0.3185732871108979957774920421798
459	341262	5086	0.31831468648947730537557276875305
462	343493	5118	0.31806765422062532877589546842501
465	345723	5156	0.3176423894121506164012203043967
468	347954	5193	0.31738182118140906284864399822254
471	350184	5228	0.31702796322961585007149665216275
474	352414	5265	0.31697292073515237476044603681657
477	354646	5301	0.31671788959145713571174951539433
480	356876	5337	0.3163824326992665803004456392955
483	359107	5373	0.31614846100795551686601925212017
486	361337	5408	0.31584204451980990580040042914334
489	363567	5445	0.31551511063913906252054175638477
492	365798	5480	0.31528387223892728741247992729768
495	368028	5515	0.31503791717249784998244876987883
498	370259	5551	0.31476724377678561017646075015364
501	372489	5587	0.31459410177563507104991913365666
504	374720	5616	0.3143074885346240909811399433238
507	376950	5646	0.31403341774522453011542211243068
510	379180	5678	0.31389017847623262857936765612976
513	381411	5710	0.31367748282475660381862780923257
516	383642	5741	0.31355509573124168420932278422697
519	385872	5772	0.31324373485458606447551233031845
522	388102	5802	0.31303585778715298237884212539939
525	390332	5833	0.31276550758224114234806734202721
528	392563	5863	0.31254588292704527097143341052288
531	394793	5894	0.31234612886066071002488797603291
534	397023	5927	0.31210978243366721551765863296168
537	399254	5959	0.31188498580459883546822652533592
540	401484	5989	0.31161373948781517784212269361888
543	403715	6021	0.31129955550774446315642762783682
546	405946	6052	0.31103256864973322093348429007165
549	408176	6089	0.31087978848069863779812749271514
552	410408	6125	0.31067092070447743790140293640434
555	412638	6160	0.31045254184409004638567353140388
558	414869	6196	0.31015468007395013971816410958127
561	417099	6231	0.31004393566271343241069757823425
564	419329	6268	0.3098669683131198837600095430389
567	421560	6304	0.30959668905005627292936765115883
570	423791	6341	0.30939336649792492650590247649234
573	426021	6377	0.30914304616736121289477523532696
576	428251	6413	0.30896771547216483888576021854533
579	430481	6448	0.30875096721096695340236237825593
582	432712	6485	0.30850026551130765861685745221621
585	434943	6521	0.30828850612055541668965474855213
588	437174	6552	0.30809802866433433354842463813839
591	439404	6584	0.30792546233032769276150020232308
594	441635	6616	0.30771033658568736068872340183589
597	443866	6647	0.30759421416592824805036343605025
600	446096	6679	0.30742107310817717857887032550934
603	448326	6710	0.30719022125815831358863761124667
606	450556	6739	0.30700345379809218515632096568879
609	452787	6770	0.30679437452194907587355032774212
612	455018	6801	0.30655592527183056494877178010938
615	457248	6831	0.3063848783683943977074193298904
618	459478	6862	0.3061685947592666101613190221542
621	461709	6894	0.30602156018834919537496830344026
624	463939	6925	0.3058497308119479396459894360305
627	466170	6957	0.30566825834306887710312139461166
630	468400	6987	0.30552090261962921990956942863704
633	470630	7025	0.30544062416329759157562762084126
636	472862	7061	0.30530523665718922732281725984649
639	475092	7097	0.3051455473519024685913336725207
642	477322	7133	0.3050281250834776525238112299121
645	479553	7169	0.30478994485871130359910807783308
648	481783	7207	0.30458368416958642166392223771254
651	484013	7243	0.30452395471849186270318909919297
654	486244	7279	0.30434756963742326529853698957595
657	488475	7316	0.30423559131503707941845959794591
660	490705	7353	0.30407579755231012308414051403815
663	492935	7390	0.30391449916732865554891418469197
666	495166	7426	0.30379792694083707083052559028147
669	497396	7462	0.30359850363440815668170102981094
672	499627	7494	0.30349777066035532602228386167553
675	501857	7525	0.30331926458088631637366461291094
678	504088	7557	0.30317110137895963983822866794071
681	506319	7588	0.30305088072760766326751991073252
684	508549	7619	0.30284726977387882440595490152191
687	510779	7651	0.30267137555999035214426839957014
690	513010	7682	0.3025719071503132351352860496263
693	515240	7712	0.30239248340182134366926902657724
696	517470	7742	0.30223482369168358507849347915908
699	519700	7773	0.30210956428635610260258204107231
702	521931	7804	0.30196377621966574711365183247835
705	524162	7835	0.30181978946442178379783172204043
708	526392	7866	0.30168205486944366100487968651578
711	528622	7898	0.30153681119180181235961413221958
714	530854	7930	0.30134911084341142739617680490483
717	533085	7962	0.30120360834546572315062462621427
720	535315	7997	0.30106257746566006394672854185046
723	537545	8034	0.30098990098937106196785862266552
726	539776	8070	0.30088419562803192519595540943556
729	542006	8106	0.30082082495099143892858251092548
732	544236	8143	0.30074436153820710559969597852614
735	546467	8179	0.30062963551306759457659723011602
738	548697	8215	0.30044586569938447340177845035214
741	550928	8251	0.30029141704486156383424599880527
744	553158	8288	0.30011335224972240931506917149818
747	555389	8323	0.29995455620071420632655190274818
750	557620	8360	0.29979738969895736167003974514955
753	559851	8396	0.2996057046792892641917660512263
756	562082	8432	0.29951107528159531812050886401266
759	564313	8463	0.29937265938448126556536976750067
762	566543	8493	0.29930449746528198229356121373712
765	568773	8525	0.29917139627941990998039045734913
768	571003	8556	0.29899520123672801430458889626607
771	573234	8587	0.29885366867602752849464309292671
774	575464	8617	0.2987329486990983329341986518557
777	577694	8649	0.29865877720817396445696090268029
780	579924	8680	0.29847997770562456620879743240948
783	582155	8712	0.29828470257389283482041264505824
786	584387	8743	0.29812790733790800468128168176918
789	586617	8773	0.29808224541546229913180354742508
792	588848	8805	0.29790720569863909927832423818472
795	591078	8837	0.29785137681286832922467056050664
798	593309	8867	0.29773229382439891921308117161971
801	595539	8897	0.29762904551814328701908607399673
804	597769	8930	0.29744161205752023269255346349382
807	600000	8966	0.29726395274559935799629784014542
810	602231	9003	0.29714867421650675849420508711773
813	604461	9037	0.29707103317964933530959115159931
816	606692	9074	0.29698337991579282224563485215185
819	608922	9111	0.29682629280320360631861831279821
822	611153	9147	0.29676506400752261649600427517726
825	613383	9183	0.29665671555857703323155760699592
828	615614	9219	0.29652377851591310564671744032239
831	617844	9254	0.2964243400730882105342800514336
834	620074	9290	0.29631713908100304477599706842739
837	622304	9325	0.29621686480997372337142792275699
840	624535	9361	0.2961225341547112921425366494077
843	626765	9397	0.29602332759144411866714108327869
846	628995	9428	0.29588291898501822840827912841632
849	631225	9459	0.29575930768864761022385323485651
852	633456	9491	0.29564969298538923414554346891236
855	635686	9521	0.29562715204813616587387059553294
858	637916	9552	0.29554536068662939918283427687129
861	640147	9584	0.29543036506121678197445135083399
864	642377	9614	0.29528047041467370137368675386824
867	644607	9645	0.29516093333193860193119917312288
870	646837	9674	0.29499716378959683904525945763453
873	649068	9706	0.29489878084847664929668553668307
876	651299	9737	0.29484896910797703251105872368498
879	653529	9768	0.29469217876483649876107051568397
882	655760	9800	0.29457982579699465430778104746423
885	657990	9830	0.294486038807762362523590127239
888	660220	9861	0.29442049115569884909504594361351
891	662451	9898	0.29430151308263158282940707977104
894	664682	9935	0.29416820927555609177517226271448
897	666913	9971	0.29409920609137002456279219586577
900	669143	10007	0.29398389797280333191054069175152
