0	0	0	0.69314718055914625871594125783304
3	2200	0	0.67585049139652475513884155589039
6	4401	1	0.66390785587798617495280950606684
9	6601	2	0.65045975737996530874340805894462
12	8802	3	0.63362926510584238748435836896533
15	11002	4	0.62519706982664657868298263565521
18	13203	5	0.61105781420460825170692942265305
21	15403	6	0.60535213792958841860780694332789
24	17604	7	0.59250847187566080265241907909513
27	19804	8	0.5859020917426800423299937392585
30	22005	9	0.57810797356510579270150174124865
33	24205	10	0.56860615262275349124365675379522
36	26406	12	0.56287983043444456132675668413867
39	28606	13	0.55761985938308400445606594075798
42	30807	14	0.54657150785314423391270111096674
45	33007	15	0.53978627835709769300365223898552
48	35208	16	0.53886684931255846020548005981254
51	37408	17	0.53528360203638991610120001496398
54	39609	18	0.52928827175329373755374717802624
57	41809	19	0.52559290428027150010592549733701
60	44010	20	0.51751665156371451370631575628067
63	46210	22	0.50891935627108653150685313448776
66	48411	23	0.50647532591254440514916268512025
69	50611	25	0.50205823944554095472625476759276
72	52812	26	0.5019272726693952968446410523029
75	55013	27	0.49938843579035230302309855687781
78	57213	29	0.49557604670441385286139279742201
81	59414	30	0.49345816976175771451096352393506
84	61614	32	0.49122689702317112736551507623517
87	63815	33	0.48230649823315663304867939586984
90	66015	34	0.47685649903996718546039801367442
93	68216	36	0.47090286621063914829221630498068
96	70416	37	0.4640002571870466274717159649299
99	72617	38	0.45988049950540754728933734440943
102	74817	40	0.45678579754337711449352354975417
105	77018	41	0.45116134230648696767929095585714
108	79218	42	0.4477082570422003526822152252862
111	81419	43	0.4419251971599389428035919991089
114	83619	45	0.4378573608485783474897345968202
117	85820	46	0.43452404285991841348391062638257
120	88020	47	0.43098549515730488757014882139629
123	90221	48	0.42643041445317003690362867018848
126	92421	50	0.424192497075863872435519397186
129	94622	51	0.42292569729357870622621362599602
132	96822	52	0.41949497390998807810902349046955
135	99023	53	0.41847388237448301939735983978608
138	101223	55	0.41542641339641889208778025022184
141	103424	56	0.4148599666564202759211354987201
144	105624	57	0.4131232349045099172535344678181
147	107825	58	0.40983629373116353677986012371548
150	110026	59	0.40849271491572336501008066989016
153	112226	60	0.40826968282316239422513604040432
156	114427	61	0.40681717720994048370641849032836
159	116627	62	0.40475093561384217766274673522275
162	118828	63	0.4028854897074788388167121411243
165	121028	64	0.40151163460814071060056562600948
168	123229	65	0.39721114816401958957925444337889
171	125429	66	0.39446862125608245230878878828662
174	127630	67	0.39116985387582137168038798336056
177	129830	68	0.38914258225105013977440648886841
180	132031	69	0.3884287183915626218144723225123
183	134231	70	0.3878123489346587127180043808039
186	136432	71	0.38564776573083126010033083730377
189	138632	72	0.38197705005301474390222438159981
192	140833	73	0.38029136070056884788570528144191
195	143033	74	0.37984559810349816100227826609625
198	145234	75	0.37874367088739219200377306151495
201	147434	77	0.37712069303711820422719824819069
204	149635	78	0.375278112867534818786197092777
207	151835	79	0.37371591265707143625363073624612
210	154036	80	0.37195292025985848827218660517246
213	156236	81	0.36979192064312715881868598444271
216	158437	82	0.3688279281561732680927434557816
219	160637	84	0.36809698488736863897230477959965
222	162838	85	0.367662263785171361529791056455
225	165039	86	0.36745115422790536330310828816437
228	167239	87	0.36612931305590584729614533898712
231	169440	88	0.36550845380331958844877249248384
234	171640	89	0.36425945597050196633759355790971
237	173841	90	0.36361507212678334521882561602979
240	176041	92	0.36289419979292680817906102674897
243	178242	93	0.36147373996797121931123797367036
246	180442	94	0.36055802432324052242407219637244
249	182643	95	0.35972798052083249098487272021885
252	184843	96	0.35802701840596007354378116360749
255	187044	97	0.35714991895974718127959590674436
258	189244	98	0.35581021663850442848797683836892
261	191445	99	0.35541985314755153435584134058445
264	193645	100	0.35466524126095655411461393669015
267	195846	101	0.35445857487946585973048740925151
270	198046	102	0.35263222138655364590320573370263
273	200247	103	0.35290207076560747845306309500302
276	202447	104	0.35237588136592423726511924542137
279	204648	105	0.35269164016150300611229795322288
282	206848	106	0.35232312735102955247867839716491
285	209049	107	0.35234617205279372686987926499569
288	211249	108	0.35039218672751759608985366867273
291	213450	109	0.3492187635103148890536317594524
294	215650	110	0.34838501750309730509158612221654
297	217851	111	0.34732991154853809501190653463709
300	220052	112	0.34678018332042270799320249352604
303	222252	113	0.34572596262807825384655302514147
306	224453	115	0.34472788112091634626921177186887
309	226653	116	0.34402842030046210108906734603806
312	228854	117	0.34327516253693662884316495365056
315	231054	118	0.34257367696604118512127001849876
318	233255	120	0.34142650059207169110919721788378
321	235455	121	0.34131671980489930451341251682607
324	237656	122	0.34098192490904893903191918980156
327	239856	123	0.33984644818179310377104229701217
330	242057	125	0.34013645444105028436965199034603
333	244257	126	0.33953595296008615145311182459409
336	246458	127	0.33957916868924081787994850856194
339	248658	128	0.33996362555706893804341461873264
342	250859	129	0.33990797398707650600613305869047
345	253059	131	0.33860234097696012556255595882249
348	255260	132	0.33902487338407388817174137329857
351	257460	133	0.33851052450159974105403648536594
354	259661	134	0.3383469404818458259320834713435
357	261861	135	0.33688854378751964535609886297607
360	264062	136	0.33572947534876390607294638357416
363	266262	137	0.33578833868111002125544928276213
366	268463	138	0.33466042542608115395452728080272
369	270663	139	0.33424588172371466621157765075623
372	272864	140	0.33430560587093277602477314758289
375	275065	141	0.33416846916116416110753561952151
378	277265	142	0.33267884499885957971798688959097
381	279466	143	0.33158263384208908064465504139662
384	281666	144	0.3314012730112769200552236270596
387	283867	145	0.33166980067335705140152413150645
390	286067	146	0.33225580217199940369354749236663
393	288268	147	0.33097728219152416917481218661123
396	290468	147	0.33082541373406643137045080038661
399	292669	148	0.3300157680342267751960605437489
402	294869	149	0.33024778090235867855639639856236
405	297070	150	0.33016384260114273185848787761643
408	299270	151	0.32901595412275946861413444821665
411	301471	152	0.32871546740963480948138908388501
414	303671	153	0.32861028323869767575615696841851
417	305872	154	0.3286422617341796525991526323196
420	308072	155	0.3274591459833431361658995228936
423	310273	156	0.32742746478362283468754867499229
426	312473	157	0.32644715568705229280510593525833
429	314674	158	0.3257954806278060555513320650789
432	316874	159	0.3253768996446321781768062919582
435	319075	160	0.32500194100372575833901578334917
438	321275	161	0.32526880541522196210735273780301
441	323476	162	0.32512667922717702895241131955117
444	325676	163	0.32519521596147110686914061261632
447	327877	164	0.32466237108538814615243950356671
450	330078	165	0.32446637898512331599221170108649
453	332278	166	0.32447078590596706293425199874036
456	334479	167	0.32399845777201602414763215165294
459	336679	168	0.32408126885540117223527545320394
462	338880	169	0.32427174032827543737056430472876
465	341080	171	0.32396309223153352263580018188804
468	343281	171	0.32335006295780971408149184753711
471	345481	173	0.32264427258251426877677658922039
474	347682	173	0.32240772088650354598726721633284
477	349882	174	0.32216521076902038256406513028196
480	352083	176	0.32147931111906363765839955703996
483	354283	177	0.32113204460215305502401861303952
486	356484	177	0.32097651235701918359666251490125
489	358684	178	0.31986726982629110072053890689858
492	360885	179	0.32021722399568913752787580051518
495	363085	181	0.31995137261226969105365469658864
498	365286	182	0.31988998851809730128437081475568
501	367486	184	0.31958676656956286343813644634793
504	369687	185	0.31970878637046712400504588913464
507	371887	187	0.31984562775066377460220223838405
510	374088	188	0.31882733265629181751421583612682
513	376288	189	0.31853341487575304036283796449425
516	378489	191	0.31902989538257237045471015335352
519	380689	192	0.31853567749932504282739387235779
522	382890	193	0.31920317198416831017127037739556
525	385091	194	0.31876493682913087379660055376007
528	387291	196	0.31825688613396213577644289216551
531	389492	198	0.31795754668762804540094180083543
534	391692	199	0.31840344763544597972426686283143
537	393893	200	0.31860210935148219890677978582971
540	396093	201	0.31843898683743804278734046420141
543	398294	202	0.31834960338132350932127678788675
546	400494	204	0.31826727456968495477696023954195
549	402695	205	0.31736968664783166138576575576735
552	404895	206	0.31716428708637400823988627962535
555	407096	207	0.31703131133617229453491859203496
558	409296	209	0.31699829284159902753614801440563
561	411497	210	0.31652041155664650817769256718748
564	413697	211	0.31593513029576369977036165437312
567	415898	213	0.3154711564173818816314565083303
570	418098	214	0.31526192398701274877126365936419
573	420299	215	0.31521267641106620605029320358881
576	422499	216	0.31504667171094552502452756925777
579	424700	217	0.31486791171423933466400058023282
582	426900	218	0.31501846583879394847471644425241
585	429101	219	0.31433610006415535487178658513585
588	431301	220	0.31424866550242586127339450285945
591	433502	221	0.31418801503134513586346088231949
594	435702	222	0.31399445015480748066849514543719
597	437903	223	0.31371495777496899437508659502782
600	440104	224	0.31356257029438439065671673233737
603	442304	225	0.31346467623643048394654897492728
606	444505	226	0.31296415589277748470209417064325
609	446705	227	0.31285078473856925418417063156085
612	448906	228	0.31278413185960207698599333525635
615	451106	229	0.31260959557325523894277807812614
618	453307	230	0.31239003734817089030784131864493
621	455507	231	0.31250347178952808668839224992553
624	457708	232	0.31222289599429636774985397096316
627	459908	233	0.31168438463486020095771777960181
630	462109	234	0.31146321817064398507213240918645
633	464309	236	0.31109299872410006715384156450455
636	466510	237	0.31064583944051071817682441178476
639	468710	238	0.31009158444693879497222610552853
642	470911	240	0.30989115066394140596273132359784
645	473111	241	0.30937176258590554089877855403756
648	475312	242	0.30928513415563174682176850183168
651	477512	243	0.30900344532793755369937116483925
654	479713	244	0.30877296323203651251532164678792
657	481913	245	0.30887282938841481572112002140784
660	484114	246	0.30805198545281781141724763983802
663	486314	248	0.30786605838787911570975097674818
666	488515	249	0.30765248834913483388930899309344
669	490715	250	0.30778335161823910937073378590867
672	492916	251	0.30762705083965835584081105480436
675	495117	252	0.30711814222922378947444599361916
678	497317	253	0.30727445049181184577591352535819
681	499518	254	0.30745487728182974151991402322892
684	501718	255	0.30717057702035688304675886683981
687	503919	256	0.30712995310231172574333413649583
690	506119	257	0.30672620549300733117092931934167
693	508320	258	0.30666791611402532957697530946461
696	510520	259	0.3065945119970524546104684304737
699	512721	260	0.3064877907838323145561787441693
702	514921	261	0.30681203647274180035253721143818
705	517122	262	0.30630235387175930306113968981663
708	519322	263	0.30620114244910295875357064687705
711	521523	264	0.3060031201499425757006633830315
714	523723	266	0.30571678348113084933146410548943
717	525924	267	0.30490184865968444904993361888046
720	528124	268	0.30501232636585751123448062571697
723	530325	269	0.30491778925838830538452839391539
726	532525	270	0.30451713506566729927627079632657
729	534726	271	0.30386823632438630937713242019527
732	536926	272	0.30391001504498665886089270316006
735	539127	273	0.30355818529348693735059327991621
738	541327	274	0.30334438770528077133903366302548
741	543528	274	0.30309133634183649252946679553133
744	545728	275	0.30267097547818755387538658396807
747	547929	276	0.30278600879024358816238304825674
750	550130	277	0.30237344646496122635426218039356
753	552330	278	0.3024670720697992254422103997058
756	554531	279	0.30220168421820681192713209384237
759	556731	280	0.3021785799312594056331704450713
762	558932	281	0.30204801025490896071445945381129
765	561132	282	0.30249113555693357691112055363192
768	563333	283	0.30247300653412195758917846433178
771	565533	284	0.30227117000821485115480413696787
774	567734	285	0.30229794587581143572307951217226
777	569934	286	0.30197300698522189232875234665698
780	572135	287	0.30181842628759381064185163268121
783	574335	288	0.30178506608407823508244405275036
786	576536	289	0.30177952336369712194041881048179
789	578736	290	0.30163269885413485082992224306508
792	580937	291	0.30160559961342509049941895682423
795	583137	292	0.30112696258003474047981740113755
798	585338	293	0.30056915576617393437430791891529
801	587538	294	0.30062473667894934470368184520339
804	589739	295	0.30047922425608075691627618653001
807	591939	296	0.3001482407352639714126496528479
810	594140	297	0.29989073104438324079978883673903
813	596340	299	0.30005602349391163885528044374951
816	598541	300	0.3000662991682496727463558272575
819	600741	301	0.30014886956489683633719778299564
822	602942	302	0.30008255891432267237206588106346
825	605143	303	0.29980297034179570481171595019987
828	607343	303	0.29963091348489229170937164781208
831	609544	304	0.29934290507796018632191703545686
834	611744	306	0.29901569399363975287897687849181
837	613945	307	0.29882575174045095112163039630104
840	616145	309	0.29888883080259093238950640625262
843	618346	310	0.29911381488327487554457206897496
846	620546	312	0.29912154363273679713586261641467
849	622747	313	0.29941588709424471481668206251925
852	624947	315	0.29904789530191372426415341578831
855	627148	316	0.29886684702267196644953628492658
858	629348	318	0.29884947068836076322639883073862
861	631549	319	0.29912149379918295810654171873466
864	633749	321	0.29892329042225318502801201248076
867	635950	322	0.29892317967008213974722252714855
870	638150	323	0.29860701068382911049781114343205
873	640351	324	0.29832339298000953853318151232088
876	642551	326	0.2981812629752960130957717410638
879	644752	327	0.29833718500530664874403896646982
882	646952	328	0.29826861548859556760859845780942
885	649153	329	0.29865421839173117435350945925165
888	651353	330	0.29851159546985278625541582186997
891	653554	331	0.29841197635897248607861342861725
894	655754	332	0.29813473262523165763226984381618
897	657955	334	0.29814508173543474711664202914108
900	660156	335	0.29807820817819141723248321795836
