0	0	0	0.69314718055914625871594125783304
3	2261	72	0.67976206301576114210405421545147
6	4522	143	0.66703030732057433382919953146484
9	6783	215	0.65457578389421611220200247771572
12	9046	289	0.64334381000973461794956165249459
15	11307	363	0.63143655753162530874789126755786
18	13570	438	0.62041085261487438629046664573252
21	15833	512	0.60996221261301042382285686471732
24	18095	585	0.59939216556289653947686701940256
27	20356	647	0.58978278002515505118452665556106
30	22617	711	0.58025654461056808131047546339687
33	24882	773	0.57163207165437557311093996759155
36	27143	835	0.56351342784275482156175485215499
39	29405	898	0.55546232324931388291133771417663
42	31667	962	0.54754491411092698349705187865766
45	33930	1023	0.54013895019347601955672644180595
48	36191	1086	0.53310779342826508653274686366785
51	38454	1149	0.52616112546693172280498629334033
54	40716	1211	0.51894433222050340148712166410405
57	42979	1274	0.5125812663099055255244707041129
60	45240	1337	0.50667675453617488923185874227784
63	47502	1400	0.5011998461416515837640872632619
66	49764	1461	0.49563436647986774952201471933222
69	52025	1535	0.49019483528607998845672000243212
72	54286	1607	0.48534750639340201727733870029624
75	56547	1680	0.48027534660154042045476785460778
78	58810	1754	0.47582863924274687583704235294135
81	61072	1829	0.47108450404518065202097432120354
84	63335	1903	0.46675257220557875292854532744968
87	65597	1975	0.46265730454326908782647365114826
90	67859	2048	0.45812923689659118542394367068482
93	70120	2122	0.45420691872552920731465064818622
96	72382	2194	0.45032942923147173397424580798543
99	74644	2269	0.44639925823167891927312211919343
102	76908	2341	0.44292704149359057863577504576824
105	79169	2405	0.43949790672958582993246068326698
108	81431	2469	0.43599120751386821748241118257283
111	83694	2528	0.43298338085921644902143157196406
114	85955	2591	0.42960640903439106796923852016334
117	88218	2652	0.42651250580692356972889456301345
120	90479	2714	0.42350984844383116056931726234325
123	92740	2776	0.42037765294319862086069861106807
126	95001	2838	0.41742191467264067039621977528441
129	97264	2900	0.41493547642890321602848757720494
132	99526	2962	0.41240944397064688287102285357832
135	101789	3023	0.40945710224115683395496034790995
138	104050	3083	0.40715643850479743548476108117029
141	106311	3147	0.40522566691374195535502167331288
144	108575	3210	0.40322812507770094958559070619231
147	110838	3282	0.4010401079803398993739449451823
150	113099	3353	0.39907522478759660522484864486614
153	115360	3426	0.39686432383934827639038189772691
156	117621	3498	0.39483649755414174098433477411163
159	119883	3573	0.39317618326084152746702216063568
162	122147	3649	0.39140489979409276433131026351475
165	124410	3724	0.3894441812889030685163049838593
168	126674	3797	0.38731462191835019925889582737
171	128937	3871	0.38564876303658895961845587407879
174	131198	3944	0.38406086176729997694323515133874
177	133459	4019	0.38240836051748589019538826505595
180	135722	4090	0.38074797779068064729202092166815
183	137983	4151	0.37911436044122664990041471355653
186	140244	4215	0.37750938494971725267745910059602
189	142507	4278	0.37618240809724529105650958626939
192	144769	4341	0.37486153260984711454995021995273
195	147033	4402	0.37346140218122853005056072106527
198	149294	4468	0.37197892150985134573915047440096
201	151559	4530	0.37045354290537080288459037547
204	153821	4593	0.36904921812902746758311423036503
207	156083	4655	0.36775542519858916978847673817654
210	158346	4717	0.36665080834598889891751127834141
213	160607	4783	0.36535967833943067128998904991022
216	162872	4844	0.36412683286932012727277196972864
219	165133	4907	0.36293874719628127500925529602682
222	167396	4980	0.36186742134800414794071343749238
225	169657	5054	0.36067418238143161834940997323429
228	171918	5126	0.35959501365132784389544440273312
231	174180	5198	0.35826843595901380901125321543077
234	176441	5271	0.35736622321197231144651595968753
237	178703	5346	0.35640055915909618633463651349302
240	180967	5418	0.35551461690756885891673277910741
243	183228	5489	0.35446458300731858992449474499153
246	185490	5559	0.35352772315735042640838514671486
249	187751	5633	0.35251882938850676030284603257314
252	190013	5704	0.35153146208080099377468741295161
255	192276	5776	0.35054536447437345536570774129359
258	194537	5839	0.34956083153731704049604900319537
261	196800	5903	0.3488269560659553736314819616382
264	199064	5967	0.34794428246245567848404789401684
267	201326	6030	0.34722148218687065579501904721837
270	203589	6094	0.34641549814929528672280412138207
273	205852	6158	0.34567009483651450763019852274738
276	208116	6221	0.34485682064796152612728974418133
279	210379	6283	0.34415836925270504309537500375882
282	212640	6347	0.34345454614861431474892583537439
285	214904	6411	0.34297455872599147408408271076041
288	217166	6472	0.34218869471510943158776285599743
291	219428	6536	0.34154246573721686042190981424937
294	221690	6599	0.3408710212625338242808936684014
297	223951	6661	0.34032961427057295544784665253246
300	226213	6734	0.33962914035280228342017494469474
303	228475	6807	0.33898338210203826648125868814532
306	230738	6880	0.33832133671520114859276873175986
309	232999	6953	0.33766528037358073399687441451533
312	235260	7026	0.33701790129644398907871050141694
315	237521	7100	0.33639554665071053074498763635347
318	239785	7172	0.33586662437779474243981781000912
321	242046	7243	0.33516807698658335201713498463505
324	244308	7319	0.33475074740454530131117394375906
327	246572	7391	0.33420531506060230375609876318777
330	248833	7467	0.3337694764709201455943343717081
333	251098	7541	0.33328103072248532745547322519997
336	253360	7605	0.33271305767179976120573314801732
339	255624	7668	0.33213933336618289837716133661161
342	257887	7731	0.33176369792079335452328336941719
345	260149	7796	0.33129613401129764937991240003612
348	262413	7860	0.33078329756485463919446488034737
351	264676	7922	0.33028799938089697940668543196807
354	266937	7986	0.32984778985597190681389179189864
357	269199	8048	0.3293277279130912282845145000465
360	271461	8110	0.3288141094731973912423939054861
363	273723	8171	0.3285187591826408404216408598586
366	275984	8235	0.32809241047028120386030991539883
369	278246	8297	0.32767182180155085546857662848197
372	280508	8361	0.32731401673663024221028194915561
375	282769	8430	0.32683647305698632079540288941644
378	285031	8503	0.3264223743331913785148401530023
381	287293	8574	0.32605829675209907492217098479159
384	289555	8646	0.32573616999842991415192727799877
387	291816	8719	0.32530677417549624941273123113206
390	294077	8791	0.32497708063240521303427499333338
393	296338	8865	0.32455538307033543476975978592236
396	298601	8939	0.32412527494237336478377642379201
399	300862	9010	0.32382749305246288917814467822609
402	303123	9081	0.32347478038594829063967495130782
405	305384	9155	0.32307375737151750039188868868223
408	307646	9228	0.32270487596003349928253101097653
411	309907	9290	0.32239918446582033206837536454259
414	312168	9353	0.3221085491365711650502134943963
417	314431	9421	0.32182181256850428408000652780174
420	316696	9483	0.32144226774289713643995014535903
423	318958	9545	0.32106168986724026304102608264657
426	321220	9609	0.32066378366530079446761192230042
429	323481	9671	0.32039816854624403319462544459384
432	325742	9735	0.32004491074838842257221926956845
435	328006	9798	0.31962561003841566398264717463462
438	330267	9861	0.31931272583790609731480003574688
441	332530	9923	0.31909532702232384915319585161342
444	334791	9985	0.31874363445761783042442516489245
447	337052	10048	0.31851521969888335616971630770422
450	339315	10111	0.31814897304785472176291705181939
453	341579	10185	0.31785928325012074990851829170424
456	343841	10260	0.31760818740640595070345852946048
459	346104	10332	0.31729603714481025011906467625522
462	348365	10402	0.31703760454612539554375416628318
465	350626	10475	0.31674938710333533364860159053933
468	352887	10551	0.31648155375164999103532181834453
471	355150	10625	0.31618988101968503734440218977397
474	357412	10697	0.31595175027171251702640120129217
477	359674	10769	0.31569293132583647887301481205213
480	361935	10842	0.31538066072447690224578309425851
483	364196	10914	0.31508502134497645696953327387746
486	366457	10989	0.31477946711717041949896156438626
489	368720	11053	0.31455710919227070077042185403116
492	370984	11116	0.31429747961149373525202577184245
495	373245	11180	0.31404121748228824850812657132337
498	375506	11243	0.31380146735139891056576288974611
501	377769	11305	0.31359161705351984439360535361629
504	380030	11366	0.31328407056667106900249564205296
507	382291	11432	0.31302819124334968492462394351605
510	384555	11494	0.31282300676155638807784953314695
513	386816	11557	0.31253025750958135509094404369534
516	389077	11619	0.31228904917379168848512449585542
519	391339	11682	0.31200057635984362880421372210549
522	393600	11745	0.31182082500711272299298570942483
525	395861	11807	0.31159142024809427518050597427646
528	398124	11880	0.31137358648656543458344003738603
531	400386	11954	0.31107276315798798593803553558246
534	402649	12027	0.3107744480979237056139652395359
537	404910	12101	0.31057684241035216077264635714528
540	407171	12174	0.31040426675905891107376533000206
543	409433	12248	0.3101700136854382283679854026559
546	411694	12321	0.31000148499138713287237578697386
549	413955	12393	0.30980785675451411043113125742821
552	416216	12470	0.30958146551270177004866468450928
555	418480	12542	0.30945092292864978533728503862221
558	420741	12616	0.30919461062251291094682414950512
561	423004	12687	0.30902642459534823693445559911197
564	425265	12753	0.30874018974917921687151078913303
567	427530	12814	0.30849710470915664428659397344745
570	429791	12878	0.30831925896825335131623546658375
573	432054	12939	0.30814467254088589998062275299162
576	434316	13001	0.30793798680759365549164385811309
579	436579	13065	0.30777483885258399842754784003773
582	438842	13129	0.30756225110289642232785922715266
585	441104	13191	0.30735165007982007123743528609339
588	443365	13253	0.30715867787614081763081230747048
591	445629	13315	0.30704687350172171766971018769254
594	447890	13376	0.30687561440820898539527661341708
597	450153	13439	0.30672395453300232981419526367972
600	452414	13502	0.30658681295638040564810467003554
603	454677	13567	0.30639632421084550539802648927434
606	456941	13640	0.30627077200281804802983742774813
609	459203	13715	0.30603728142546160473358440867742
612	461466	13788	0.30585589236991905792706347710919
615	463728	13862	0.30567268560049276615586677507963
618	465991	13934	0.30554631957382732965200489161361
621	468253	14008	0.3053292823075220985273858786968
624	470516	14079	0.30515566765891155576184701203601
627	472777	14155	0.30501681062483004813756792827917
630	475042	14227	0.30483778219036000711739120561106
633	477303	14302	0.30467326783048365168582449769019
636	479565	14375	0.30449184866890816048012879946327
639	481826	14447	0.30433423828482086825886199221713
642	484088	14509	0.30414109085700286039255502146261
645	486351	14570	0.30388716621598965694772687129444
648	488612	14630	0.30367490709413552663065161141276
651	490873	14690	0.3035526047885943601301050875918
654	493135	14752	0.30335659835292988484312104446872
657	495397	14816	0.30322553372441624075506183544348
660	497661	14881	0.30302120817447009137879376794444
663	499925	14944	0.30289745388653033231207700737286
666	502187	15006	0.30277478937342361398066259425832
669	504449	15068	0.30259079793217386056269901928317
672	506710	15129	0.30245795839253253323164472021745
675	508971	15189	0.3023178210897322082395533016097
678	511232	15251	0.30214092918086021821721942615113
681	513493	15312	0.30197910038295422419096780686232
684	515755	15383	0.30184432620841977756853680148197
687	518016	15456	0.30169446123437154705371199270303
690	520277	15527	0.3015577879251003512450779453502
693	522538	15599	0.30140586053046208858674503971997
696	524801	15670	0.30130325790025841437014264556637
699	527062	15742	0.30114337528322399073488213616656
702	529323	15814	0.30100775906781163104852794276667
705	531586	15885	0.30085718626930435526389828737592
708	533847	15957	0.30073963365810185699444900819799
711	536108	16028	0.30058400512126098869103429933602
714	538370	16100	0.30041153361953931710814913458307
717	540632	16166	0.30022447647787542379660408187192
720	542893	16226	0.30010916256994824014014966451214
723	545155	16287	0.29999356302568047638601456128526
726	547416	16348	0.29984691584603095915184667319409
729	549678	16411	0.29973818359344928108356498341891
732	551941	16473	0.29957145523947248388907382832258
735	554202	16537	0.29943383379768889751559868273034
738	556466	16599	0.29926912826633206288207134093682
741	558727	16662	0.29914991758684950085012133058626
744	560990	16723	0.2989837897185658732723823050037
747	563251	16786	0.29888512499059222138342306607228
750	565512	16849	0.29875740947889645182655726785015
753	567775	16908	0.29864800225854953863446894501976
756	570036	16969	0.29849637718856747437001786238397
759	572297	17041	0.29833744035988324361241552651336
762	574559	17111	0.29821197494889661872008446152904
765	576820	17183	0.2980941683644468542802030697203
768	579082	17255	0.2979271340080003049877177545568
771	581345	17327	0.29780965958030253259991582126531
774	583606	17402	0.2976536759992526315343752685294
777	585867	17478	0.29748351363048819440138004210894
780	588131	17551	0.29738082872169641079906909908459
783	590392	17622	0.29723916873021816176247966723167
786	592654	17694	0.29714411095953174868355972648715
789	594916	17766	0.29702944720163571012960801454028
792	597177	17842	0.296923014232254478539374531465
795	599443	17905	0.29681837033337582498759843474545
798	601705	17968	0.29672617806503287507524646571255
801	603968	18029	0.29659967566941136674074641632615
804	606229	18090	0.29648058563233065099140617348894
807	608490	18154	0.29636462501794114121622669699718
810	610753	18216	0.2962248986996702804219694371568
813	613015	18277	0.29611434066674341414326931953838
816	615276	18341	0.29600214894680559885031811973022
819	617540	18403	0.29589972696489685866083618748235
822	619803	18465	0.29581624555753055494378145340306
825	622065	18528	0.2957185966048256342553202102863
828	624329	18591	0.29560217623466672476340022512886
831	626590	18652	0.29548111640617913398187965867692
834	628852	18715	0.29536954578041135777155545838468
837	631114	18793	0.29523793896718253382260854777996
840	633379	18864	0.29511943832978843049730244274542
843	635641	18938	0.29499429242631947101216383089195
846	637902	19012	0.29488552384179333998304173292127
849	640164	19086	0.29477578348456828782886418593989
852	642427	19159	0.2946752433694302397704234408593
855	644689	19232	0.2945690215412615220458292242256
858	646951	19308	0.29445754294146708751611640764168
861	649213	19384	0.29435114557775043930831770921941
864	651477	19456	0.29425298431820201550124238565331
867	653739	19528	0.29412112748893026736851652458427
870	656001	19600	0.29400286447016754642902469640831
873	658263	19662	0.29388591821048842822605706714967
876	660524	19724	0.29379006499745408120816136943176
879	662787	19788	0.29369752558761896832351112607284
882	665051	19850	0.29360281894905920774263563544082
885	667313	19914	0.29349104043488832838093571808713
888	669577	19977	0.29339402470602399253252201560827
891	671840	20039	0.29328710826406489964313095697435
894	674101	20100	0.29318388379097648499538308897172
897	676362	20163	0.29304715377834711365068187660654
900	678623	20225	0.29292428066923370533203296872671
