0	0	0	0.69314718055914625871594125783304
3	470	34	0.68201577888823738948786967739579
6	941	69	0.66964318872652706104986464197282
9	1411	104	0.65825449496887333822314758435823
12	1882	140	0.64247983475279635268151423588279
15	2353	175	0.63074762503186321271897440965404
18	2823	212	0.62124360087529306717613053478999
21	3294	247	0.61098664973219540819115991325816
24	3765	283	0.60190695341261168938018499829923
27	4235	321	0.58898739410988298903504301051726
30	4707	356	0.5789980783648250861617157170258
33	5178	391	0.57139947383692202276250782233546
36	5648	427	0.56360426551910924874988495503203
39	6120	462	0.55590066345515254386810966025223
42	6590	497	0.54576113874054987817885375989135
45	7061	530	0.53827541260218592089614730866742
48	7532	565	0.53208626928690627710949456741218
51	8002	601	0.52509885304123260496567127120215
54	8473	637	0.51824546433752238794312461322988
57	8945	671	0.51079756020032929253460451946012
60	9415	705	0.50454430118155157991566284181317
63	9886	741	0.50010818492002817592378960398491
66	10357	778	0.49413743677027160972059505184006
69	10827	813	0.48873430184867006076387951907236
72	11298	849	0.4827441282606667605215022831544
75	11769	884	0.47722289646148308150941375060938
78	12239	920	0.47251828526290956533628673241765
81	12710	956	0.46761529051272365808955555621651
84	13181	991	0.46312411463514924214734946872341
87	13652	1026	0.45842432911145541973851891270897
90	14122	1063	0.45415138430684837134165832139843
93	14594	1098	0.4496914201160808199908558435709
96	15065	1133	0.44620058247460792077987434822717
99	15536	1169	0.44273063996214301329956697372836
102	16007	1203	0.43942266194366486065092658463982
105	16477	1239	0.43583657873692904782814139252878
108	16949	1276	0.43233168222179524375903270083654
111	17420	1312	0.42927773861013523992724572053703
114	17891	1347	0.42581676739694146460735169057443
117	18361	1382	0.42307236766706823871686538041104
120	18833	1413	0.42062252180996440031890415411908
123	19304	1445	0.41793386904344831389579439928639
126	19776	1475	0.41572450088332246753708432152052
129	20246	1506	0.41310197194759090688620517539675
132	20718	1536	0.41086575875121972289960581292689
135	21188	1566	0.40880249397986534454219054168789
138	21659	1596	0.40649373120714960005983584778733
141	22130	1627	0.40460657504411479123973549576476
144	22600	1657	0.40231943846368251049838704602735
147	23071	1688	0.40029435379089023383514245324477
150	23542	1718	0.39837780624451196720414714036451
153	24013	1748	0.39650139871100675836856908063055
156	24483	1778	0.39430556475208938804755121054768
159	24954	1806	0.39226380731784266098216562568268
162	25425	1836	0.39082436118980418138235677361081
165	25895	1867	0.38906416325641479669883437964018
168	26367	1897	0.38725899828542953429177941870876
171	26837	1927	0.38496752869804862218217067493242
174	27309	1957	0.38323078423369172362811241328018
177	27779	1988	0.38172054960847573434890023236221
180	28250	2018	0.37991051922832047571532143592776
183	28720	2048	0.37817800495688153050721780346066
186	29191	2078	0.37657892890481015069070735989953
189	29662	2109	0.37498317651201323874587956197502
192	30134	2140	0.37409751251894884926940676450613
195	30604	2170	0.37264917561552934888169374971767
198	31075	2200	0.37113707873560175531935101389536
201	31546	2231	0.36995144064924379012637700725463
204	32016	2261	0.36863573163542118216184917400824
207	32487	2292	0.36775483768090078129375797288958
210	32957	2322	0.3664932844869290273770445764967
213	33428	2352	0.36527325941953581178722743061371
216	33899	2382	0.3639413030091359080309132423281
219	34370	2411	0.36268559611055056768336157801969
222	34841	2442	0.36181223258280115206986238263198
225	35311	2472	0.36065128548866554059060263170977
228	35782	2503	0.35959707531353313214594891178422
231	36254	2535	0.35839464080770033760359183361288
234	36724	2565	0.35740493860863603581279335230647
237	37195	2595	0.35671904573617446709832279339025
240	37666	2625	0.35564843768322762507239076512633
243	38136	2654	0.3543620720989915651166768384428
246	38607	2683	0.35315096301587978189218119950965
249	39078	2713	0.35193759919378964085012739815284
252	39548	2743	0.35134590996527448325537079654168
255	40020	2774	0.35048287574747205574965391861042
258	40491	2804	0.34946243576449581569320912421972
261	40961	2834	0.34837628439128437429772588984633
264	41432	2864	0.34744134815350097289510244991106
267	41903	2894	0.34688927386805262775837377375865
270	42373	2921	0.34620385332684605605990668664163
273	42844	2948	0.34523118925603435425131237934693
276	43315	2975	0.34424485513459479602005330889369
279	43785	3003	0.3433578479925694648677847453655
282	44256	3030	0.34299307573087489675600636473973
285	44727	3056	0.342299473339819360084845811798
288	45198	3082	0.34173291839093511423897098211455
291	45669	3109	0.34088716024702941931323607605009
294	46140	3136	0.34017208381198049682581086017308
297	46611	3163	0.33990568531506093474803265053197
300	47082	3190	0.3389839452166522049125774174172
303	47552	3216	0.3381688507659952325212771029328
306	48023	3242	0.33744496879869023686637774517294
309	48494	3269	0.33679110449245008851448801578954
312	48965	3297	0.33660223522932797290962980696349
315	49436	3324	0.33614334160514203198033555963775
318	49907	3352	0.33547025979978228882316670933506
321	50379	3379	0.33476457065115577949043768057891
324	50850	3405	0.33414027978622107273309893571422
327	51321	3432	0.33380212809010989527536139576114
330	51791	3460	0.33333230134094365970653939257318
333	52263	3487	0.33277795376952373773704607629043
336	52734	3512	0.33218353444446246935939370814594
339	53204	3539	0.3316809222726905814759845725348
342	53675	3567	0.33135334203849664547192332975101
345	54146	3594	0.33087064592765563775245141187042
348	54617	3620	0.33034347367493005487304458256403
351	55088	3647	0.32984518810158780510732867696788
354	55559	3674	0.32926445304296414473554932555999
357	56029	3701	0.32909546502822895064355179783888
360	56500	3729	0.32878707661371187054299980445649
363	56971	3756	0.32814364025291192783484461870103
366	57441	3783	0.32768976985132874935047198050597
369	57912	3809	0.32715342273276770690415560238762
372	58383	3836	0.3268694034235443135472110043338
375	58853	3863	0.32656360410458185050686097383732
378	59325	3891	0.32609311961610210062190162716433
381	59796	3918	0.32565836762732280895704661816126
384	60266	3944	0.32520677357520999528617267060326
387	60737	3970	0.32494335392560458330990513786674
390	61208	3998	0.32463152553234142505544923551497
393	61680	4025	0.32410193301513223751442183129257
396	62150	4052	0.32363779936914999213470878203225
399	62622	4079	0.32312716177264055872342396469321
402	63092	4107	0.32294541945054411336002431198722
405	63564	4134	0.32261104842639570788875857942912
408	64034	4161	0.32217915114955758548731523660535
411	64505	4187	0.32174409743309900777674670280248
414	64975	4212	0.32129067456720272755177347789868
417	65446	4239	0.32105021027370395092503940759343
420	65917	4267	0.3207247499414224711777876564156
423	66389	4294	0.320209221257169218688432010822
426	66860	4321	0.32000011252258170335593945310393
429	67331	4348	0.31965132536570345367366030586709
432	67801	4374	0.31943722242270361499905106938968
435	68272	4401	0.31911210947242679702995360457862
438	68742	4430	0.31870358411955218569389103322465
441	69213	4461	0.31839236342802262891282794043946
444	69684	4492	0.31799054422235562000764730328228
447	70155	4522	0.31769674038695194795423049072269
450	70626	4552	0.31747838710133041706384915414674
453	71096	4583	0.31716363219151461061429131405021
456	71568	4613	0.31695469765665051919967254434596
459	72039	4643	0.31659934414815510406171483737126
462	72509	4673	0.31641168834983318669529239741678
465	72980	4703	0.31615129676785080903300695354119
468	73451	4734	0.31583104989091870251627369725611
471	73922	4764	0.31549300048438383425875031207397
474	74393	4794	0.31521320138355407580732503447507
477	74864	4824	0.31501838691174044448928270867327
480	75335	4855	0.31483699285878730123044988431502
483	75805	4885	0.31443226973485227659921292797662
486	76276	4915	0.31411317369729807591482995121623
489	76747	4945	0.31388576939590279168967867917672
492	77218	4976	0.31389814804980104012699371196504
495	77688	5005	0.3136912041464726685902064673428
498	78159	5036	0.31340241476261737618713709707663
501	78630	5067	0.3131107430749763831379084422224
504	79100	5097	0.3129041949000036515471379061637
507	79571	5129	0.31273467783755903859344016382238
510	80041	5161	0.31255061825927071827990744168346
513	80513	5190	0.31221211986217856093617228907533
516	80983	5219	0.31204094714769581297986178469728
519	81454	5249	0.31180720125820371446678791471641
522	81925	5280	0.3117225175085551192033506140433
525	82395	5311	0.31157765071881488028182616289996
528	82866	5342	0.31136073668631397692863060910895
531	83337	5372	0.31109769384037361250605613349762
534	83807	5403	0.31081794919240668395588045314071
537	84278	5434	0.31062101872696035176346640582778
540	84749	5465	0.31046688090342389187981098075397
543	85220	5497	0.31021661241200504388615399875562
546	85692	5528	0.31002058921114994394230279795011
549	86162	5558	0.30965342454568328678377042706416
552	86633	5588	0.30957822922218097838609196514881
555	87104	5618	0.30942561143423186198475605124258
558	87574	5649	0.30920393208707314114391806469939
561	88046	5680	0.30900457840569478529246794096252
564	88517	5711	0.3088053388620802808262055805244
567	88988	5741	0.30860714329004990119642570789438
570	89459	5772	0.3085163148807917865568128945597
573	89929	5800	0.30831164510554137647702077629219
576	90400	5831	0.30810319495582078053175223431026
579	90871	5861	0.30786606188613352408367518364685
582	91341	5893	0.30769010932334867058912664106174
585	91813	5923	0.30741470494243960942526427970733
588	92284	5967	0.30721752281728220701495501998579
591	92754	6010	0.30705471598040900982340417613159
594	93225	6050	0.30685020138729796057575072154577
597	93696	6093	0.30676148873998798638496054991265
600	94166	6136	0.30665002080019820862588630916434
603	94638	6179	0.30643541332922819009354498120956
606	95109	6221	0.3061763027672124160005751036806
609	95580	6263	0.30591492275678400236671450329595
612	96050	6305	0.30574516922511918437521671876311
615	96521	6347	0.30562020001805972890807083786058
618	96991	6390	0.30542756079556632187177456216887
621	97462	6432	0.30516287729386271099230043546413
624	97933	6475	0.304988696362292588393216874465
627	98404	6517	0.30485955335617176409357398370048
630	98875	6561	0.30469683086297144614107423876703
633	99346	6604	0.30457787707347333538976386080321
636	99817	6647	0.30444509047021456327186683665786
639	100287	6691	0.30426192909273191977703731936344
642	100758	6733	0.30411614779436535460632740068831
645	101229	6777	0.30394716099087792926525253278669
648	101700	6821	0.30388404408131741707421724640881
651	102171	6864	0.30362667440158042087006151632522
654	102642	6906	0.30349397080108958535404894973908
657	103113	6949	0.30345381441121155319251556647941
660	103584	6993	0.30328541160816818722523180440476
663	104054	7037	0.30307841806719593158447878522566
666	104525	7080	0.30295500334525499175342133639788
669	104995	7123	0.30272173149233572164717998020933
672	105466	7167	0.3025398863503122592888416875212
675	105937	7212	0.30245500070457720376282395591261
678	106408	7256	0.30228010177195641094982647700817
681	106879	7301	0.30212603676791416340563500853023
684	107350	7343	0.30192246643545261886032449183404
687	107821	7386	0.30178553759885157203868288888771
690	108291	7431	0.3016615731825548762934374735778
693	108762	7475	0.30153540387056809723986816607066
696	109234	7514	0.30141003435945185051636485695781
699	109706	7550	0.30119495263598555778727927645377
702	110177	7586	0.30099086698683918950081306320499
705	110648	7621	0.30090030453688776379550517958705
708	111118	7657	0.30078699308635598042016567887913
711	111589	7695	0.30064776148250499376857192146417
714	112059	7732	0.30045414503413797602249246665451
717	112531	7769	0.30029872648323413519833025020489
720	113001	7806	0.30022668878902131206487524650584
723	113473	7842	0.30010307452208878631338961895381
726	113943	7878	0.29995588175179865864095063443528
729	114414	7914	0.29976108571254833634611713932827
732	114885	7949	0.29963422505182946142809896628023
735	115355	7987	0.29952892734863345580720306315925
738	115826	8022	0.29940461923211059147575952010811
741	116297	8058	0.2993181672737657561533808348031
744	116768	8095	0.29910397889436390883588501310442
747	117239	8129	0.29897741263973887093641224055318
750	117710	8166	0.29885840450030204396014710255258
753	118182	8201	0.2987264833932311014486060685158
756	118653	8236	0.29857403712132413176050249603577
759	119124	8271	0.2984464375705964123142166499747
762	119594	8306	0.29834787421706976395796573342523
765	120065	8343	0.2982048192377567130684212770575
768	120535	8379	0.29809569213621811556436114187818
771	121006	8414	0.29791803094703028786938148186891
774	121477	8450	0.2977567550831172193959162086685
777	121948	8485	0.29762844247606834446884249700815
780	122419	8520	0.29754312903582746940855940920301
783	122889	8556	0.29743507315420719683274342060031
786	123360	8591	0.2972566521876794376488817306381
789	123830	8626	0.29711846508398137567397156999505
792	124301	8660	0.29692025506469882367710511061887
795	124772	8696	0.29677524943483918340447758055234
798	125243	8731	0.29664511684924060874735118886747
801	125714	8766	0.29649922820641833043353585708246
804	126184	8801	0.29637652454758828257652680804313
807	126655	8837	0.29623899490994104466423664234753
810	127126	8872	0.29614516509912502950641055576853
813	127597	8908	0.29601566426275721655159145484504
816	128068	8945	0.29593870420493717521281951121637
819	128540	8980	0.29578685622275091571253824440646
822	129011	9010	0.29571806066977962546005187505216
825	129481	9039	0.2956097258089435131367395115376
828	129952	9069	0.29545990097668917151452205871465
831	130423	9100	0.2953836273431797443400625979848
834	130894	9131	0.29529163179168510522387691707991
837	131365	9163	0.29517803045577734044613293917791
840	131836	9194	0.2951537495310479486398946846748
843	132308	9225	0.29502850732628699281789863562153
846	132780	9257	0.2948917762233556616457974541845
849	133250	9288	0.29472545415746226327158296953712
852	133721	9320	0.29462721276747677601193231566867
855	134192	9349	0.29457328257688958350613006587082
858	134663	9381	0.29448185296216938811042496126902
861	135134	9412	0.29438816494367764375894580552995
864	135605	9444	0.29424992758108525769955576834036
867	136076	9475	0.29418481168601934294670741110167
870	136547	9505	0.2940766567107851447993027704797
873	137017	9535	0.29399657059402273251436099599232
876	137488	9566	0.29385536645926152443664136626467
879	137959	9597	0.29368572513809182433774935816473
882	138429	9627	0.29355644267013969450630384017131
885	138900	9657	0.29346788587959354854817206614825
888	139370	9689	0.29329386281211494713616616536456
891	139841	9720	0.29323371751539817342546712097828
894	140312	9750	0.29309281604731896031523774581729
897	140783	9781	0.29299247966108160623477374429058
900	141254	9812	0.29285275388819675956852961462573
