0	0	0	0.69314718055914625871594125783304
3	440	1	0.68137397935383092750782907387475
6	881	2	0.66676415033720970448882781056454
9	1322	2	0.65362276039970268470824521500617
12	1763	4	0.63862440044928692195469466241775
15	2204	5	0.62068249490062110673704864893807
18	2645	6	0.61075680026248879705974559328752
21	3086	7	0.60789366489452145714267317089252
24	3526	8	0.59904356709710815387381899199681
27	3967	9	0.58469650375064419201009968674043
30	4408	10	0.57395336049460621286044670341653
33	4849	11	0.56640586977759344033955812847125
36	5290	12	0.55578084756690104839549348980654
39	5731	13	0.54820652643610945364827102821437
42	6172	14	0.53887652578733347130679476322257
45	6613	15	0.53381023549958817042693226539996
48	7053	16	0.52531324003144064249681832734495
51	7494	17	0.51855039420090154322906528250314
54	7935	18	0.51165686475940597155442901566857
57	8376	19	0.5043758161943969753338024020195
60	8817	20	0.49699154899309955224495638503868
63	9258	21	0.48849022230746097505971192731522
66	9699	22	0.48489372725752993842363025578379
69	10140	23	0.47902746606496132697472489780921
72	10580	25	0.47188740362611653056390537130937
75	11021	26	0.46926802781284154830743204911414
78	11462	27	0.46380336814757960883781606753473
81	11903	28	0.46113216002840123897144053444208
84	12344	29	0.45875812371988056170835079683457
87	12785	30	0.45331945024235481556118543267075
90	13226	31	0.45083306266609191048644333932316
93	13667	32	0.44760500089802601753063981959713
96	14107	33	0.4427776023326666088308911639615
99	14548	34	0.43850995169019091335371740569826
102	14989	35	0.43705852477893492036287170776632
105	15430	36	0.43380866229771242181811885529896
108	15871	37	0.42960522136016937588820496785047
111	16312	39	0.42466621622135497515770907739352
114	16753	40	0.42065196713622476920590997906402
117	17194	41	0.41696686039420832736723809830437
120	17634	43	0.41441856726129489008059181287535
123	18075	44	0.41001340043487938258337521801877
126	18516	46	0.40759764701316975044065316069464
129	18957	47	0.40378651320309350003512349758239
132	19398	49	0.40079234270802988060466987008112
135	19839	50	0.39902689741255392696928083751118
138	20280	52	0.3951820286469480136837262307381
141	20720	53	0.39280397795139138095166231323674
144	21161	54	0.3903332805879339839627562014357
147	21602	56	0.38839532346816818542123428414925
150	22043	57	0.38574032397623153611831980924762
153	22484	59	0.38444575306025668970377751065826
156	22925	60	0.38371643430511798156246072721842
159	23366	61	0.3822310821390720314560951464955
162	23807	63	0.38076350582957702028963353768631
165	24247	64	0.3795663384282332297736672899191
168	24688	66	0.37883801966862223897791750459874
171	25129	67	0.37813609805804138108697998177377
174	25570	69	0.37631168570036532816658336741966
177	26011	70	0.37417257928993924442906404692621
180	26452	72	0.37236039480348592789482609077822
183	26893	73	0.37027107393080621600134350046574
186	27334	74	0.36939079891560444579567956679966
189	27774	76	0.36691316528371570315769645276305
192	28215	77	0.36776553493237651437652857566718
195	28656	79	0.36636075842610660302511860209052
198	29097	80	0.36372513668860073643429586809361
201	29538	82	0.36276022812831248964826613701007
204	29979	84	0.36249989457779413504212584484776
207	30420	85	0.36217355457330235868340650995378
210	30861	86	0.36128261069955447393198255667812
213	31301	88	0.36133571540023590173973389028106
216	31742	89	0.35887494612643733304935267369729
219	32183	91	0.35726527190136231348915885064343
222	32624	92	0.35679799576810367067736251556198
225	33065	94	0.35637141964047924780345510953339
228	33506	95	0.35307070450856553600615939103591
231	33947	97	0.35143281112884011685437712912972
234	34388	98	0.35101713549886232046404188622546
237	34828	100	0.35003551156492879181669763966056
240	35269	101	0.34850364794328236861531422619009
243	35710	103	0.34769378735228645416199810824764
246	36151	104	0.34639015718497051521396201678726
249	36592	106	0.34610697472709778255151036319148
252	37033	107	0.34656011766031236120966241287533
255	37474	109	0.34576791170024334665100695929141
258	37914	110	0.34448996064466863575859179036343
261	38355	112	0.34393828188995712036302165870438
264	38796	113	0.34358250140514196013796777151583
267	39237	115	0.34281902128728403145174752353341
270	39678	116	0.34143552486194267414632008694753
273	40119	118	0.34051672255495030183780613697309
276	40560	119	0.33896783953466286254396777621878
279	41001	121	0.337780581211500396943137047856
282	41441	122	0.33784519340295787737105115411396
285	41882	123	0.33875872331658746228200129735342
288	42323	124	0.33818277990564066248779795387236
291	42764	125	0.33679536888554978402154915784195
294	43205	126	0.33621649329569208708434757681971
297	43646	128	0.3359530775346634690059488548286
300	44087	129	0.33550638632541590622437865931715
303	44528	130	0.33525170859414143986754197612754
306	44968	131	0.33457084172014844858367155211454
309	45409	132	0.33357134781809644197281272681721
312	45850	134	0.33322083718747924629965950771293
315	46291	135	0.33208530134732483496406985068461
318	46732	136	0.33223432319230772336027257551905
321	47173	137	0.33110400378222165640451635226782
324	47614	139	0.33069412824304628140126283142308
327	48055	140	0.33010907513107157207343789195875
330	48495	141	0.32909119589950425188717986202391
333	48936	142	0.32844482817770759286446491387323
336	49377	143	0.32789571187583949063437671611609
339	49818	145	0.32686441129705401387184338091174
342	50259	146	0.32715218354948893964007083923207
345	50700	147	0.32638184973533596044958926540858
348	51141	148	0.32578338807197798621118067785574
351	51582	149	0.32513547742044068833422443276504
354	52022	150	0.32421090035658023387199477838294
357	52463	152	0.32364889499282722962192337945453
360	52904	153	0.32317485399246720367827379050141
363	53345	154	0.32258971276750170176228493801318
366	53786	155	0.32260702121018813848252193565713
369	54227	157	0.32223306936805323763550745752582
372	54668	158	0.32164759837192463676203146860644
375	55109	159	0.32207556359431799286596742604161
378	55549	160	0.32248033152817912050380755317747
381	55990	161	0.32176338556313016647791869218054
384	56431	163	0.32148724465443456743685146648204
387	56872	164	0.32173309946594841335354431066662
390	57313	165	0.3210620927756369646921541516349
393	57754	166	0.32068813412909108473414221407438
396	58195	167	0.32053885990520275539594763358764
399	58635	168	0.32010884035746556275370267030667
402	59076	169	0.32012339908163794932605128451542
405	59517	170	0.32037819639894654644152183209371
408	59958	172	0.32062088344549882767964277263673
411	60399	173	0.32013313977204016502753347594989
414	60840	174	0.31925999828917095424429817285272
417	61281	175	0.31986694320351954923253856577503
420	61722	177	0.31901134792111035531902984985209
423	62162	178	0.31880741137477475177774977055378
426	62603	179	0.31827285382069886443545669862942
429	63044	180	0.31747948147197940782504588241864
432	63485	181	0.31746348388714668020682552196376
435	63926	183	0.31691605601621181120819414900325
438	64367	184	0.31703992371994016430392093752744
441	64808	185	0.31658105068998015907411058833532
444	65249	186	0.31543932976114802402278769477562
447	65689	187	0.31550901342709924968232826358872
450	66130	189	0.31504621475710031797135002307186
453	66571	190	0.31482189499753726602548908886092
456	67012	191	0.31431384443736065659180667353212
459	67453	193	0.31447234437972437781638745946111
462	67894	194	0.31396550123238936569336487991677
465	68335	195	0.31372546093147574142179223599669
468	68776	196	0.31333138925014880626918056805152
471	69216	197	0.31266613000586052084628363445518
474	69657	198	0.3124259903571066643301890053408
477	70098	200	0.31195751482109240759754698046891
480	70539	201	0.31117805228867106981383017227927
483	70980	202	0.31082078975652754904146490844141
486	71421	203	0.31034235103042034920051150947984
489	71862	204	0.31009859597600464287125987539184
492	72303	205	0.31011535135822670961047720084025
495	72743	206	0.30947613212375896241113082396623
498	73184	207	0.30960189232375812107278534313082
501	73625	209	0.30971700808706603691433656422305
504	74066	210	0.30971824731131225583169452875154
507	74507	211	0.30917663268568718049067456377088
510	74948	212	0.30962790646658261417556445849186
513	75389	213	0.30948597125493965132037033072265
516	75829	214	0.30903746999788311855539291173045
519	76270	214	0.30879091008704223630942919953668
522	76711	216	0.30827894945843947738239876343869
525	77152	217	0.30821814975235600764236210125091
528	77593	218	0.30775307102296634020888177474262
531	78034	219	0.30782854077162424832891929327161
534	78475	220	0.30813310948467809158302088690107
537	78916	221	0.30757932226589168589470091319527
540	79356	222	0.3073353884367517885323195514502
543	79797	223	0.30787598815841044075369836718892
546	80238	224	0.30766937845325403877438930067001
549	80679	225	0.30756312794911294661304168585048
552	81120	226	0.30757803679025230714216831984231
555	81561	227	0.30766514292065877400617068815336
558	82002	228	0.30709108430316978122220916702645
561	82443	229	0.30678872091204423266930234603933
564	82883	230	0.30624077073767019818717471935088
567	83324	231	0.30612397078259906413322255502862
570	83765	232	0.3061013395675034609588749390241
573	84206	233	0.30579100848588142147477242360765
576	84647	234	0.30571133189993415779639462925843
579	85088	235	0.30567931490844935105144486442441
582	85529	236	0.30577171322951651744048717773694
585	85970	237	0.30513936553392440043097622037749
588	86410	238	0.30511554254769363003774174103455
591	86851	239	0.30515474020400817911635726886743
594	87292	240	0.30431346066373765602008916175691
597	87733	241	0.30437157430058936480321563067264
600	88174	242	0.30392672083715654984814591443865
603	88615	243	0.30418847866500742238571319830953
606	89056	244	0.3037495571881191347429762572574
609	89497	245	0.30380769245840716363815658951353
612	89937	246	0.30405307576700163485483585645852
615	90378	248	0.30376330171859194928529745993728
618	90819	249	0.30428315189018650954722033930011
621	91260	250	0.30451942416202221197707444844127
624	91701	251	0.30408886205984148043413028972282
627	92142	252	0.30383383344680497950562880760117
630	92583	253	0.30378042276493133488912690154393
633	93023	254	0.30367662144646806465786426088016
636	93464	255	0.30303854003692715091133891291975
639	93905	256	0.30290128680795797011526815367688
642	94346	257	0.30307236331639941795401682611555
645	94787	258	0.30325575417607059103275446432235
648	95228	259	0.30364038914162388982376228341309
651	95669	260	0.30306058601628871329580761084799
654	96110	261	0.30292878023948544008447925079963
657	96550	262	0.30250554473209717576409616413002
660	96991	263	0.30220317384604167276762609617435
663	97432	264	0.30203194342897599078412440576358
666	97873	265	0.30187132483757950218716814561049
669	98314	266	0.30117307564992118473767845898692
672	98755	267	0.30064479236995922395436764418264
675	99196	268	0.30064811049443040946727023765561
678	99637	269	0.30038189895907940751840214943513
681	100077	270	0.30008437525096487430431579923606
684	100518	271	0.30014246881567652192046580239548
687	100959	273	0.29976246225803704348322753503453
690	101400	274	0.29978476945566917555296981845459
693	101841	274	0.3000789596152211857749136925122
696	102282	275	0.3002214440890692004337836351624
699	102723	277	0.30048948211427184418198521598242
702	103164	278	0.30030928934131140284335970136453
705	103604	279	0.30016566227881813500033558739233
708	104045	279	0.29991632018043457019729203238967
711	104486	281	0.29986444167644504821268469640927
714	104927	282	0.29983764715588229199383363265952
717	105368	283	0.30004199603534426055162498414575
720	105809	284	0.29982943252695831715115559745755
723	106250	285	0.29978147224319884323051610408584
726	106691	287	0.29968512504915911787151117096073
729	107131	288	0.29944136397747733724372665164992
732	107572	289	0.29957202850022501827709220378892
735	108013	291	0.29928743471723467939327179010434
738	108454	292	0.29923859869442831493913104168314
741	108895	293	0.29881961182667848841987279229215
744	109336	294	0.29857973096506851273801430579624
747	109777	295	0.29867832561629087395616011235688
750	110218	297	0.29843437556009866362671800743556
753	110658	298	0.29841697516909854170918947602331
756	111099	299	0.2989368224476206536976974348363
759	111540	301	0.29889309215563980570706803518988
762	111981	302	0.29866089530131662010958848441078
765	112422	303	0.29863371692222423492424354662944
768	112863	304	0.29834780057993676161132157176326
771	113304	305	0.29821455145773495543082276526548
774	113744	307	0.29829061150030855564807552582351
777	114185	308	0.29812267991367880082265173768974
780	114626	309	0.29803020819819825426577608595835
783	115067	311	0.29780589857265388209484058279486
786	115508	312	0.29770227932044274199441247219511
789	115949	313	0.2976668342485562779309304914932
792	116390	314	0.29769867736860466944648351272917
795	116831	316	0.29765125878443554618968391878298
798	117271	317	0.29756751923890872868483370439208
801	117712	318	0.29735909493197026920441317088262
804	118153	319	0.29781054034666509799933464819333
807	118594	320	0.2975534637897131462480615482491
810	119035	321	0.29748113702475259545465746668924
813	119476	323	0.29723718457362324762982552783797
816	119917	324	0.29691054686112833271849353877769
819	120358	325	0.29674307533207316955881083231361
822	120798	326	0.29679217164334736889230725864763
825	121239	327	0.29651954365705940341868540599535
828	121680	329	0.29641706086942715137055870400218
831	122121	330	0.29652746520153983045275936092366
834	122562	331	0.29639790011421585091966335312463
837	123003	332	0.29629732679600218059334792997106
840	123444	334	0.29633619287376716799897735654667
843	123885	335	0.29638955474754413721427681593923
846	124325	336	0.29634976840085808236224806933024
849	124766	337	0.29618659641118494363354329834692
852	125207	338	0.29609576991557801095567015181587
855	125648	339	0.29585905257535360934895152240642
858	126089	340	0.2959680624392067027628172581899
861	126530	342	0.2956594351730290615165586132207
864	126971	343	0.29572561462528573761332495450915
867	127412	344	0.29561189830113054899385360840824
870	127852	345	0.29553086435386510810729987497325
873	128293	346	0.29560922147743090571125890164694
876	128734	347	0.29588387872985894011534924175066
879	129175	349	0.29564439073451992401331267501519
882	129616	350	0.29548579129368490736595731505076
885	130057	351	0.29542319331659516734589487896301
888	130498	352	0.29537933127322646420509499876061
891	130938	353	0.29504856665077300315047637013777
894	131379	355	0.29474357710642157259783857625735
897	131820	356	0.29475452236853716403430780701456
900	132261	357	0.29464395514931612796161175538145
