0	0	0	0.69314718055914625871594125783304
3	2199	0	0.70289705829617488141991543670883
6	4399	0	0.68096038518649470994148487079656
9	6598	0	0.66718636598682112825997592153726
12	8798	0	0.67239124233821456755322287790477
15	10998	0	0.66518157260762045268620568094775
18	13197	0	0.67184772129604453105855554895243
21	15397	0	0.68912324970994176531746688851854
24	17596	1	0.68227934205596429961815374554135
27	19796	1	0.66263027840441557358985846803989
30	21996	1	0.67281410388931428556702485366259
33	24195	1	0.66952308253250525371669255036977
36	26395	1	0.66615165739770521025064908826607
39	28595	1	0.65856241807848925340351797785843
42	30794	1	0.64216846261846127763561753454269
45	32994	2	0.63446769184902696014916045896825
48	35193	2	0.61410957332669369179711793549359
51	37393	2	0.62169987607097743076423057573265
54	39593	2	0.6043882478320821149964103824459
57	41792	2	0.58532358211981738715934397987439
60	43992	2	0.57137571654221686046071226883214
63	46192	2	0.56292398530106302345643598528113
66	48391	2	0.55288198798379217802079210741795
69	50591	3	0.54691017452751422567303052346688
72	52790	3	0.53364042007441736537032284104498
75	54990	3	0.52540515825503419922171133293887
78	57190	3	0.50638256785638946499972234960296
81	59389	3	0.50259605237851345815869308353285
84	61589	3	0.51345330812583500623702548182337
87	63788	3	0.52588390679197760668728278687922
90	65988	3	0.52105944801035963820368124288507
93	68188	4	0.51396738508623507346584347033058
96	70387	4	0.51944298251605935945462988456711
99	72587	4	0.50925286603639974281065860850504
102	74787	4	0.51478375945429555304855284703081
105	76986	4	0.52380427606126567230404589281534
108	79186	4	0.52074232816013998892401559714926
111	81385	4	0.49925687386978734316755890176864
114	83585	4	0.48500368561599999095435009621724
117	85785	5	0.47284471641517139550714432516543
120	87984	5	0.47276554813429355617060423355724
123	90184	5	0.47712790125951326514197603501088
126	92384	5	0.46757298622482251770904326804157
129	94583	5	0.4681602415757113444527703904896
132	96783	5	0.45929455024525683848324320024403
135	98982	5	0.44949062814227647155718159410753
138	101182	5	0.44646813056091871896313705292414
141	103382	5	0.44110918739776056041179685962561
144	105581	6	0.44161716399990591508384341068449
147	107781	6	0.4419946258649676829044494752452
150	109981	6	0.44983303415417447146396057178208
153	112180	6	0.45009494463532451202780748644727
156	114380	6	0.44084670244818108253426203191339
159	116579	6	0.43812126585206817575013360510638
162	118779	6	0.43400764518851248086050986785267
165	120979	6	0.43108945346369770268424304049404
168	123178	7	0.42315288843884185654431462353386
171	125378	7	0.41954409855296753706355161739339
174	127577	7	0.41381941172588088129202787968097
177	129777	7	0.41111921161721864947935500822496
180	131977	7	0.40938970845747296722905161914241
183	134176	7	0.40858494649686688537926215758489
186	136376	7	0.40500234996248746233149518047867
189	138576	8	0.40563808909356674492485694827337
192	140775	8	0.40655778197218606084817338341963
195	142975	8	0.39824820821071488241571501021099
198	145174	8	0.39383376151114746210879502541502
201	147374	8	0.38749818821498438481398807198275
204	149574	8	0.38275307083764947835291536648583
207	151773	8	0.38691304512323060338374602906697
210	153973	9	0.38174505182130713532018262412748
213	156173	9	0.3815219970963035223121551098302
216	158372	9	0.38296402500554777015295826458896
219	160572	9	0.38386735447356667982887756807031
222	162771	9	0.37810596481375785549161605558766
225	164971	9	0.37812387892166976488539376077824
228	167171	9	0.37307864266661311392070388137654
231	169370	9	0.37482607167974241191288342633925
234	171570	9	0.37701560574046277807269689219538
237	173769	10	0.37792730918153522035041191884375
240	175969	10	0.37599761408712356614003624599718
243	178169	10	0.3733411860325778763858295405953
246	180368	10	0.37483431783793480507327444684051
249	182568	10	0.37167645788407943641118436062243
252	184768	10	0.37286256010134416483126074126631
255	186967	10	0.37009368795267261198489450180205
258	189167	10	0.36847264161682458105673276804737
261	191366	11	0.367493556004957033778168806748
264	193566	11	0.36887661132953841747195156131056
267	195766	11	0.3674167895288438789869189804449
270	197965	11	0.36244066944453717793450664430566
273	200165	11	0.35672048133644485012894165265607
276	202365	11	0.35647873016079922869892016024096
279	204564	11	0.35344304530884695925152527706814
282	206764	11	0.36045415337197389549217518833757
285	208963	12	0.35912492536732704140334249132138
288	211163	12	0.35719729911696790347619412386848
291	213363	12	0.36758344408739301867328208572872
294	215562	12	0.36584652069544382202437304840714
297	217762	12	0.36204625878158047669330699136481
300	219962	12	0.35937774397512384227937332070724
303	222161	12	0.35702277920353026052779910060053
306	224361	13	0.35250725854166492512220543176227
309	226560	13	0.35213208153492242535875789144484
312	228760	13	0.35380717492896690545833848773327
315	230960	13	0.35326853359374460472608348027279
318	233159	13	0.35147001136042715918605949809717
321	235359	13	0.34814478833275708247185775690014
324	237558	13	0.34748368364983611700225196727843
327	239758	13	0.34869216409489967034573965065647
330	241958	14	0.3525493606956937031604581989086
333	244157	14	0.34728740662425078289388125085679
336	246357	14	0.3482944582664704857855042519077
339	248557	14	0.3483348018384416211468135315954
342	250756	14	0.34773102630706115290237789849925
345	252956	14	0.34699019317740936729776990432583
348	255155	14	0.34583107994880285529504249097954
351	257355	14	0.34553424199901122682021537002583
354	259555	15	0.35108351205894944291330261876283
357	261754	15	0.34894193314198146405047396001464
360	263954	15	0.3526513835791870166147532472678
363	266154	15	0.34947172297034029275764055455511
366	268353	15	0.34918298963421151581698609334126
369	270553	15	0.35312754259427953096306396219006
372	272752	15	0.35287346752073517341941055747156
375	274952	15	0.35520672009198772656191067653708
378	277152	16	0.3529943552914039384127420362347
381	279351	16	0.34885342778435973754014298719994
384	281551	16	0.34578489458301608916457325904048
387	283750	16	0.34963978763043551678535436622042
390	285950	16	0.34927780011891462752515735701309
393	288150	16	0.34931211851618326758028842959902
396	290349	16	0.34637705696692266954528349742759
399	292549	17	0.34422739148316383595016532126465
402	294749	17	0.34282155570460248750208620549529
405	296948	17	0.343260367524198251043543450578
408	299148	17	0.34210032820679658893681107656448
411	301347	17	0.34135791937628701120388541312423
414	303547	17	0.33610657763375911821768227127905
417	305747	17	0.33523221039493539263887100787542
420	307946	17	0.33823759251608853659831765980925
423	310146	18	0.34038663949326131152872676466359
426	312346	18	0.33760380624427505091844636808673
429	314545	18	0.33732228602675845552383293579624
432	316745	18	0.33806912908254882488279235985829
435	318944	18	0.33885716838021906482936174143106
438	321144	18	0.3367394842765569773490597071941
441	323344	18	0.33638778804235525132781958745909
444	325543	18	0.33556242837538141632336419206695
447	327743	18	0.33861773067329536957004165742546
450	329943	19	0.33637039927379103199100995880144
453	332142	19	0.33737359424917884309635951467499
456	334342	19	0.33510064862289323794897200059495
459	336541	19	0.33304539144754441437612513254862
462	338741	19	0.32981831285268464748483552284597
465	340941	19	0.32948756817072721858608019829262
468	343140	19	0.32648974614078379863357781687228
471	345340	20	0.32981596022869258399978775742056
474	347539	20	0.32880886808192905101932979050616
477	349739	20	0.32836651347394041344784909597365
480	351939	20	0.32857667115571542737484378449153
483	354138	20	0.32584791617315100875629241272691
486	356338	20	0.32595997358736622517838554813352
489	358538	20	0.32779735365471973640438818620169
492	360737	21	0.32909569899491181166339970332047
495	362937	21	0.33318749168800076976282298346632
498	365136	21	0.33450049551969668337747521036363
501	367336	21	0.33554619654326955924261710606515
504	369536	21	0.33764975962103938034175598659203
507	371735	21	0.3357323593098417990887583073345
510	373935	21	0.33357418241618491672184632079734
513	376135	21	0.33311357947769915099911486322526
516	378334	22	0.33524609926019727224044686408888
519	380534	22	0.33485192881796499442259573697811
522	382733	22	0.33446765199926681288999930075079
525	384933	22	0.33339711217555278999213896895526
528	387133	22	0.33371194110588292547348032712762
531	389332	22	0.33349895225292858214061197941191
534	391532	22	0.33472546357132137995193943424965
537	393731	22	0.33301037279593387330223208664393
540	395931	23	0.33176359713845071652826845820528
543	398131	23	0.33262368619605120478865956101799
546	400330	23	0.33073513163406598192040064532193
549	402530	23	0.33302216326295525083978077418578
552	404730	23	0.32984726939368574916144893904857
555	406929	23	0.33107760374897854394049545589951
558	409129	23	0.33303970152228901113744541362394
561	411328	23	0.3390093750732169897155188209581
564	413528	24	0.33756433684036690756613552366616
567	415728	24	0.33570798026713627448813781484205
570	417927	24	0.3347901262395431842833204427734
573	420127	24	0.33367997983183528276640572585166
576	422327	24	0.33198770477481448493151106049481
579	424526	24	0.33311759973943400048312923900085
582	426726	24	0.33026629390542100450645079945389
585	428925	24	0.3316942982577999465831908310065
588	431125	25	0.32658345778767283729138171111117
591	433325	25	0.32986401832229922392869525538117
594	435524	25	0.32984433763801140893079377747199
597	437724	25	0.32850445095893476832316082436591
600	439924	25	0.33040842781846552211888479178015
603	442123	25	0.3277914154515327305183802764077
606	444323	25	0.32812426836331093360499266964325
609	446522	26	0.32785493459145537142873649827379
612	448722	26	0.32999642999758566075385601834569
615	450922	26	0.32889468180859088297651737775595
618	453121	26	0.32932893481385422385088190821989
621	455321	26	0.32843733843386113679940763177001
624	457520	26	0.32807504674617310458373253823083
627	459720	26	0.3286291923651208368717391294922
630	461920	26	0.32898793126358177874024590892077
633	464119	27	0.33095671870495296795766648756398
636	466319	27	0.33023012910840060518680161294469
639	468519	27	0.3332270451549495526855082516704
642	470718	27	0.32919770949385329661396326628164
645	472918	27	0.32766739088472923713268869505555
648	475117	27	0.32786739393368052875032958581869
651	477317	27	0.32848334630876535600307875029102
654	479517	27	0.32688412876661676609302276119706
657	481716	27	0.32456920968024088880454769423523
660	483916	28	0.32494482552990328061426339445461
663	486116	28	0.32460571602818683034641367157747
666	488315	28	0.32585431299662748205747675456223
669	490515	28	0.32297258213156615491712386756262
672	492714	28	0.32468746906532935936340322768956
675	494914	28	0.32429525066702713509414479631232
678	497114	28	0.32462785874110716699547651842295
681	499313	29	0.32155854098689590214732447748247
684	501513	29	0.32317902509234019969852624853957
687	503712	29	0.32205480345247611273507004625571
690	505912	29	0.32181423553853438779270845770952
693	508112	29	0.31791827415339068974020619862131
696	510311	29	0.31854157958359535784964577942446
699	512511	29	0.31720848381486577149956929133623
702	514711	30	0.31787762183235229729305615364865
705	516910	30	0.31735123207734278194536159389827
708	519110	30	0.31939824430813512634586004423909
711	521309	30	0.31967173050642794240872035516077
714	523509	30	0.32067702412461240868424283689819
717	525709	30	0.31858720213637908846848745270108
720	527908	30	0.31829179286562958584028137920541
723	530108	30	0.31916262368964648521441063167003
726	532308	31	0.318203655837701049335919378791
729	534507	31	0.32014262829163248058605972801161
732	536707	31	0.32017131024862161003952110149839
735	538906	31	0.31975559719960428006757524599379
738	541106	31	0.31982471954784902345991781658086
741	543306	31	0.32159706305107288448752456133661
744	545505	31	0.3214470854262361232400735389092
747	547705	31	0.32148124467188704533882059877214
750	549905	32	0.32094618292579024654287422890775
753	552104	32	0.32410916016840568554258084077446
756	554304	32	0.3240820128663225996312746701733
759	556503	32	0.32416724190366308366861858303309
762	558703	32	0.32642242542874000399422129703453
765	560903	32	0.3244296359967209220087624998996
768	563102	32	0.32652403968672044642929108704266
771	565302	32	0.32545092135245595743597846194461
774	567501	33	0.32422442413171503883262403178378
777	569701	33	0.32448547056686233291955545610108
780	571901	33	0.32370662136734035252416674666165
783	574100	33	0.32525672350435225199660749240138
786	576300	33	0.32546445770800797037125562383153
789	578500	33	0.32313314772124018814380974617961
792	580699	33	0.32264944758546054703884919945267
795	582899	34	0.32075393181230499317635462830367
798	585098	34	0.31841927887320814472005281459133
801	587298	34	0.31691948092614585785753433810896
804	589498	34	0.3179559175615203625575588830543
807	591697	34	0.31933450414239883397016228627763
810	593897	34	0.31925785591480537739528244856047
813	596097	34	0.31781167970880674911171581697999
816	598296	35	0.31860333995992434763522282992199
819	600496	35	0.31507649827556921673377132719907
822	602695	35	0.31440169470146450692027428885922
825	604895	35	0.31371594582168738085670156578999
828	607095	35	0.31455339561925793612218171801942
831	609294	35	0.3159735121693222348326912651828
834	611494	35	0.31484573253086139965617462621594
837	613693	35	0.31669545839791596320011990428611
840	615893	36	0.31658453081287729613535475436947
843	618093	36	0.31509537488608463373651602523751
846	620292	36	0.31486811849532198026579976612993
849	622492	36	0.31521779671771382735911970485176
852	624692	36	0.31503662513788782684187594895775
855	626891	36	0.31581847748777380768814282419044
858	629091	36	0.31618417072104787468589393029106
861	631290	36	0.31668879499185043080444756924408
864	633490	37	0.317634501536536384413977884833
867	635690	37	0.31997337999719205337001426414645
870	637889	37	0.32195878368752467446611831292103
873	640089	37	0.32299882103557475687694022781216
876	642289	37	0.32492409494021090576865162802278
879	644488	37	0.3276625375405720075328019902372
882	646688	37	0.32795989790571911104422042626538
885	648887	37	0.32780153730856526061998579280043
888	651087	37	0.32761558408031066225163385752239
891	653287	38	0.32957432512038625782579970291408
894	655486	38	0.32662626908444164497424822002358
897	657686	38	0.32386240636663027325781172294228
900	659886	38	0.32268391500511289793351465959859
