0	0	0	0.69314718055914625871594125783304
3	2203	4	0.67847625351676577043491533913766
6	4406	9	0.66613108177862045966577397848596
9	6610	13	0.65373105494501548839991755812662
12	8813	18	0.64440437882279189008016828665859
15	11017	22	0.6346957185135745360682335558522
18	13220	25	0.62428509894974737459705238507013
21	15423	29	0.61370472881226223460515711849439
24	17627	33	0.60367158789957908737733305315487
27	19830	36	0.59077485494155401735127952633775
30	22034	40	0.58159148956342754388515459140763
33	24237	44	0.57200835433695529363973264480592
36	26440	48	0.56314027364357299720865057679475
39	28644	51	0.5542764856458360922530914649542
42	30847	55	0.5483114829948231294665106361208
45	33051	59	0.53898916812703401291173577192239
48	35254	63	0.53113423189229458376559023236041
51	37457	67	0.52321101502005629146907494941843
54	39661	71	0.51462142154451417930260959110456
57	41864	75	0.50848532982911986977114793262444
60	44068	79	0.50144489356742205643513443646953
63	46271	83	0.49504146320214759136035809206078
66	48474	87	0.48877967461417842764959118539991
69	50678	92	0.48199540257705775214702725861571
72	52881	96	0.47731227824736144338402255016263
75	55085	101	0.47117738541664971885225554615317
78	57288	106	0.46551200165033551625626273562375
81	59491	110	0.46137008456297712299942759273108
84	61695	115	0.45617411885184050435171343451657
87	63898	120	0.45137972938814957535313965308887
90	66102	124	0.44568661087088551342461073545564
93	68305	128	0.44178512283969129104121975615271
96	70508	132	0.43786880258936883292264496958524
99	72712	137	0.43500110532790275952308434170845
102	74915	141	0.43165029375331115391034586536989
105	77119	145	0.4285220964104992091847634583246
108	79322	149	0.42471331045216026423005928336352
111	81525	153	0.42175170444772647204700888323714
114	83729	157	0.41800522069729267871096567432687
117	85932	161	0.4148964034025120484194815162482
120	88136	164	0.41189362383315170079711720063642
123	90339	168	0.40767169952806175947657152391912
126	92542	172	0.4061903700096941571828779160569
129	94746	176	0.40347618028670029222126913737156
132	96949	180	0.40265063115636934298890992067754
135	99153	183	0.39985953194504653129826010626857
138	101356	187	0.39762850017191198048749356530607
141	103559	191	0.39511761349178653457414611693821
144	105763	194	0.39407575187623228307742806464375
147	107966	199	0.39214408752599261287485887805815
150	110170	203	0.39030920921125772382609397936903
153	112373	207	0.38828576681841786566451446560677
156	114576	211	0.38635507548132769217730242417019
159	116780	215	0.38469093496599549020231734175468
162	118983	219	0.38280929260866258800888317637146
165	121187	224	0.38129277744954254147913275119208
168	123390	228	0.38111115400758771576406047643104
171	125593	233	0.3794561642704434856199213754735
174	127797	238	0.37801437804144188969956985602039
177	130000	242	0.37591819662272940583136460190872
180	132204	246	0.37371499585385586916785882749537
183	134407	251	0.37221694350486328461968810188409
186	136610	255	0.37029837931026626796082723558357
189	138814	260	0.36902373096862334245216175077076
192	141017	264	0.36838815823563769713544502337754
195	143221	269	0.36688005429010650537691162753617
198	145424	274	0.366112294909802793441144785902
201	147627	278	0.36448116785502737702273634567973
204	149831	283	0.36359411438720740106234075028624
207	152034	287	0.36255047639638621204127844066534
210	154238	290	0.36151774161472444157894301497436
213	156441	294	0.36012956068101692475025288331381
216	158644	297	0.35876497491625997104947032312339
219	160848	301	0.35764674535640961217097810731502
222	163051	305	0.35714052366351023426460642440361
225	165255	309	0.35541116527816130066241839813301
228	167458	313	0.35442804962596413664854821945482
231	169661	317	0.35332730071336160282413629829534
234	171865	321	0.35274752519470803369117106740305
237	174068	325	0.35166278295284292276789983588969
240	176272	329	0.35105125533886238908820587312221
243	178475	333	0.35041817829244137350030996458372
246	180678	337	0.34911744674921635356312776821142
249	182882	341	0.34842210841980780777760173805291
252	185085	344	0.34751920305300221247790659617749
255	187289	349	0.34609977457733098749059763576952
258	189492	353	0.34570413111800230021586344264506
261	191695	358	0.34445845228516169811427971580997
264	193899	362	0.34338568466248325927736573248694
267	196102	367	0.34280694876639566937015501935093
270	198306	372	0.34196126949332200650744084668986
273	200509	376	0.3410980595804061765718984133855
276	202712	380	0.34032820895886761736193193428335
279	204916	385	0.33978993238837496004833838014747
282	207119	389	0.33905397911721291137610023724847
285	209323	394	0.33823024943045737478186651969736
288	211526	398	0.33796568892850736842703440743207
291	213729	403	0.33747340289031946269915351876989
294	215933	407	0.33716592876898149322428821506037
297	218136	412	0.33631491755825831946324910859403
300	220340	416	0.33622987370832302378431677425397
303	222543	420	0.33575075170486701203742541110842
306	224746	423	0.33495343704162633402532378568139
309	226950	427	0.33419850790841343357584491968737
312	229153	431	0.33374524784794490361861107885488
315	231357	435	0.33284303437462975372440610044578
318	233560	438	0.33238204638109619670771621713357
321	235763	442	0.33205448756493671780276599747594
324	237967	446	0.33186891807140411758680897946761
327	240170	450	0.33134377703184342278674989756837
330	242374	454	0.33093040395315764801154045926523
333	244577	457	0.33044195005281340460356886978843
336	246780	461	0.33002421277439880631376922792697
339	248984	464	0.32934276042291021902030934143113
342	251187	468	0.32866599683851654978283818309137
345	253391	472	0.32847721888731379324966042076994
348	255594	476	0.328022373006769674130822522784
351	257797	480	0.32773554133887672357161591207841
354	260001	483	0.32718412723108963868767773419677
357	262204	487	0.32674703625830908704230637340515
360	264408	491	0.32581711576751282155584021893446
363	266611	494	0.32545866851596699786952626709535
366	268814	497	0.32491597528924398563532349726302
369	271018	500	0.32437828085180564485767717997078
372	273221	504	0.32390850436055468319906935903418
375	275425	507	0.32348733467187190671054963786446
378	277628	510	0.32288601803697936087900188795174
381	279831	514	0.32262672510594736507982815965079
384	282035	517	0.32241122714256575942926019706647
387	284238	520	0.32238463447486093160776476906904
390	286442	524	0.32205466327376386370673344572424
393	288645	528	0.32196120376204184765356330899522
396	290848	531	0.32145445735637134809792314626975
399	293052	535	0.32098979104626962355339969690249
402	295255	538	0.32070518551197835233068644811283
405	297459	542	0.32024440022117978132953908243508
408	299662	545	0.32007748285694109791066352954658
411	301865	549	0.31967868100390989249959261542244
414	304069	554	0.31958192000687590805796389759053
417	306272	558	0.31926673102421038175080525434169
420	308476	562	0.31904959854954284548256282505463
423	310679	565	0.31878129000989746666405721953197
426	312882	569	0.31862371986937393364414106144977
429	315086	574	0.31836645716406691830613340243872
432	317289	578	0.31798141490283698962215908068174
435	319493	582	0.31780583049657629146622639382258
438	321696	586	0.31766811446026660403774144469935
441	323899	590	0.31758505550285598406645704017137
444	326103	594	0.31725321952846796680347551955492
447	328306	598	0.31695304517454114812124998934451
450	330510	602	0.31678515531862061482826220526476
453	332713	606	0.31640950369683046305979701173783
456	334916	609	0.31605884410064061240674959663011
459	337120	613	0.31548138570704914451781064599345
462	339323	616	0.31506968858296335866953086224385
465	341527	620	0.31481869991016087073631979365018
468	343730	623	0.31490931734030813693436812172877
471	345933	627	0.31473818007634779547743164584972
474	348137	630	0.31445737747622209967701678579033
477	350340	634	0.31407464092772208186232774096425
480	352544	637	0.31393483789670645345282196103653
483	354747	641	0.31344848473045489045674116823648
486	356950	644	0.31329193377858954860926132823806
489	359154	648	0.31289743329721497744344560487662
492	361357	652	0.31248762521185946550161816048785
495	363561	655	0.31247707018033937798051624668005
498	365764	658	0.31221650980318926826839742716402
501	367967	662	0.31188587618837732007293084279809
504	370171	665	0.31131999981990166048717583180405
507	372374	669	0.31132545552201457139673834717541
510	374578	672	0.31101655130173649910219069170125
513	376781	676	0.31074746888839255287706464514486
516	378984	680	0.31063443047051980672179638531816
519	381188	684	0.31049495341789262736753585159022
522	383391	688	0.31041861890288968695017501886468
525	385595	692	0.31027770141715332874454702505318
528	387798	696	0.30986253041664968410628944184282
531	390001	700	0.30971981204896614769950247136876
534	392205	704	0.30968178475797164539429218166333
537	394408	708	0.309479710157178899976315733511
540	396612	712	0.30930564058041148944866449710389
543	398815	716	0.30913647295222579369777804458863
546	401018	720	0.30904700259073719648128530934628
549	403222	724	0.30902956480415977313924713598681
552	405425	728	0.3087046785709711138601107904833
555	407629	732	0.3087738568304673747455524335237
558	409832	736	0.30866508949974535980231848952826
561	412035	740	0.30856177715082910850696862326004
564	414239	746	0.30873592065412480689445828829776
567	416442	751	0.30853722392930399420762910267513
570	418646	757	0.30815755379620757281600162968971
573	420849	763	0.30788209876900479722294790008164
576	423052	768	0.30785606714963820174091324588517
579	425256	773	0.307474703857715803145822519582
582	427459	778	0.30728209803788159026893822556303
585	429663	784	0.30707527676875290278957209011423
588	431866	789	0.30669409049045992521342895997805
591	434069	795	0.30659815245368216007904038633569
594	436273	800	0.30642922624692908728505358340044
597	438476	806	0.30627404788820999925746946246363
600	440680	811	0.30634349529934024047861385042779
603	442883	816	0.30600351834399652783957890278543
606	445086	820	0.30588847772552224535402842775511
609	447290	825	0.30573890398426289971567371139827
612	449493	829	0.30556255688720407315273064341454
615	451697	833	0.30543734916651849031765664221894
618	453900	837	0.30517170546724597945953405542241
621	456103	842	0.30500126616183914629587548006384
624	458307	847	0.30461179398194626610774093933287
627	460510	851	0.30453372648342774686724965249596
630	462714	856	0.30451344090768406314140293034143
633	464917	860	0.30429793947814698373832698052865
636	467120	865	0.30417977048726529964994824695168
639	469324	869	0.30404990035973500361876631359337
642	471527	874	0.30398945527668397303955316601787
645	473731	877	0.30350279427547227628636505869508
648	475934	881	0.30322839663023593015367396219517
651	478137	885	0.30329962408598526435454800775915
654	480341	889	0.30305123187711469068261749271187
657	482544	893	0.30306912596854135300006305442366
660	484748	896	0.3028190351151238135507526294532
663	486951	900	0.30268823988568227534301513514947
666	489154	903	0.30256042396038856923112803087861
669	491358	907	0.30248604455232747101334211947687
672	493561	911	0.30251486431861401849019443943689
675	495765	915	0.3022710863085468768751695733954
678	497968	919	0.30206490712044942181790929680574
681	500171	922	0.30196671221086957004331452480983
684	502375	926	0.30185382304521679586173377174418
687	504578	930	0.30199883659479587194596206245478
690	506782	933	0.30183424435064204471856896816462
693	508985	938	0.30190603322234671468393685245246
696	511188	943	0.30166041704619483976301808070275
699	513392	947	0.30130068300433565653406731144059
702	515595	952	0.30109637425284557776805627327121
705	517799	956	0.30112611457623889021917307218246
708	520002	961	0.30090827944372694480179575293732
711	522205	965	0.30068746024821152440509308689798
714	524409	970	0.30056119651232843237309566575277
717	526612	974	0.30036432792182904405464682895399
720	528816	979	0.30050615419335008349221993739775
723	531019	983	0.30029324568692045138718071939365
726	533222	988	0.30030631447599109851154253192362
729	535426	993	0.30012047420161147570638604520354
732	537629	997	0.30004623971688082484376991487807
735	539833	1002	0.29974496297096075991817087924574
738	542036	1006	0.29951013998359415912986492003256
741	544239	1010	0.29941002919656833913819582448923
744	546443	1014	0.29932834280033754348337993178575
747	548646	1018	0.29924276411327721536537183055771
750	550850	1022	0.29910224728599227317360487177211
753	553053	1026	0.29885518998142374114124208972498
756	555256	1030	0.29858380552355145987064588553039
759	557460	1034	0.29854527142655562510498157280381
762	559663	1038	0.29846235048783803511796008933743
765	561867	1042	0.2982895304574429973243354652368
768	564070	1046	0.29819475618061269672764979077328
771	566273	1049	0.2980581763647870419120522456069
774	568477	1053	0.29799832467460990459429126531177
777	570680	1057	0.2978977706409227654837934551324
780	572884	1061	0.29768143172226602111152260476956
783	575087	1065	0.29780378315356442753270016510214
786	577290	1069	0.29756348907912177903511974363937
789	579494	1073	0.29747168457993383716697621821368
792	581697	1078	0.29735594159930833768612501444295
795	583901	1082	0.2971461652585402624104915503267
798	586104	1087	0.29693618663477244767889828835905
801	588307	1091	0.29666409120995324011360594340658
804	590511	1096	0.29649557145984001271799002097396
807	592714	1100	0.29631111435424001276928152037726
810	594918	1105	0.2961165236309985515639198183635
813	597121	1109	0.29616094343899818097654019766196
816	599324	1114	0.29605605238968352166395447966352
819	601528	1118	0.29617154671915996155817651924735
822	603731	1123	0.29606424976092254874870945968723
825	605935	1127	0.29592162331441390632491561518691
828	608138	1132	0.29574497004429239899181425244024
831	610341	1136	0.29561588142668293599513162916992
834	612545	1140	0.29545940924527885895756185163918
837	614748	1144	0.29513828765922756058870390916127
840	616952	1148	0.29492544350649996243163286635536
843	619155	1152	0.29486348889192343092346959565475
846	621358	1156	0.2947289136370779827345245394099
849	623562	1160	0.29460235966402414931053499458358
852	625765	1163	0.29447477964420848417503862037847
855	627969	1167	0.29450814816751824665175263362471
858	630172	1171	0.29430540462206877805328986141831
861	632375	1175	0.29431237264417081656020513946714
864	634579	1179	0.29416622440454071041315842194308
867	636782	1182	0.29405817274172479924843059961859
870	638986	1186	0.29399706972703415486236622200522
873	641189	1190	0.29402963071045951082282954303082
876	643392	1194	0.2940301541307683841353082243586
879	645596	1198	0.29402796021736454790129755565431
882	647799	1202	0.2939051284259074359184182867466
885	650003	1205	0.29382926382475016424677960458212
888	652206	1209	0.29382870617982626004760504656588
891	654409	1212	0.29376757070458309195615242970234
894	656613	1216	0.29344698944676816942944697075291
897	658816	1219	0.29335403106079960267038586607669
900	661020	1223	0.2932998517132411331331809378753
