0	0	0	0.69314718055895352399886633065762
3	40620	479	0.6931471561090534194704559922684
6	81240	960	0.69314713166215891071431087766541
9	121860	1443	0.6931471072192557647539956633409
12	162480	1930	0.69314708277968783978195688177948
15	203100	2409	0.69314705834378431692499589189538
18	243720	2890	0.69314703391154441902699545607902
21	284340	3368	0.6931470094856073682620944964583
24	324960	3847	0.69314698506069594152734225644963
27	365580	4325	0.69314696063944680748392102032085
30	406200	4804	0.69314693622186041022104063813458
33	446820	5284	0.69314691180793108760127552159247
36	487440	5761	0.69314688739766261438290939622675
39	528060	6240	0.69314686299105321420910286178696
42	568680	6717	0.6931468385881111027302381444315
45	609300	7206	0.69314681418882129193548280454706
48	649920	7685	0.69314678979319899188027420677827
51	690540	8166	0.69314676540122333037174939818215
54	731160	8647	0.69314674101291495755816640667035
57	771780	9125	0.69314671662825844133948294256697
60	812400	9611	0.69314669224725600216174825618509
63	853020	10090	0.69314666786991130376094361054129
66	893640	10571	0.6931466434962252343154887057608
69	934260	11052	0.69314661912618369399297080235556
72	974880	11533	0.69314659477100626361334434477612
75	1015500	12012	0.69314657040827376555114369693911
78	1056120	12492	0.69314654604919945235508293990279
81	1096740	13019	0.69314652169377033441577395933564
84	1137360	13498	0.69314649733754196692103732857504
87	1177980	13977	0.69314647298942133613053329099785
90	1218600	14456	0.69314644864494356912842931706109
93	1259220	14935	0.69314642430411732565431748298579
96	1299840	15414	0.69314639996694105139596331355278
99	1340460	15898	0.69314637563342007542388500951347
102	1381080	16385	0.69314635130379798066968533021281
105	1421700	16876	0.69314632697756428658664162867353
108	1462320	17354	0.69314630265498322625461469215224
111	1502940	17836	0.69314627833604880446927154480363
114	1543560	18315	0.69314625402076579518961807480082
117	1584180	18794	0.69314622970863493112148034924758
120	1624800	19272	0.69314620540038485163591985838138
123	1665420	19750	0.69314618109603065576607150433119
126	1706040	20230	0.69314615679532076697455522662494
129	1746660	20711	0.69314613249873968658931744357687
132	1787280	21190	0.6931461082053073097242190669931
135	1827900	21669	0.69314608391552512411948328008293
138	1868520	22149	0.6931460596297085441364060898195
141	1909140	22627	0.69314603534762142533764972540666
144	1949760	23121	0.69314601106875917135852205319679
147	1990380	23599	0.69314598679403127690079600142781
150	2031000	24088	0.69314596252244786711571578052826
153	2071620	24567	0.69314593825450765418594301081612
156	2112240	25054	0.69314591399020508699635456650867
159	2152860	25534	0.69314588972954072065846276018419
162	2193480	26012	0.69314586547251344494924296668614
165	2234100	26491	0.69314584121912070635573854815448
168	2274720	26969	0.69314581696936494736860367993359
171	2315340	27448	0.69314579272324527980941866189823
174	2355960	27977	0.693145768481762125645673222607
177	2396580	28461	0.69314574424290920084956724167569
180	2437200	28939	0.6931457200076921454368061858986
183	2477820	29429	0.69314569577577445080862617032835
186	2518440	29911	0.69314567154781725477619147568475
189	2559060	30390	0.69314564732349914777387311914936
192	2599680	30868	0.69314562310281113699517163695418
195	2640300	31348	0.69314559888600846271344835258787
198	2680920	31827	0.69314557467334203533226855142857
201	2721540	32306	0.69314555046354842104960880533326
204	2762160	32785	0.69314552625794001450287851184839
207	2802780	33263	0.69314550205540004235160722600995
210	2843400	33753	0.69314547785648616962106416394818
213	2884020	34232	0.69314545366120627889472416427452
216	2924640	34715	0.69314542946955337576753208850278
219	2965260	35194	0.69314540528152268628048204845982
222	3005880	35678	0.69314538109712209301704888275708
225	3046500	36156	0.69314535692469880778787683084374
228	3087120	36636	0.69314533274755429914648630074225
231	3127740	37114	0.69314530857402989472149101857212
234	3168360	37592	0.69314528440412448428986635917681
237	3208980	38069	0.69314526023784017727535911035375
240	3249600	38549	0.69314523607518119252546284769778
243	3290220	39027	0.69314521191647515685474445490399
246	3330840	39505	0.69314518776106126551894703879952
249	3371460	39984	0.69314516360951572426785105562885
252	3412080	40465	0.69314513946134481692240569827845
255	3452700	40945	0.69314511531679601219479991414119
258	3493320	41425	0.69314509117661449177916210828698
261	3533940	41903	0.69314506703985157010095008445205
264	3574560	42381	0.69314504290664091801232871148386
267	3615180	42911	0.6931450187768902759799516388739
270	3655800	43400	0.69314499465042600512276749213925
273	3696420	43882	0.6931449705275805062143490431481
276	3737040	44359	0.69314494642528079459964374109404
279	3777660	44837	0.69314492230965907282325133564882
282	3818280	45317	0.69314489819765312539345814002445
285	3858900	45806	0.69314487408926783729157250490971
288	3899520	46285	0.69314484998449299446576787886443
291	3940140	46764	0.69314482588381531869003993051592
294	3980760	47246	0.69314480178626824979914999858011
297	4021380	47726	0.69314477769233517889801987621468
300	4062000	48215	0.69314475360200955567080427499604
303	4102620	48693	0.69314472951529948474558295856696
306	4143240	49180	0.69314470543219530718204168806551
309	4183860	49660	0.69314468135270346227372328939964
312	4224480	50138	0.69314465727682073037385634961538
315	4265100	50617	0.69314463320454711148244086871273
318	4305720	51106	0.69314460913603614944378250584123
321	4346340	51657	0.69314458509899989913094486837508
324	4386960	52227	0.69314456103754307214614982513012
327	4427580	52819	0.69314453697986133651198770166957
330	4468200	53319	0.69314451292561229944766409971635
333	4508820	53798	0.6931444888749768162838904572709
336	4549440	54285	0.69314446482794700443719193572178
339	4590060	54762	0.69314444078451609154711832161411
342	4630680	55241	0.69314441674469617904463802915416
345	4671300	55719	0.69314439270872563181313807945116
348	4711920	56199	0.69314436867610818016061102753156
351	4752540	56685	0.69314434464709606675825170896132
354	4793160	57162	0.69314432062168307435712222286384
357	4833780	57660	0.69314429659987653042918509527226
360	4874400	58139	0.69314427258166899648017533763777
363	4915020	58617	0.69314424856705769695253138706903
366	4955640	59098	0.69314422455604562944841973148868
369	4996260	59579	0.6931442005578668519305551853904
372	5036880	60057	0.69314417655405469176344013249036
375	5077500	60537	0.69314415255383610148243178628036
378	5118120	61017	0.69314412855721307948897447204217
381	5158740	61514	0.69314410456451491793217201120569
384	5199360	61995	0.69314408057508825056203249914688
387	5239980	62474	0.69314405658925426489957999365288
390	5280600	62964	0.69314403262912871461765007552458
393	5321220	63443	0.69314400865124847772591465400183
396	5361840	63921	0.69314398467634663614234113993007
399	5402460	64400	0.69314396070488626389050068610231
402	5443080	64880	0.69314393673702412446147036462207
405	5483700	65358	0.69314391277307962901943483302603
408	5524320	65837	0.69314388881239918926979726165882
411	5564940	66321	0.69314386485588108666178186467732
414	5605560	66805	0.69314384090238423397067890618928
417	5646180	67286	0.6931438169534716031705556815723
420	5686800	67766	0.69314379300714956677609279722674
423	5727420	68244	0.69314376906441477199649625617894
426	5768040	68724	0.69314374512527565652675320961862
429	5808660	69203	0.69314372118972855663088239452918
432	5849280	69682	0.69314369725809588107523495636997
435	5889900	70160	0.69314367332971915658390571479686
438	5930520	70641	0.69314364940493011779665266658412
441	5971140	71121	0.69314362548388264162468885842827
444	6011760	71603	0.69314360156625598463620008260477
447	6052380	72080	0.69314357765222234242230570089305
450	6093000	72559	0.693143553741770834797364386759
453	6133620	73037	0.69314352983489824211460472724866
456	6174240	73526	0.69314350593286178092711224962841
459	6214860	74008	0.69314348203316111796112863885355
462	6255480	74489	0.69314345813703814869199959503021
465	6296100	74969	0.69314343424449409436505220583058
468	6336720	75469	0.69314341035569815296923934511142
471	6377340	75952	0.69314338647047668562350963838981
474	6417960	76431	0.69314336258867526030513772639097
477	6458580	76914	0.69314333871045596957571888196981
480	6499200	77395	0.69314331483581237414171027921839
483	6539820	77873	0.69314329096475169045277198165422
486	6580440	78351	0.69314326709727169806285473896423
489	6621060	78830	0.69314324323336029554099013694213
492	6661680	79309	0.69314321937303091658577613998204
495	6702300	79791	0.69314319551627689985906499714474
498	6742920	80271	0.69314317166309702411552962075802
501	6783540	80756	0.69314314781348906890912076050881
504	6824160	81236	0.69314312396746147193482556758681
507	6864780	81718	0.69314310014344182597767485276563
510	6905400	82197	0.6931430763045555165646760542586
513	6946020	82685	0.69314305246923979542117422170122
516	6986640	83163	0.69314302863750121286301464351709
519	7027260	83642	0.69314300480933122017290770600084
522	7067880	84120	0.69314298098570648054561615936109
525	7108500	84598	0.69314295716467921870673762896331
528	7149120	85099	0.69314293334721610584381323860725
531	7189740	85578	0.69314290953333179690076804035925
534	7230360	86066	0.69314288572301130386676959460601
537	7270980	86589	0.69314286191625862354470655191108
540	7311600	87069	0.69314283811306753868564101139782
543	7352220	87547	0.69314281431345137196586847494473
546	7392840	88028	0.69314279051806726439366457270808
549	7433460	88509	0.69314276674857910887084244677681
552	7474080	88989	0.69314274295965283556597569258884
555	7514700	89468	0.6931427191746177829401176495594
558	7555320	89947	0.69314269539282835630444878916023
561	7595940	90425	0.6931426716145979716188207930827
564	7636560	90904	0.69314264784376766748152931540972
567	7677180	91381	0.69314262407211846284127432227251
570	7717800	91888	0.69314260030484597940869662124896
573	7758420	92367	0.69314257654136435249370151723269
576	7799040	92846	0.69314255278119973890937899341225
579	7839660	93324	0.69314252902434514425067391130142
582	7880280	93804	0.69314250527185261585572106923792
585	7920900	94286	0.69314248152211843656544942859909
588	7961520	94768	0.69314245778426153421492017514538
591	8002140	95249	0.69314243404163933259809482478886
594	8042760	95739	0.69314241030258139097952607698971
597	8083380	96218	0.69314238656707383157140611729119
600	8124000	96696	0.69314236283512697944786395964911
603	8164620	97175	0.69314233910673117566858536520158
606	8205240	97662	0.69314231538189352566092793495045
609	8245860	98141	0.69314229166061303022416950625484
612	8286480	98619	0.69314226794288480437700172842597
615	8327100	99098	0.69314224422903847333543581044069
618	8367720	99578	0.69314222051841378746672717170441
621	8408340	100057	0.6931421968113451459458929093671
624	8448960	100539	0.69314217310782788583622959777131
627	8489580	101017	0.69314214940786766927516282521538
630	8530200	101497	0.69314212571145661367921775308787
633	8570820	101979	0.69314210201871973016096717401524
636	8611440	102461	0.69314207832941465703413541632472
639	8652060	102939	0.69314205464365674647098103378084
642	8692680	103419	0.69314203096253523828096376746544
645	8733300	103921	0.69314200728387398431351584804361
648	8773920	104401	0.6931419836087575614413935909397
651	8814540	104879	0.69314195993719618371642354759388
654	8855160	105358	0.69314193626918330082276042958256
657	8895780	105848	0.69314191260471280653376879854477
660	8936400	106344	0.6931418889437844788048437294492
663	8977020	106825	0.69314186528640564510794774832902
666	9017640	107320	0.69314184163257719362150055530947
669	9058260	107800	0.69314181798252816335548232018482
672	9098880	108278	0.69314179433654543593945618340513
675	9139500	108756	0.69314177069358806626553359819809
678	9180120	109236	0.69314174705447240132372144216788
681	9220740	109718	0.69314172341835655899444645910989
684	9261360	110196	0.69314169978578443753747251321329
687	9301980	110677	0.6931416761567503748153740161797
690	9342600	111157	0.6931416525312477094900032170699
693	9383220	111637	0.69314162890978336939440396236023
696	9423840	112115	0.69314160529450508096971361737815
699	9464460	112599	0.69314158167962436341014154095319
702	9505080	113077	0.69314155806829025330273452709662
705	9545700	113556	0.69314153446048820672586998625775
708	9586320	114035	0.69314151085622766057525723226718
711	9626940	114514	0.69314148725550051022281650148216
714	9667560	115000	0.69314146365830731078006010648096
717	9708180	115478	0.69314144006465172598296931028017
720	9748800	115960	0.6931414164745274275603037494875
723	9789420	116441	0.69314139288870502131345574525767
726	9830040	116923	0.6931413693200128012250615938683
729	9870660	117449	0.6931413457404915767767761280993
732	9911280	117933	0.69314132216450907719718088628724
735	9951900	118416	0.69314129859237649800007829981041
738	9992520	118896	0.69314127502345235232183995321975
741	10033140	119380	0.69314125146085792117389701161301
744	10073760	119864	0.69314122789899845766825592363602
747	10114380	120343	0.69314120434067438836223118414637
750	10155000	120821	0.6931411807858778306723479545326
753	10195620	121300	0.69314115723460612006334713441902
756	10236240	121781	0.69314113368686003369134596141521
759	10276860	122259	0.69314111014232049345906716553145
762	10317480	122754	0.69314108660163686881361400082824
765	10358100	123247	0.69314106306829192938323558337288
768	10398720	123728	0.69314103953598393825785706212628
771	10439340	124208	0.69314101600587818552412500139326
774	10479960	124686	0.69314099247979266138486309500877
777	10520580	125165	0.69314096895673904530355002862052
780	10561200	125644	0.69314094543720916608009474657592
783	10601820	126123	0.69314092192120058122384307353059
786	10642440	126614	0.69314089840871662140386888495414
789	10683060	127091	0.69314087489999787194960845226888
792	10723680	127598	0.69314085139456060868923259477015
795	10764300	128081	0.69314082789279762852885369284195
798	10804920	128559	0.69314080439439784697697177762166
801	10845540	129037	0.69314078089920438952020731449011
804	10886160	129515	0.69314075740784786283654739236226
807	10926780	129994	0.69314073392000929985101720376406
810	10967400	130519	0.69314071043741243283164976674016
813	11008020	130997	0.69314068695692843125044646512833
816	11048640	131482	0.69314066347965119785357046566787
819	11089260	131960	0.69314064000588571090588629886042
822	11129880	132438	0.69314061653563707743330724042607
825	11170500	132919	0.69314059306890596356964806545875
828	11211120	133419	0.69314056960569159215879153634887
831	11251740	133898	0.69314054614598963333094161498593
834	11292360	134381	0.69314052268980197446524016413605
837	11332980	134860	0.69314049923713527689983493473846
840	11373600	135340	0.69314047578797510773540579975815
843	11414220	135819	0.69314045234233168102377931063529
846	11454840	136296	0.69314042890019555986924615353928
849	11495460	136781	0.6931404054615786236581698176451
852	11536080	137260	0.69314038202646799380346465113689
855	11576700	137738	0.6931403585948719969778153426887
858	11617320	138216	0.69314033516637052478870373306563
861	11657940	138708	0.69314031174178980521105586376507
864	11698560	139186	0.69314028832072771546535250308807
867	11739180	139666	0.69314026490316416051484793570125
870	11779800	140145	0.69314024148910646783150468763779
873	11820420	140623	0.69314021807903836158715193960234
876	11861040	141100	0.69314019467200316260147019420401
879	11901660	141579	0.69314017126847449201676454322296
882	11942280	142072	0.69314014786796274147917529262486
885	11982900	142550	0.6931401244714429088489282548835
888	12023520	143027	0.69314010107842971564195977407508
891	12064140	143507	0.69314007768892738070576342579443
894	12104760	143993	0.6931400543029273553230495963362
897	12145380	144474	0.69314003092042908438230597312213
900	12186000	144955	0.69314000754896454292719454315375
