0	0	0	0.69314718055895352399886633065762
3	40620	896	0.69314693617830258620671202152153
6	81240	1519	0.69314669216394841910755530989263
9	121860	2345	0.693146448528460523696992368059
12	162480	3068	0.69314620528459880421934258265537
15	203100	3789	0.69314596236550563013167902681744
18	243720	4505	0.69314571982659856086428362687002
21	284340	5129	0.69314547763495615306794661591994
24	324960	5754	0.69314523581113940409181850554887
27	365580	6381	0.69314499434465492999635216619936
30	406200	7009	0.69314475324001600942125378423952
33	446820	7940	0.69314451252900555200398002853035
36	487440	8698	0.69314427215098572965246148669394
39	528060	9406	0.69314403212831121603443307321868
42	568680	10119	0.6931437924652191773233766980411
45	609300	10744	0.69314355316116460503650387181551
48	649920	11576	0.69314331421562880297670972140622
51	690540	12284	0.6931430756279736149494397068338
54	731160	12996	0.69314283740043070025649285526015
57	771780	13704	0.69314259952709167400541900860844
60	812400	14473	0.6931423620099591564880370242463
63	853020	15275	0.69314212485667880958573050520499
66	893640	16233	0.69314188806474741344487711103284
69	934260	17042	0.69314165162063312575213558375253
72	974880	17755	0.69314141552325803097289735887898
75	1015500	18469	0.69314117981164702353424900138634
78	1056120	19093	0.69314094442086771064026606836705
81	1096740	19929	0.69314070938257787979352997353999
84	1137360	20642	0.69314047469625372777102256804937
87	1177980	21363	0.6931402403805434486727676812734
90	1218600	22079	0.6931400063965376112662397645181
93	1259220	23072	0.69313977411295135677704593035742
96	1299840	23696	0.69313954082693385316815692931414
99	1340460	24319	0.69313930789021926948123564216075
102	1381080	25147	0.69313907530218143993039348060847
105	1421700	25863	0.69313884306248074729239760927157
108	1462320	26872	0.69313861117038699788395206269342
111	1502940	27714	0.69313837965502844706833229793119
114	1543560	28540	0.69313814845668053621352555637714
117	1584180	29368	0.69313791761230336696542053687153
120	1624800	29992	0.69313768712158341234186309520737
123	1665420	30819	0.69313745697614448371126627534977
126	1706040	31655	0.69313722715895209613989891295205
129	1746660	32368	0.69313699768574088544426103908336
132	1787280	33078	0.69313676856068529019694324233569
135	1827900	33789	0.69313653977389788618523880359135
138	1868520	34500	0.6931363113340858195243754380499
141	1909140	35215	0.69313608323152575696468602473033
144	1949760	35927	0.69313585547661304975264329186757
147	1990380	36637	0.69313562806833683982432603443158
150	2031000	37364	0.6931354010043832003518105011608
153	2071620	38137	0.69313517426401838328331450611586
156	2112240	38965	0.69313494790996588168496828075149
159	2152860	39698	0.69313472184760538397085838369094
162	2193480	40337	0.69313449612814403977267829759512
165	2234100	40966	0.69313427075151945455644408866647
168	2274720	41585	0.69313404570233605461737624864327
171	2315340	42435	0.69313382119847644080579129877151
174	2355960	43154	0.69313359682638775449703416597913
177	2396580	43869	0.69313337278532294316590878224815
180	2437200	44695	0.69313314907949252763330605375813
183	2477820	45420	0.69313292570823981098016020041541
186	2518440	46252	0.69313270267106241728782833888545
189	2559060	46992	0.69313247996749260959603589071776
192	2599680	47715	0.69313225803610545305843970709248
195	2640300	48431	0.69313203599750938810331035710988
198	2680920	49141	0.69313181429340009476192108195391
201	2721540	49973	0.69313159291843440268365839074249
204	2762160	50695	0.69313137188314022374413525540149
207	2802780	51321	0.69313115118080081966667194137699
210	2843400	51999	0.69313093079750498493041277470184
213	2884020	52783	0.69313071074374943414397876040312
216	2924640	53491	0.69313049102633939035911225801101
219	2965260	54208	0.69313027163260487739648851857055
222	3005880	54912	0.6931300525643672161280051113863
225	3046500	55533	0.69312983382885651195692844339646
228	3087120	56157	0.6931296169414846719547540487838
231	3127740	56784	0.69312939932752148930461544296122
234	3168360	57723	0.69312918169148318714434253706713
237	3208980	58361	0.69312896425245751341748245977215
240	3249600	59208	0.69312874713846950314177774998825
243	3290220	59914	0.69312853034900046012012353457976
246	3330840	60618	0.69312831389909335122467837209115
249	3371460	61327	0.69312809775715977789189992108732
252	3412080	62021	0.69312788193822005844424438691931
255	3452700	62726	0.69312766644550072303587739952491
258	3493320	63448	0.69312745127123476240882382626296
261	3533940	64457	0.69312723641850271238951108898618
264	3574560	65289	0.69312702188682939752339962069527
267	3615180	66120	0.69312680767571221984724161302438
270	3655800	66947	0.69312659378461982662145146605326
273	3696420	67773	0.69312638021781947106347843146068
276	3737040	68482	0.69312616696547124650606974682887
279	3777660	69310	0.69312595403171095576055904530222
282	3818280	70022	0.69312574141605998168103042189614
285	3858900	70843	0.69312552911798941401855245203478
288	3899520	71548	0.69312531713705916036616372366552
291	3940140	72252	0.69312510547282590867013141178177
294	3980760	72961	0.69312489412477651384847376903053
297	4021380	73802	0.69312468309965469259736892126966
300	4062000	74511	0.69312447238249752512473378374125
303	4102620	75223	0.69312426199539201032706614569179
306	4143240	76204	0.69312405190715298264336752254167
309	4183860	77174	0.69312384213269373489652025455143
312	4224480	77808	0.69312363344066585391090029588668
315	4265100	78541	0.69312342429099105256540269692778
318	4305720	79167	0.69312321545672583855690618293011
321	4346340	79983	0.69312300693121542405350510307471
324	4386960	80682	0.69312279871705084755006964769564
327	4427580	81438	0.69312259081376592639855971356155
330	4468200	82293	0.69312238322087271757965254437295
333	4508820	83000	0.69312217593787972536034658332937
336	4549440	83841	0.69312196896688360592264643855742
339	4590060	84549	0.69312176230232769302830320157227
342	4630680	85252	0.69312155594625002308362127223518
345	4671300	86073	0.69312134989819873531757821183419
348	4711920	86788	0.69312114415770720299292406707536
351	4752540	87604	0.69312094051418926543561838116148
354	4793160	88418	0.69312073541191498993185859944788
357	4833780	89133	0.69312053062353484733648656401783
360	4874400	89954	0.69312032611165919071538610296557
363	4915020	90671	0.69312012189885330304406352297519
366	4955640	91491	0.69311991799080052700787746289279
369	4996260	92197	0.69311971438709329973448802775238
372	5036880	92950	0.69311951108714320302084388458752
375	5077500	93782	0.69311930809050203983190385770286
378	5118120	94608	0.69311910539674581599456359981559
381	5158740	95323	0.6931189043864610654921420973551
384	5199360	96305	0.69311870229481742367028118678718
387	5239980	97141	0.69311850050468892803223752707709
390	5280600	97848	0.69311829901795452002488673315383
393	5321220	98565	0.69311809783082156677380680775968
396	5361840	99392	0.69311789694233494341091272872291
399	5402460	100099	0.69311769635346420770360964525025
402	5443080	100803	0.69311749608805850453308039504918
405	5483700	101532	0.69311729609707328769729883788386
408	5524320	102238	0.69311709640882168681486064087949
411	5564940	102948	0.69311689702140666380358879905543
414	5605560	103910	0.69311669792376018328639020182891
417	5646180	104728	0.69311649912298112230502056263504
420	5686800	105441	0.69311630061869056174117531554657
423	5727420	106147	0.69311610284484259647541648519109
426	5768040	106970	0.69311590494541996942956529892399
429	5808660	107796	0.69311570774280695239610849966994
432	5849280	108519	0.69311551041827634822567461014842
435	5889900	109265	0.69311531338786502853821502867504
438	5930520	109973	0.69311511665491376543712931379559
441	5971140	110972	0.69311492021149423425896429762361
444	6011760	111592	0.69311472407300556142217828892171
447	6052380	112413	0.69311452821716046379663112020353
450	6093000	113118	0.69311433266416655474273511572392
453	6133620	113937	0.69311413740040672681885780548328
456	6174240	114554	0.69311394241640023050621266520466
459	6214860	115174	0.69311374772296918678193833329715
462	6255480	115994	0.69311355332088275815749511821195
465	6296100	116819	0.69311335920724959080985172477085
468	6336720	117486	0.69311316540476719527674731580191
471	6377340	118228	0.6931129718690776098100059243734
474	6417960	118938	0.69311277863054399084319356916239
477	6458580	119928	0.69311258567947842124112867168151
480	6499200	120914	0.69311239302256288929982019908493
483	6539820	121853	0.69311220063757417175764885541867
486	6580440	122475	0.69311200854799770443293027710752
489	6621060	123279	0.69311181683586853274903205601731
492	6661680	124097	0.69311162530909609102991453255527
495	6702300	124805	0.69311143406754027740390711187501
498	6742920	125426	0.69311124311079119753031818618183
501	6783540	126249	0.6931110524384075377568592557509
504	6824160	126868	0.69311086206324723502092410853948
507	6864780	127704	0.69311067196072739804435514088254
510	6905400	128414	0.69311048214468029549095717811724
513	6946020	129035	0.69311029260541268115503044100478
516	6986640	129857	0.69311010334837597213208937318996
519	7027260	130629	0.69310991437308044904597181812278
522	7067880	131452	0.69310972568937534443733738953597
525	7108500	132157	0.69310953728067459245210102380952
528	7149120	132866	0.69310934915695521230105669019395
531	7189740	133748	0.69310916130428557035969561184174
534	7230360	134455	0.69310897373127089426958491458208
537	7270980	135162	0.69310878643746831606620162347099
540	7311600	135786	0.69310859942235947261934825291974
543	7352220	136607	0.69310841269057743563308804368717
546	7392840	137392	0.69310822623166390421545202116249
549	7433460	138217	0.69310804005017301321345257747453
552	7474080	138931	0.69310785414578202079383117961697
555	7514700	139780	0.69310766852481220379189608138404
558	7555320	140514	0.69310748317316306366109301961842
561	7595940	141228	0.69310729810018700813856185050099
564	7636560	142059	0.69310711329961760540641080297064
567	7677180	142773	0.69310692877397672706507592010894
570	7717800	143602	0.69310674452861131822345441833022
573	7758420	144321	0.69310656056311270578618177751196
576	7799040	145036	0.69310637687676091012178858363768
579	7839660	145675	0.69310619344654234019742489181226
582	7880280	146504	0.6931060103086940094030410364212
585	7920900	147311	0.69310582743351378809393281699158
588	7961520	148030	0.69310564482037539946190918271895
591	8002140	148665	0.69310546247875626235668278241064
594	8042760	149496	0.69310528042299657247582445052103
597	8083380	150209	0.69310509862997848884447193995584
600	8124000	150908	0.69310491711409749626682241796516
603	8164620	151744	0.69310473586328025241698469471885
606	8205240	152450	0.69310455487595989954030528679141
609	8245860	153283	0.69310437448770834123479289701208
612	8286480	153985	0.69310419404338263760223526332993
615	8327100	154819	0.69310401385861653000830528981169
618	8367720	155561	0.69310383394158658898476232934627
621	8408340	156306	0.69310365429200782028118510424974
624	8448960	157135	0.69310347490944934634171659126878
627	8489580	157919	0.69310329579832197222089007482282
630	8530200	158632	0.69310311694845117003183077031281
633	8570820	159386	0.69310293837958059093296014907537
636	8611440	160183	0.69310276006523352521071501541883
639	8652060	160912	0.69310258201143759571039026923245
642	8692680	161627	0.69310240422215940725436666980386
645	8733300	162447	0.69310222669979293375064344218117
648	8773920	163159	0.69310204974983802284071998656145
651	8814540	163981	0.69310187275119927718947110406589
654	8855160	164691	0.69310169646735275694737765661557
657	8895780	165401	0.69310151999345026574417261144845
660	8936400	166107	0.69310134378166077251393062397256
663	8977020	166929	0.69310116783157471598286747394013
666	9017640	167658	0.69310099215993559162996007216861
669	9058260	168475	0.69310081673204482211048116369057
672	9098880	169201	0.69310064157333040046893302132958
675	9139500	170043	0.69310046667934654962550666823518
678	9180120	170761	0.69310029230786507348227587499423
681	9220740	171580	0.69310011791902803590659232213511
684	9261360	172357	0.69309994378912742618581432907376
687	9301980	173065	0.69309977013773915732741670581163
690	9342600	173910	0.69309959655009667489622415814665
693	9383220	174624	0.6930994231941456362733333662618
696	9423840	175329	0.69309925010876816120486410000012
699	9464460	175955	0.69309907727263497800862523945398
702	9505080	176776	0.6930989046873911041402038790693
705	9545700	177507	0.69309873236164254439728438228485
708	9586320	178228	0.69309856028828420448917313478887
711	9626940	179057	0.69309838847022708918643729703035
714	9667560	179771	0.69309821690716266751053353800671
717	9708180	180591	0.69309804559862153716665034153266
720	9748800	181292	0.69309787454424920394302489512484
723	9789420	182187	0.69309770374364110256948379173991
726	9830040	183014	0.69309753320203271176325188207556
729	9870660	183749	0.69309736290780710188386137815542
732	9911280	184465	0.69309719288538240711261551041389
735	9951900	185087	0.69309702336540723877078562509269
738	9992520	185925	0.69309685382739005810037724586437
741	10033140	186604	0.69309668454080131105854434281355
744	10073760	187223	0.6930965155137159827702930670057
747	10114380	187840	0.69309634672883757566808071715059
750	10155000	188658	0.69309617819425362039709170858259
753	10195620	189361	0.69309600992705966415741158925812
756	10236240	189990	0.69309584189188788716506905984716
759	10276860	190785	0.69309567410586314650799977243878
762	10317480	191488	0.69309550659863450317033084502327
765	10358100	192191	0.69309533930964561943000035171281
768	10398720	192894	0.69309517227423400598240732506383
771	10439340	193713	0.69309500575251292708855999080697
774	10479960	194418	0.69309483923009906902734655886889
777	10520580	195398	0.69309467293600812709541969525162
780	10561200	196219	0.69309450688270812790392483293545
783	10601820	196922	0.69309434107546341596872707668808
786	10642440	197741	0.69309417551389762568447849844233
789	10683060	198448	0.69309401020328398335124120421824
792	10723680	199154	0.69309384514914551544961796025746
795	10764300	199976	0.69309368033865914604518820851808
798	10804920	200686	0.69309351588855172554559658237849
801	10845540	201469	0.6930933515496363606089857967163
804	10886160	202288	0.69309318745413883711137259524548
807	10926780	203107	0.69309302360172220236478324295604
810	10967400	203928	0.69309286000074032951800973023637
813	11008020	204652	0.69309269663970396457841616211226
816	11048640	205363	0.69309253351425770262039804947563
819	11089260	206096	0.69309237063041551074604740279028
822	11129880	206804	0.69309220799470161455957395446603
825	11170500	207511	0.69309204559977433124373646933236
828	11211120	208216	0.69309188343840688606434241592069
831	11251740	209207	0.69309172152271347755458918982185
834	11292360	210027	0.69309155984399173355825496400939
837	11332980	210884	0.69309139840181366309934674063697
840	11373600	211516	0.69309123719863041657163194031455
843	11414220	212136	0.69309107623410093346194571495289
846	11454840	212954	0.69309091551187285151769401636557
849	11495460	213664	0.69309075502352923692228614527266
852	11536080	214503	0.69309059477261236725809112613206
855	11576700	215352	0.69309043475887743834817911192658
858	11617320	216056	0.69309027498199460293193396864808
861	11657940	216873	0.69309011565955080946821453835582
864	11698560	217581	0.69308995635480696861918659124058
867	11739180	218407	0.69308979729672048897270997258602
870	11779800	219210	0.69308963846839022338031099934597
873	11820420	220004	0.69308947986966829013510960066924
876	11861040	220823	0.69308932151948732247603857103968
879	11901660	221538	0.69308916338962922587541015673196
882	11942280	222552	0.69308900703918707719708436343353
885	11982900	223543	0.69308884937430925710089013591642
888	12023520	224171	0.69308869195519884343070771137718
891	12064140	224808	0.69308853476449860941954739246285
894	12104760	225630	0.69308837779805065881788550541387
897	12145380	226338	0.69308822106376699601071322831558
900	12186000	227046	0.69308806456124794070916550481343
