0	0	0	0.69314718055900481630260401288979
3	2355	1753	0.68922441651566601628076114138821
6	4710	3525	0.68521681097738529331309109693393
9	7065	5284	0.68131818685427558701661610029987
12	9420	7037	0.67736361915614462514412252858165
15	11775	8805	0.67343111450290238373383999714861
18	14130	10560	0.66959088478781536579731437086593
21	16485	12335	0.66575746361873533452069295890396
24	18840	14112	0.66203889765325441008059215164394
27	21195	15895	0.65821949923835088025469985950622
30	23550	17714	0.65460580367335741147627459213254
33	25905	19447	0.65114906749458345558423388865776
36	28260	21199	0.64764866852181146583689042017795
39	30615	22978	0.64424953112447935765771944716107
42	32970	24733	0.64080314932408111161521446774714
45	35325	26471	0.63736594861317974469727687392151
48	37680	28220	0.63388831047122351503020354357432
51	40035	29974	0.63042684032552120942938245207188
54	42390	31740	0.62706500286265864918533452510019
57	44745	33520	0.62375294397964009540658025798621
60	47100	35286	0.62052624275527579200684158422519
63	49455	37051	0.61733897765391509970811512175715
66	51810	38824	0.61416106329771280591955928684911
69	54165	40585	0.61109939110579825083391369844321
72	56520	42351	0.60799787128231663757560454541817
75	58875	44109	0.60507197285717306822760974682751
78	61230	45879	0.60212022587572200382766141046886
81	63585	47670	0.59903878931451215450465497269761
84	65940	49406	0.59610710686325818485897798382211
87	68295	51215	0.59324284804909743762380003317958
90	70650	52988	0.59034978517287883814645965685486
93	73005	54732	0.58743750838015085236065715434961
96	75360	56481	0.58466003526791265887396775724483
99	77715	58289	0.58193482097168902633654852252221
102	80070	60074	0.57919289879340229987292332225479
105	82425	61861	0.57642451795260030156242692100932
108	84780	63624	0.57384067614181133443196358712157
111	87135	65404	0.57119945841986019541280938938144
114	89490	67182	0.56861578652655297982931870137691
117	91845	68955	0.56601216158384959342697584361304
120	94200	70741	0.56345485330710154414646240184084
123	96555	72502	0.56087750810091896447318049467867
126	98910	74249	0.55831395093763214187987387049361
129	101265	76046	0.55573864063482203423660621410818
132	103620	77821	0.55326518576379257741137962511857
135	105975	79605	0.5507853885202984578484119992936
138	108330	81407	0.54843624375458777109315633424558
141	110685	83170	0.54598879000025957175523672049167
144	113040	85517	0.54364701825314443173198242220678
147	115395	87305	0.54136759789933408537621062350809
150	117750	89063	0.53903170167643654764333405182697
153	120105	90834	0.53672720708793575372652639998705
156	122460	92607	0.53448108846696573692724996362813
159	124815	94346	0.53225035235874984529402809130261
162	127170	96111	0.53004266529026888843389997418853
165	129525	97876	0.52788377939691855100790007782052
168	131880	99632	0.52572527181064410140010068062111
171	134235	101418	0.52368307978379191602869013877353
174	136590	103203	0.52155464327311984451540638474398
177	138945	104991	0.51950592044316623585586967237759
180	141300	106764	0.51747257448494243803338576981332
183	143655	108543	0.51544800972333493227495182509301
186	146010	110316	0.51346752713699883585718453105073
189	148365	112089	0.51149364631088045651807760805241
192	150720	113861	0.50951212459772732277230034014792
195	153075	115652	0.50762547350409170654472745809471
198	155430	117419	0.50567945075971376667212098254822
201	157785	119173	0.50378248073146003616074040110107
204	160140	120959	0.50195154072947345547106579033425
207	162495	122751	0.50008761364303144780762977461563
210	164850	124524	0.49828920403643062186915813072119
213	167205	126283	0.49643147679109789205398328704177
216	169560	128057	0.49465190520009361119235791193205
219	171915	129833	0.49288919224174226885182292789978
222	174270	131606	0.49115502113196363165315005971934
225	176625	133388	0.48936666811579743185944835204282
228	178980	135193	0.48765967569818607918463726491609
231	181335	136968	0.48597050686747261805109587839979
234	183690	138746	0.4842359760621698372418109102
237	186045	140573	0.48259088427312568647664647869533
240	188400	142396	0.48094337545241305775789442122914
243	190755	144281	0.47939414412152553390811249300896
246	193110	146147	0.47775820037464244993685724693933
249	195465	147969	0.47616589223100314054448745082482
252	197820	149835	0.47448651452966411623535236685711
255	200175	151712	0.47293331696400631170007500259089
258	202530	153554	0.47140434979564477258051624630752
261	204885	155399	0.46993404668513943933660925722506
264	207240	157235	0.46839874543892701108660503450665
267	209595	159091	0.46687435919339187462284712637484
270	211950	160902	0.46543242672263840375990184838884
273	214305	162706	0.46396597808744266533409472685889
276	216660	164519	0.46253787638059656872613345512946
279	219015	166340	0.46106808060139964355883535063185
282	221370	168158	0.45965408878342095544411449736799
285	223725	170011	0.4582709235138514025642564320151
288	226080	171842	0.45687932416302323712642419195618
291	228435	173673	0.45543212290829282462567562106415
294	230790	175536	0.45409234583351149039387451011862
297	233145	177404	0.4527736180276740740602292589756
300	235500	179277	0.45140399673710640549018080491805
303	237855	181134	0.45001507833712084405419773247559
306	240210	182980	0.44868447941835848391534113943635
309	242565	184852	0.4473951981550974288381894439226
312	244920	186695	0.44609059459924893520366140364786
315	247275	188541	0.444785905707344664250513233128
318	249630	190404	0.44351985046535402634759748252691
321	251985	192269	0.44227379634677099762285479300772
324	254340	194115	0.4410323749470861365296059375396
327	256695	195932	0.43979635573519931801556026584876
330	259050	197781	0.43858025066774725120311018145003
333	261405	199635	0.43737370556246191188876082378556
336	263760	201477	0.43614551473145163340561225595593
339	266115	203319	0.434962012227846361867023006198
342	268470	205204	0.43378950306806224324063236963411
345	270825	207027	0.43265732400733747375909388210857
348	273180	208844	0.43150543442046657149901989214413
351	275535	210681	0.4303115117475249107314994034823
354	277890	212462	0.42915009814863769310733232487109
357	280245	214287	0.42805249420792890191478363703936
360	282600	216117	0.42690685387418975116347041875997
363	284955	218033	0.42580324420623943959540724790713
366	287310	219928	0.42473016877822489245630777077167
369	289665	221818	0.42366442869261189407836809550645
372	292020	223660	0.422612597353928698407088404565
375	294375	225520	0.4214972899640704873114316342253
378	296730	227401	0.42040143669503621248750846461917
381	299085	229240	0.41935791246007758648062235806719
384	301440	231126	0.41833871704754760356692599998496
387	303795	233031	0.41730227930029745175843913784774
390	306150	234869	0.41628172771756855041758171864785
393	308505	236670	0.41523754255272804503107408891083
396	310860	238494	0.41426564853792269271792747531435
399	313215	240302	0.41328935654050319437047278370301
402	315570	242100	0.41230493290076691836887334829953
405	317925	243890	0.41135287741718207232821669094847
408	320280	245677	0.41036501123291807546777931747783
411	322635	247457	0.40942024426642781298468776185473
414	324990	249241	0.40847271549985880723099285205535
417	327345	251041	0.40757061954905038358987212632201
420	329700	252803	0.40662794955345288316905794090417
423	332055	254562	0.40571014884227862840049283477128
426	334410	256353	0.40481063305339354263523432564398
429	336765	258145	0.40388003214800499707237690927286
432	339120	259916	0.40293396547911819460807691939408
435	341475	261695	0.40200736983214480080306429954362
438	343830	263475	0.40110719402492556184824934462085
441	346185	265262	0.40021767909080141478739278682042
444	348540	267028	0.39931998137372304302772363371332
447	350895	268809	0.39847046784610601344311930915865
450	353250	270599	0.39759133964505649627696470815863
453	355605	272396	0.39669951062233260730138795224775
456	357960	274161	0.39582988049477285663613201904809
459	360315	275936	0.39499713256769020119918423006311
462	362670	277778	0.39416080176885642805117981879448
465	365025	279656	0.39332904524237688459464834522805
468	367380	281437	0.39250098554842155484934096421057
471	369735	283224	0.39167193751540269053279530453437
474	372090	284990	0.39084660405215215783769622248656
477	374445	286767	0.39003347175893049447736871115922
480	376800	288552	0.38923909784350119167584125534631
483	379155	290332	0.38847231894449674172165032359771
486	381510	292131	0.38768644910914762391485055559315
489	383865	293936	0.38692893344927631327223593871167
492	386220	295741	0.38617049926773205914543041217257
495	388575	297547	0.3853746836035455980429276223731
498	390930	299328	0.38461639900277433401498683451791
501	393285	301128	0.38387772605647968449105178478931
504	395640	302916	0.38315716594882526235821273985493
507	397995	304732	0.3824185152525340081197668951063
510	400350	306509	0.38169938952030768586354270155425
513	402705	308285	0.38096464438112809247627410513815
516	405060	310071	0.38024625416476648398500515213527
519	407415	311860	0.37954237065533780182136069925036
522	409770	313650	0.3788130288557938207816278008977
525	412125	315458	0.37809854446393037497031741622777
528	414480	317240	0.37737638439237752852051244190079
531	416835	319041	0.37669873517574187227197057836747
534	419190	320858	0.3760064454906460462702000313584
537	421545	322638	0.3752935361808906744585101478151
540	423900	324412	0.37459976811774214899841695114446
543	426255	326210	0.37394142370340660574967728280171
546	428610	327990	0.37325639867189958076565403644054
549	430965	329786	0.37258056345667023290246788747027
552	433320	331570	0.37193111818948437763410197476333
555	435675	333347	0.37125841406611292949691005560453
558	438030	335125	0.37059392437210092463573118948261
561	440385	336890	0.36994414545235237978815234782815
564	442740	338684	0.36927389800831195154628971977218
567	445095	340471	0.36864622529098323155949401552789
570	447450	342287	0.36801126963633756794536111556226
573	449805	344045	0.36738917485798122664064635500836
576	452160	345851	0.36678379997824001046424768901488
579	454515	347632	0.36615247167022341168163279689907
582	456870	349411	0.3655276585181470583307827837416
585	459225	351834	0.36490029184845107490531290750368
588	461580	359042	0.3642863877423398455412950625032
591	463935	360814	0.36367723136565716091084254912857
594	466290	362585	0.36309707183126310736653863386891
597	468645	364368	0.36250355877330947551584472421382
600	471000	366127	0.36190009951900281581771423589089
603	473355	367882	0.36133640735924044129490084742429
606	475710	369658	0.36076087568218190293478642161062
609	478065	371461	0.36019985548118865770206298293488
612	480420	373248	0.35964908543936913165595115060569
615	482775	375018	0.35907131425653621148441629884474
618	485130	376800	0.35850804912516009981260367567302
621	487485	378581	0.35794841918256425916666785269626
624	489840	380391	0.35739641520373816030442526425759
627	492195	382169	0.35686441843088828607122309222177
630	494550	383952	0.35629639603229928956906746861932
633	496905	385738	0.35574473562811148585893761264742
636	499260	391967	0.35519805635232842844217771016702
639	501615	394597	0.35465383319689830488030679589428
642	503970	396416	0.35410280493836526760631500110321
645	506325	398210	0.35357285753201445066551400486787
648	508680	399985	0.35303226009225230352939206568408
651	511035	401766	0.35250785582727184319651314581279
654	513390	403571	0.35197486565986185746979231225851
657	515745	405354	0.35145545061392374774911218082707
660	518100	407183	0.35093416575892710795869788853452
663	520455	408990	0.35041921954463794985912272750284
666	522810	410783	0.3499077891174440235744214078295
669	525165	412581	0.34940160815734472299354251845216
672	527520	414397	0.34890875779682395396719130076235
675	529875	416185	0.34840786470274942576708099295502
678	532230	417969	0.34789332238014575304774211872427
681	534585	420855	0.34738651499872813532832083183166
684	536940	426860	0.34689821403414849987356660676596
687	539295	428636	0.34640156365258878423674104851671
690	541650	430423	0.34593126335842411256393802432285
693	544005	432253	0.34543209380538703046070736490947
696	546360	434065	0.34495145728231518811313094374782
699	548715	435858	0.34447920729539466266899694346648
702	551070	437707	0.34401786319364169308698819804704
705	553425	439575	0.34352807643236599188796276393987
708	555780	441423	0.34303134635682464015360437770141
711	558135	443281	0.34254767685833947821194556127011
714	560490	445197	0.34206578412882432393971043893544
717	562845	447078	0.34160661095314287516444551329187
720	565200	448927	0.34116091413377541696760886225093
723	567555	450805	0.34071145548980252826254400133621
726	569910	452699	0.34026627496586214771667755485396
729	572265	454574	0.33981647795090247354821144654125
732	574620	456457	0.33934871684162626337410983978771
735	576975	458307	0.33890094906980022804177110629098
738	579330	460164	0.33846954465663892097637699407642
741	581685	462018	0.3380277717585739583050497003569
744	584040	463875	0.33759709632640222398691776106716
747	586395	465731	0.33716624732374483874863813070988
750	588750	467603	0.33673915977533769305907185298565
753	591105	469475	0.33629659888767621245264649587625
756	593460	471326	0.33586881391234046922988909500418
759	595815	473237	0.33543581589797083486459428058879
762	598170	475115	0.33502146963602313922692133019154
765	600525	476976	0.33458731011008552291841056103294
768	602880	478881	0.3341712435465807873313792697445
771	605235	480768	0.3337703703219473960750462993019
774	607590	482651	0.33337552350059634909129613333789
777	609945	484508	0.33297030754094558702149697637651
780	612300	486354	0.33254531775605178367527514637914
783	614655	488316	0.33213726178196795180141975833976
786	617010	490186	0.3317335593974383711746156677691
789	619365	492102	0.33133459131333503622229841312219
792	621720	493982	0.33091533946308926417145812592935
795	624075	495899	0.33052129721585865596011899469886
798	626430	497788	0.33012920070890522383777465620369
801	628785	499650	0.32972262279891062508596633051638
804	631140	501524	0.32934679167900271501423503650585
807	633495	503395	0.32893878640584806039015575152007
810	635850	505265	0.32855985975358409367785839094722
813	638205	507125	0.32817519527720856453711917311011
816	640560	509011	0.32779443327463897439599804783938
819	642915	510905	0.32742134122416277630662762021529
822	645270	512737	0.32703619033820258144018566781597
825	647625	514554	0.32664903864779593067879659429309
828	649980	516337	0.32626237952504788530916357558453
831	652335	518127	0.32589808951269194636779502616264
834	654690	519900	0.32553332946638108280623669088527
837	657045	521666	0.32516797421775939236354702188692
840	659400	523428	0.32479471667496989661927386805473
843	661755	525227	0.32443924941108670534362090620562
846	664110	526994	0.32408577525058374080302314723667
849	666465	528757	0.3237279814792231591447091432201
852	668820	530533	0.32337645962012429023957338358741
855	671175	532336	0.3230169681643971779649859854544
858	673530	534131	0.32267619657542750966072730989254
861	675885	535947	0.32232179573917757453571653059043
864	678240	537763	0.32198662229858232564083664328791
867	680595	539537	0.32163641576705048752415905255475
870	682950	541328	0.32129339077380092426494684332283
873	685305	543126	0.32094698600299337298835666842933
876	687660	544909	0.32059385633034476192904094205005
879	690015	546668	0.32024665088717685357266873324988
882	692370	548430	0.31990188682686460097670533286873
885	694725	550190	0.31954591356789685541173184901709
888	697080	551943	0.31920945280895646201102522354631
891	699435	553694	0.31886785260233341254831884725718
894	701790	555448	0.31853129833133003723233400705794
897	704145	557194	0.31819456015724700836955207705614
900	706500	558940	0.31785851540014242733178662092541
