0	0	0	0.69314718055900481630260401288979
3	471	357	0.68906893918488554273693580398685
6	942	716	0.68478118081830996466408123524161
9	1413	1068	0.68068676454903609407409703635494
12	1884	1422	0.67680907514568633409623998886673
15	2355	1779	0.67298188608093212348393308275263
18	2826	2126	0.66915413091185282912221055084956
21	3297	2471	0.66546862510113924393806428270182
24	3768	2825	0.6618463287261455718635261291638
27	4239	3179	0.65801888356416682324123712533037
30	4710	3527	0.65420364978047962356555444785045
33	5181	3878	0.65078608791201264516246283164946
36	5652	4231	0.64715796211477683019808182507404
39	6123	4586	0.64358162130783136412048861529911
42	6594	4951	0.64009360824087480068556033074856
45	7065	5304	0.63683709715794212247175209995476
48	7536	5665	0.63329653782009809326325466827257
51	8007	6026	0.6300423095033069742498810228426
54	8478	6383	0.62658258869948235680880088693812
57	8949	6741	0.62335436329337146066364994112519
60	9420	7092	0.62008082134682818153947891914868
63	9891	7444	0.61708357378899003631289588156505
66	10362	7801	0.61386835408968076777114220021758
69	10833	8152	0.61057111249380058293212414355366
72	11304	8509	0.60745437304017568802549931206158
75	11775	8862	0.60448248387990055618956830585375
78	12246	9211	0.60164286067530425849980701968889
81	12717	9562	0.59880368729482003065101025640615
84	13188	9912	0.59589721388063066065399198123487
87	13659	10263	0.59313137108825697563219137009582
90	14130	10622	0.59046112429872066318381484961719
93	14601	10972	0.58757687739015140859777375226258
96	15072	11323	0.5849929702981444545883960017818
99	15543	11677	0.58213485212378857092119233129779
102	16014	12027	0.57950443317287525513137325106072
105	16485	12377	0.57701016083879985707483228907222
108	16956	12732	0.57446091482184491461282505042618
111	17427	13091	0.57160179286036605361687179538421
114	17898	13454	0.56907432398228541270412961239344
117	18369	13816	0.56644760927685944285059349567746
120	18840	14170	0.56387606646525534337399676587665
123	19311	14520	0.56128947469043644069586207479006
126	19782	14877	0.55868928944384588231031329996767
129	20253	15228	0.55620510180293092350467532014591
132	20724	15577	0.55378622157834966888145800112397
135	21195	15926	0.55138617966302383432974920651759
138	21666	16274	0.54918517778008202334660836640978
141	22137	16620	0.54692835637040604357395068291225
144	22608	16972	0.54449179428935834401670490478864
147	23079	17319	0.54209206883252303299514096579514
150	23550	17670	0.53968172335566633179837481293362
153	24021	18022	0.53721796380155040218085105152568
156	24492	18377	0.5350565830884190798855115644983
159	24963	18725	0.5328191515190170424176585584064
162	25434	19079	0.53060677343641315939493097175728
165	25905	19432	0.52829202659321172763640106495586
168	26376	19786	0.52609617179117029728274701483315
171	26847	20136	0.52393072957792929944531579167233
174	27318	20483	0.52202822908279000735376484954031
177	27789	20842	0.52005153952468252676055726624327
180	28260	21196	0.51806089819292910902959192753769
183	28731	21549	0.51595720892209728791755196652957
186	29202	21905	0.51393743042612893834331089237821
189	29673	22258	0.5120215799642391374391081626527
192	30144	22611	0.51013339863707629628919448805391
195	30615	22968	0.50819784051884731024273378352518
198	31086	23326	0.50634718903371234155486035888316
201	31557	23677	0.50465901449262917655147475670674
204	32028	24035	0.50282699009877207529939369123895
207	32499	24391	0.50105821936413230677231922527426
210	32970	24747	0.49903958099800244108124047670572
213	33441	25107	0.49715044233424321440395488025388
216	33912	25462	0.49524680696262290968689967485261
219	34383	25814	0.49367238683168024326874956386746
222	34854	26168	0.49195901068958575175216196839756
225	35325	26522	0.49026226442789755388673711422598
228	35796	26877	0.48840648326149160851628039381467
231	36267	27232	0.48672077292871868126056256187439
234	36738	27589	0.48496220431776965176240423716081
237	37209	27958	0.48321654274526576466897154205071
240	37680	28319	0.48153275966360348236960930989881
243	38151	28676	0.47994414942730939666049039260542
246	38622	29030	0.47825106240779857724731982671074
249	39093	29385	0.47663442182412146808090369631827
252	39564	29741	0.475014436759518876574048817929
255	40035	30095	0.47349082404401077184274981846102
258	40506	30449	0.47194314558220107347352723081713
261	40977	30799	0.47046831259198212960015439421113
264	41448	31152	0.46893221042712524004869578675425
267	41919	31515	0.46748996814540350053235329141899
270	42390	31872	0.46593270500826733382382371928543
273	42861	32228	0.46444452223761623077535887205158
276	43332	32585	0.4630301302536898311323909638304
279	43803	32937	0.4616844734822178053512686801696
282	44274	33291	0.46014045530044833665073156225844
285	44745	33643	0.4587274568571523269966405678133
288	45216	34007	0.45733716020283338155039132288948
291	45687	34360	0.45602042044963120304146286798641
294	46158	34721	0.45453941458976682143955372339406
297	46629	35080	0.45323756075540155840997158520622
300	47100	35438	0.45178812265200407605192367554992
303	47571	35803	0.45043356509508591933865773171419
306	48042	36167	0.44902201016420406620710537026753
309	48513	36521	0.44767051108210614840388075208466
312	48984	36883	0.44631860285832197776656471432943
315	49455	37239	0.44520539437504313973192893172381
318	49926	37594	0.44400592766020269275273335551901
321	50397	37950	0.44263402632353371357609717051673
324	50868	38310	0.44124392147722929502506872267986
327	51339	38665	0.44008011851250544710367762490932
330	51810	39025	0.43888545508639348335933050293534
333	52281	39394	0.43767614586471120796673517361342
336	52752	39754	0.43641621718093814852323930608691
339	53223	40119	0.43516627076068054025270726015151
342	53694	40474	0.43399341289229759199841396366537
345	54165	40828	0.43277852475668315834766985972237
348	54636	41187	0.4316377765256754206468770007632
351	55107	41549	0.43045578923126409653932000765053
354	55578	41910	0.42928025448419077081396721951023
357	56049	42269	0.4281251821815952318672771070851
360	56520	42626	0.42694798313844845027986707464152
363	56991	42984	0.42589715974738984183289858265198
366	57462	43339	0.42477437196230583005274183960864
369	57933	43708	0.42367588952577844851887789445755
372	58404	44072	0.4226388300788724849965660723683
375	58875	44435	0.42153140910388109396933487005299
378	59346	44799	0.4204641162270438825565577189991
381	59817	45158	0.41943508843595284085736807355715
384	60288	45515	0.41828904743367184559943439126073
387	60759	45878	0.41728982344229381684641566607752
390	61230	46238	0.41625091636097633074342638792587
393	61701	46593	0.41522693837090496327135724641266
396	62172	46955	0.41420677364946045795335294315009
399	62643	47313	0.41315110013618783213473761861678
402	63114	47678	0.41217746719268272270753072916705
405	63585	48039	0.41117382212328351664964998235519
408	64056	48393	0.41015195867929171713583968994499
411	64527	48745	0.40909658109988639163034918055928
414	64998	49106	0.40811892333434895974164646759164
417	65469	49465	0.40701983790407630925400894739141
420	65940	49843	0.40608260281218611087439285256551
423	66411	50204	0.40513213818178034353323369032296
426	66882	50567	0.40420831695072723110939705293276
429	67353	50916	0.40331883637491905414407256103004
432	67824	51266	0.40248241642061011180686591615085
435	68295	51625	0.4015023305723036672887360509776
438	68766	51982	0.40065634796640259285283036660985
441	69237	52336	0.39972618827450850931271020272106
444	69708	52692	0.39887329432476781310157321058796
447	70179	53049	0.3980205801910219887140840455686
450	70650	53417	0.39714896350070061359360806818586
453	71121	53769	0.39619045000234676123795907187741
456	71592	54122	0.3953452077964991207004175066686
459	72063	54476	0.39448522514764777779916471445176
462	72534	54830	0.39366812879994989016196882403165
465	73005	55184	0.39285133241571734696861994962092
468	73476	55542	0.39199570336401784453883578862587
471	73947	55908	0.39123311123784515475065859391179
474	74418	56267	0.39038918038216574579735151928617
477	74889	56618	0.3895849641053300560500360916194
480	75360	56975	0.38876298470751846636517257138621
483	75831	57330	0.38800302307762379872002611591597
486	76302	57695	0.38719430636499513331827415640873
489	76773	58051	0.38646768223649780038542189686268
492	77244	58408	0.38574218643859303767840174259618
495	77715	58771	0.38499421966629748803612187657563
498	78186	59133	0.38422582487930606598425242736994
501	78657	59499	0.38345179361680098439890684858256
504	79128	59855	0.38271235376629347824106730513449
507	79599	60211	0.38196411383910311432288153810077
510	80070	60567	0.38123270444710583015890392744041
513	80541	60925	0.38056387703175870163008198687749
516	81012	61281	0.37977429264512541084997110374388
519	81483	61637	0.3791045207044860254619322859071
522	81954	62000	0.37841189289868970568875283788657
525	82425	62358	0.37768914208111475927509559369355
528	82896	62720	0.37696937079159342776080166004249
531	83367	63086	0.37623786463120700851447963941609
534	83838	63451	0.375530239899142470605397647887
537	84309	63807	0.37488566375728482604756663931767
540	84780	64168	0.37422687237550084082826629128249
543	85251	64529	0.37354102785097254013635392766446
546	85722	64900	0.37288755329961376094871638997574
549	86193	65264	0.37219938158250465143339624773944
552	86664	65627	0.37149536419817619226080296357395
555	87135	65988	0.37079607443840584268812676782545
558	87606	66349	0.37018674721603495036958975106245
561	88077	66707	0.36954370064478669899443730173516
564	88548	67085	0.3689764715744127121510587130615
567	89019	67447	0.36834413171450619550739702390274
570	89490	67797	0.36769329292345370729933051734406
573	89961	68167	0.36706031362254876171391515526921
576	90432	68520	0.36645008416010815821550750115421
579	90903	68875	0.36578952682831444853661650995491
582	91374	69233	0.36516910759371151717900261246541
585	91845	69592	0.36456977816191693531067130606971
588	92316	69956	0.36398170018029757377675537100004
591	92787	70312	0.36335414198980603428523750153545
594	93258	70666	0.36276267799799521984738248647773
597	93729	71022	0.36219421313568306297625554179831
600	94200	71368	0.36161736154552970301523373564123
603	94671	71726	0.36099509247500904951522215924342
606	95142	72078	0.36043068021046476001600922245416
609	95613	72432	0.35987574066703936770394989252964
612	96084	72785	0.35932461312144131637680288804404
615	96555	73136	0.35877465844279265994032357411925
618	97026	73488	0.35822639742996542633335366190295
621	97497	73837	0.35777289414787172283638483349932
624	97968	74181	0.35717640981790388376992950725253
627	98439	74541	0.35665733381933095724747317945003
630	98910	74901	0.35608720137863714150228133803466
633	99381	75251	0.35555365949811873482744317698234
636	99852	75605	0.35494321484264379495954244703171
639	100323	75957	0.35441848415238441649677270106622
642	100794	76302	0.35385592956995282065690844319761
645	101265	76649	0.35335681580375188914899808878545
648	101736	76993	0.35279444987226737939778331565321
651	102207	77350	0.35227236205679535174795091734268
654	102678	77695	0.35174371454795105851331982194097
657	103149	78039	0.35120178669448770536476445158769
660	103620	78388	0.35064552457338027391386958697694
663	104091	78737	0.35010366305318729729378901538439
666	104562	79089	0.34959838791277603187168665499485
669	105033	79444	0.34909243470299017308988709373807
672	105504	79791	0.34856788425296336697556398576126
675	105975	80137	0.348063549800834481917632956538
678	106446	80479	0.34755248907923430579103296622634
681	106917	80824	0.34705794198082307033814686292317
684	107388	81173	0.34653587993555851065607953387371
687	107859	81519	0.34599784545802836355221643316327
690	108330	81876	0.34553594375766016888462672795868
693	108801	82223	0.34503672801713708429005578182114
696	109272	82572	0.34459773723375430876103564514779
699	109743	82923	0.34411716710216905257269104367879
702	110214	83271	0.34360409755133297649010160057514
705	110685	83625	0.3431091606563178575406425352412
708	111156	83984	0.34259641523946432473124446005386
711	111627	84338	0.34218599264416871275074072400457
714	112098	84691	0.34170737892093044907326770953659
717	112569	85048	0.34125427595663687663218865964154
720	113040	85395	0.34085570067719755948942861323303
723	113511	85744	0.3404039632336589016325945067365
726	113982	86096	0.33995036034980791184167969731789
729	114453	86446	0.33950320265682693010589332516247
732	114924	86797	0.3390515485864679656735631851916
735	115395	87144	0.3386024680810673093134255395853
738	115866	87497	0.33817636246260640575655997963622
741	116337	87851	0.33774308130582031406419218910742
744	116808	88194	0.33727775386319153172465235002164
747	117279	88536	0.33685479352115799134281814986025
750	117750	88879	0.33642600395897420684221401643299
753	118221	89222	0.3359477281715119167948557787895
756	118692	89569	0.33550963017824636525077153237362
759	119163	89912	0.33509912089093357723257327052124
762	119634	90256	0.33465269826400817487765948499145
765	120105	90603	0.33425376780487281447307168491534
768	120576	90951	0.33381716989586635024878091826395
771	121047	91302	0.33340244327224438647405690971937
774	121518	91651	0.33298207777578464616752285110124
777	121989	92004	0.33257381043462153069611986211385
780	122460	92353	0.33217814982260140954650751154986
783	122931	92705	0.33176068233562877596298790194851
786	123402	93055	0.33135931230593945739926198257308
789	123873	93403	0.33093569974578485037852715322515
792	124344	93760	0.33052739008278636534399197444145
795	124815	94113	0.33015308562209627618599938614352
798	125286	94468	0.32981164187019057498773122460989
801	125757	94817	0.32943466197420323560152155550895
804	126228	95167	0.32903474529616294486089600468404
807	126699	95516	0.32863268377171717116169702421757
810	127170	95866	0.32827306155608737547879627527436
813	127641	96214	0.32788515247729610457838589354651
816	128112	96568	0.32750992160969827349248362224898
819	128583	96917	0.32712140169890402408015006585629
822	129054	97269	0.32675655540221165695768945624877
825	129525	97614	0.32639611775725424491767512336082
828	129996	97965	0.32597523485406104670758509200823
831	130467	98328	0.32562690975435470974730378657114
834	130938	98677	0.32523042969779109023775731657224
837	131409	99029	0.32488061907774323788800074908067
840	131880	99375	0.32449363713658246899385062533838
843	132351	99722	0.32417328454691374250984381433227
846	132822	100073	0.32380386046327086502216729968495
849	133293	100422	0.32341812755606624829596285053412
852	133764	100772	0.32302868780446847285503508828697
855	134235	101122	0.32265350320812224982347515833681
858	134706	101474	0.32232639651361494337322710634908
861	135177	101824	0.32194226477387372087335393189278
864	135648	102178	0.32158820323328357604353300303046
867	136119	102528	0.32123667522175203270506926855887
870	136590	102878	0.32085896240000089107979874825105
873	137061	103226	0.32048820793697585518344794763834
876	137532	103577	0.32013066885601049182952237970312
879	138003	103926	0.31981589310596225672611581103411
882	138474	104273	0.31948165816463969246541410029749
885	138945	104624	0.31914998195547816806083574192598
888	139416	104974	0.31880136684336168872988537259516
891	139887	105330	0.3185114834059038502189764585637
894	140358	105679	0.31819024354575264901257014571456
897	140829	106025	0.31786139172012539688694232609123
900	141300	106371	0.3175426702220778274465828872053
