0	0	0	0.69314718055914625871594125783304
3	608	16	0.68142904791607683545606732877786
6	1217	33	0.66827385458766674908304139535176
9	1826	50	0.65584104888383287779163310915465
12	2435	67	0.63871865546602590857361292364658
15	3044	84	0.62704649027800740679339241978596
18	3653	101	0.61752116302711279605119898405974
21	4262	124	0.60699731150680147351295090629719
24	4871	147	0.59696951086819638465641446600785
27	5480	171	0.58402912068761703157093734262162
30	6089	194	0.57472961230151420330969358474249
33	6698	218	0.5669523093519173162491142647923
36	7306	241	0.55845677818365035971481802334893
39	7915	266	0.55036790518709033381838935383712
42	8524	290	0.54050400212092353235959762969287
45	9133	313	0.53306328198638142090715064114193
48	9743	338	0.52666160162787600818035116390092
51	10351	361	0.51976679745323806081103157339385
54	10960	384	0.51317205723932757255312253619195
57	11569	407	0.505632467400019325332038988563
60	12178	432	0.49960997091100722844458914551069
63	12787	455	0.4942840657788785674320308771712
66	13396	478	0.48862718723920861574328000642709
69	14005	500	0.48319973884381428597123431245564
72	14613	523	0.4773373659077481678814081078599
75	15222	547	0.4724007910768064366635599071742
78	15831	569	0.46793493959748450050639689834497
81	16440	593	0.46326188709336890703127664892236
84	17049	618	0.45874279889223096295935988564452
87	17658	642	0.45416979862683304336457013050676
90	18267	664	0.45009334410571988360771911175107
93	18876	688	0.44632097878437354543379456117691
96	19484	714	0.44241527497787336287160542269703
99	20093	740	0.43863261861129620999832923189388
102	20702	766	0.4350334848145393507046208014799
105	21311	790	0.43163425079770140202484185465437
108	21920	813	0.42841423053380162100367556377023
111	22529	836	0.42512613540900240360898010294477
114	23138	860	0.42192510802532873226411425093829
117	23747	882	0.41905853955653671327752363140462
120	24355	905	0.41620430473774838731060299323872
123	24964	928	0.41343773877277839590149710602418
126	25573	952	0.41064669599435238422913130307279
129	26182	976	0.40791251200044537084110629621136
132	26791	999	0.40560676063398726221009837900056
135	27400	1022	0.40318221381114904833253831384354
138	28009	1045	0.40078524242953339484785146851209
141	28618	1069	0.39839838077976802432900171879737
144	29226	1093	0.39604832777533255372404141780862
147	29836	1117	0.39417991730085200074995555041824
150	30445	1137	0.3921112009266510267657679378317
153	31054	1156	0.3900232279838320437193033285439
156	31662	1176	0.38796668164488751218144102494989
159	32271	1195	0.38593010927901816309315563557902
162	32880	1216	0.38440164818829303250424800353358
165	33489	1237	0.38261980622088748171805150377622
168	34098	1259	0.38078935275340669575072638508573
171	34707	1278	0.37900528600710681192964557340019
174	35316	1299	0.37723159191168770254520836715528
177	35925	1318	0.37596950364530012933528269059025
180	36533	1338	0.37442507547010112078922361433797
183	37142	1356	0.37281048354645657250117096737085
186	37751	1376	0.37125346830988703583642518424313
189	38360	1395	0.36969653463248103308913528053381
192	38969	1414	0.36864590647902506503896802314557
195	39578	1434	0.3672994870933972144655399461044
198	40187	1454	0.365866965080274775257151986807
201	40796	1474	0.36450020572776103966461391792109
204	41404	1493	0.36312594196704522930829739379988
207	42013	1513	0.36224650789907958392532805191877
210	42622	1532	0.36106367356190416373351581569295
213	43231	1552	0.35978913669792061957863893439935
216	43840	1571	0.35858229880847469761562251733267
219	44449	1591	0.35736053097565345648689572044532
222	45058	1610	0.35661861592673205212378206852009
225	45666	1630	0.35557644062196153145194443823129
228	46275	1650	0.354435804757129269138005156492
231	46884	1670	0.35336468514546859331915129587287
234	47493	1689	0.35227631835199701981764519587159
237	48102	1709	0.35164398852929740213468789988838
240	48711	1728	0.35072106998488755680298822881014
243	49320	1748	0.34969523520756634615835878321377
246	49929	1767	0.3487398045102508836734500619059
249	50537	1786	0.34776358827941178386566889457754
252	51146	1805	0.34722123838288215802450054070505
255	51755	1825	0.34639820694318623761631670276984
258	52364	1845	0.34547260573658028492971538980782
261	52973	1866	0.34461634295318815945918800025538
264	53582	1885	0.34373529524205026497440940147499
267	54191	1907	0.34326642805841434125113664777018
270	54800	1926	0.34253090188365015178462158473849
273	55409	1946	0.34169257307099398790484201526851
276	56018	1966	0.34092175651338940678414246576722
279	56627	1986	0.34012356977142005343139885553683
282	57236	2006	0.33971521001050813959309948586451
285	57844	2025	0.33905373099452035257073134744132
288	58453	2045	0.33829066988107392432993947295472
291	59062	2065	0.33759432874291467330252203282726
294	59671	2085	0.33687015285731208846797812839213
297	60280	2107	0.33651146056494535274694612780877
300	60889	2129	0.3359153580442227338131999658799
303	61498	2146	0.33522048180195995747965298505733
306	62107	2164	0.33458811032888180481137396782287
309	62715	2180	0.33392536417375751067737610355834
312	63324	2197	0.33360816832261608322340862287092
315	63933	2214	0.33306760483967307040487071390089
318	64542	2231	0.33243182669276777341238471308316
321	65151	2248	0.3318579959813586777173100017535
324	65760	2265	0.33125228993287969547765214883839
327	66369	2281	0.33096872095061513618929893709719
330	66978	2297	0.33047769747591204669845410535345
333	67586	2314	0.32989514315707052505288743304845
336	68195	2330	0.32936822349733485548739508885774
339	68804	2347	0.32881134624024771495598429282836
342	69413	2366	0.32855633383433202610035550605971
345	70022	2383	0.32810791655177340420124210140784
348	70631	2399	0.32756950357460318246083375015587
351	71240	2416	0.32708587210463768712997989496216
354	71849	2432	0.32656976396420961394895243756764
357	72457	2449	0.32633831266918522651110379229067
360	73066	2466	0.32592733921327338153517416685645
363	73676	2484	0.32543005484522674608527381678869
366	74285	2503	0.32498550954429028525538569738274
369	74893	2520	0.32450738235818937793553118353884
372	75502	2537	0.32429540307327275883153561153449
375	76111	2554	0.32391799237248569687253052507003
378	76720	2571	0.32345732022589274157198246939515
381	77329	2588	0.32304543241189803692847704041924
384	77938	2604	0.32260045498572625932709456719749
387	78547	2621	0.32240488098864372723539872822585
390	79156	2638	0.32205664603115735644678352400661
393	79764	2654	0.32162910214479173420798474580806
396	80373	2671	0.32124709082722341380033981295128
399	80982	2687	0.32083215301021200671627298106614
402	81591	2703	0.32065017686183822087642170117761
405	82200	2721	0.32032858712565076553246967705491
408	82809	2738	0.3199307345023804649564169721998
411	83418	2755	0.319575400208914117694547485371
414	84026	2772	0.31918706326493573310898455019924
417	84636	2789	0.3190164549113391201373701733246
420	85245	2805	0.31871815274234915893458719438058
423	85854	2822	0.31834730259382948425184167717816
426	86463	2839	0.31801564573279034187081037998723
429	87072	2857	0.31765101571784093437145202187821
432	87681	2873	0.31748989014031125943660072152852
435	88290	2890	0.31721237811873026490872007343569
438	88899	2906	0.31686546962963507700905552155746
441	89507	2923	0.31655503788735706027779315263615
444	90116	2939	0.31621180160392237112887414696161
447	90725	2956	0.31605949712591119293847441440448
450	91334	2972	0.3158009046527739949183910539432
453	91943	2989	0.31547571686048048178463432122953
456	92552	3006	0.3151844547586021838547765128169
459	93161	3022	0.31485994137229295075641744006134
462	93769	3039	0.31471318704506290320210837307968
465	94378	3057	0.31447168161801974939351111970609
468	94987	3073	0.31416615020477534070408864863566
471	95596	3090	0.31389188259954925452888119252748
474	96205	3106	0.3135847458949857502474856119079
477	96814	3125	0.3134433626644159143204149131634
480	97423	3141	0.31321703480263274332884293471579
483	98032	3158	0.31292978585976133354407124897989
486	98640	3178	0.31267097289588036135299375928298
489	99249	3197	0.31237952367229510075574694383249
492	99858	3217	0.31224259881459381915647099958733
495	100467	3237	0.31202997963210737930594973477127
498	101076	3257	0.31175927601201608441172652419482
501	101685	3276	0.31151445844069108881413399103621
504	102294	3296	0.31123713852226370102371788561868
507	102903	3315	0.31110389136269722687444527764455
510	103511	3334	0.31090360462643001904226025544631
513	104120	3355	0.31064755541956001749781535181683
516	104729	3374	0.31041531030354402309612282806484
519	105338	3394	0.31015076600437901932494355605741
522	105947	3414	0.31002050476431547432198954084015
525	106556	3435	0.30983132566966065102320726509788
528	107165	3455	0.30958896232408916748823912712396
531	107774	3475	0.30936822037403732821303492528386
534	108382	3494	0.30911537168722991175684455811279
537	108991	3514	0.30898754449431331536857214814518
540	109600	3533	0.30880857054327942590177258352924
543	110209	3553	0.30857892884318999238146830066398
546	110818	3573	0.30836853027530691795377038033621
549	111427	3592	0.30812638193133790043276576398057
552	112036	3612	0.30800049100829429704617723473348
555	112645	3632	0.30783082138741635347400915634353
558	113253	3652	0.30761257012177328773461226774089
561	113862	3671	0.30741163769186907739339176259818
564	114471	3691	0.30717924372252203291111527505564
567	115080	3712	0.30705491479232843721192125485686
570	115689	3732	0.30689383857832791546726980413951
573	116298	3751	0.30668628040154144454021434285096
576	116907	3772	0.30649394794945622466642021208827
579	117515	3792	0.30627028017932578229931550595211
582	118124	3811	0.30614715700156452937719109286263
585	118733	3830	0.30599370604852238475501735592843
588	119342	3850	0.30579596250262830459121232706821
591	119951	3870	0.30561151781070822197605707515322
594	120560	3890	0.30539600172183828385996662291291
597	121169	3909	0.30527381894705279963275756927032
600	121778	3929	0.3051274962489243791630144642113
603	122386	3948	0.30493871376810532947132514891564
606	122995	3968	0.30476150507381882803770167811308
609	123604	3987	0.30455344326251365671964776993264
612	124213	4008	0.30443195210091722469059050126816
615	124822	4027	0.30429217067091790527300076973916
618	125431	4047	0.30411165683611973697964003804373
621	126040	4067	0.30394106226900452494277260484523
624	126649	4086	0.30373989882288165986778949445579
627	127257	4106	0.30361890687338294325670062789868
630	127866	4127	0.30348504833111100698062045921688
633	128475	4146	0.30331224943470930233146987120563
636	129084	4167	0.30314772304318265971900814292894
639	129693	4184	0.30295296001735128044174416572787
642	130302	4201	0.30283231700840707034672050212976
645	130911	4219	0.30270396231220642047077262759558
648	131520	4236	0.30253838827739348849021894238831
651	132128	4253	0.30237948885481552574461261428951
654	132737	4270	0.30219057676537264267579985244083
657	133346	4287	0.30207013861914766561511669351603
660	133956	4304	0.30194684843007135732761980762007
663	134564	4321	0.30178783426143818147124875395093
666	135173	4337	0.30163404357533024624515860523388
669	135783	4354	0.30145068781010248004648133246519
672	136392	4371	0.30133035429460930387790540407877
675	137000	4389	0.30121176273867977801756978806225
678	137609	4406	0.30105890236578319862914554505551
681	138218	4423	0.30090987818723063940140605154738
684	138827	4440	0.30073144246465666196144184141303
687	139436	4457	0.30061110979310368129802100156667
690	140045	4473	0.30049682763691537568107037259324
693	140654	4490	0.30034967736137524463302383992414
696	141263	4507	0.30020503708610152271418769487354
699	141871	4524	0.30003133435078915836058399690955
702	142480	4541	0.29991096478417894610757343798468
705	143089	4558	0.2998006988152133178715530448244
708	143698	4575	0.29965891393734456205066862821695
711	144307	4592	0.29951834458046883158388595802535
714	144916	4610	0.29934903841283166947562222048873
717	145525	4627	0.29922855360397399016036956709286
720	146134	4644	0.29912194527718027892149166291347
723	146742	4660	0.29898505641611011762748262299283
726	147351	4678	0.29884828127318491253205934299331
729	147960	4695	0.29868300490022298143699686079344
732	148569	4712	0.29856236270832697821120405023976
735	149178	4730	0.298459237488418904771236839224
738	149787	4747	0.29832707854032547434286470888765
741	150396	4764	0.2981937965540488177929034918634
744	151005	4781	0.29803220723757567478529040272406
747	151613	4798	0.29791138888040880061680582002737
750	152222	4815	0.29781142781452984991119592450559
753	152831	4832	0.2976836141398270241253953827254
756	153440	4849	0.29755360876531500302633048704593
759	154049	4866	0.29739572505568001581366388563765
762	154658	4883	0.2972747153351931181930467573693
765	155267	4901	0.29717772057124364204483413232083
768	155875	4918	0.29705406149569629770113010636123
771	156484	4934	0.29692706429273796331358425959479
774	157093	4951	0.29677246490603115258721800273634
777	157702	4968	0.29665123976778756675898307548778
780	158311	4986	0.2965569925683833596430361012608
783	158920	5003	0.29643711549386747572398803640681
786	159529	5021	0.29631297066102746384785859845579
789	160138	5036	0.2961614005649537695319395425031
792	160746	5054	0.2960399628727390930471585761552
795	161355	5071	0.29594837041870036831170409641345
798	161964	5088	0.29583312758686541865671415507677
801	162573	5104	0.29571163282714069131529299738759
804	163182	5122	0.29556297630142563948041356525209
807	163791	5139	0.29544132371197279196550766755536
810	164400	5156	0.29535211308304659683088289057196
813	165009	5173	0.29523920436781164733375248943048
816	165617	5190	0.29512018133950690401690053477068
819	166226	5209	0.29497438472369469364409155787143
822	166835	5229	0.29485249993811191160375528852455
825	167444	5249	0.29476554321967474159293942648219
828	168053	5269	0.29465578909423839615300266814302
831	168662	5289	0.29453909635470099104281871404964
834	169271	5309	0.29439583429908866563096125901211
837	169880	5328	0.29427374796744248941493538040959
840	170488	5348	0.29418890568907213323157634476956
843	171097	5368	0.29408217025790422960440650967939
846	171706	5388	0.29396766464645668337496431377076
849	172315	5408	0.29382686014821773889948985925002
852	172924	5427	0.29370459373658086565939129286562
855	173533	5447	0.2936217372544287496083370569977
858	174142	5467	0.29351777036353188243822387448745
861	174751	5487	0.29340531044652917724846474811784
864	175359	5506	0.29326686469645812938011886217282
867	175968	5526	0.29314441645302946604090266191633
870	176577	5546	0.29306341706172572836308631849533
873	177187	5565	0.29296208688852720669615337101277
876	177795	5585	0.29285157757370933184759564937849
879	178404	5604	0.29271535399867815163688078428095
882	179013	5624	0.29259272890858822879778244896443
885	179622	5644	0.29251347118917669920534763150499
888	180231	5664	0.29241470185001866566310013695329
891	180840	5683	0.29230601048432508504149041073106
894	181449	5703	0.29217190074595639215360165508173
897	182058	5722	0.29204913379563812725336902076378
900	182666	5741	0.29197156704561083584437142235402
