0	0	0	0.69314718055914625871594125783304
3	3637	132	0.67869947048125078836733337084297
6	7188	266	0.6649015410672334258634919024189
9	10739	399	0.65175721115223794743798180206795
12	14291	533	0.63920157165908408902765813763835
15	17842	717	0.62720150383189954279572475570603
18	21393	904	0.61575387352988719680269014133955
21	24944	1090	0.60483879373798254963645604220801
24	28495	1276	0.59443742704105684282467336743139
27	32047	1465	0.58447663290963469684413666982437
30	35627	1652	0.57497183106766447391322572002537
33	39178	1838	0.5658829385805342893078773158777
36	42729	2024	0.55718721929315428997853132386808
39	46280	2181	0.54888834718555845615384214397636
42	49832	2341	0.54093881400496512945608174049994
45	53412	2497	0.53333383788021837546011738595553
48	56963	2653	0.52605534361140504628906455764081
51	60514	2808	0.51909306970432067540599518906674
54	64065	2964	0.51241005123886418370915407649591
57	67617	3122	0.50601518214112861659970121763763
60	71168	3282	0.49987560659104923743711879069451
63	74748	3438	0.49398523988726450451025584698073
66	78299	3590	0.48833729426956995478548151368159
69	81850	3725	0.48290878447002094642215297426446
72	85401	3861	0.47769970343820600255924091470661
75	88981	3995	0.47269411362312618862802082730923
78	92533	4129	0.46788064187780220581913681598962
81	96084	4262	0.46325248243950623017184398122481
84	99635	4396	0.45880322327444700292176094080787
87	103186	4529	0.4545207295868205488176272410783
90	106738	4661	0.45039357533689017287770184339024
93	110289	4798	0.44642176730329308220746042934479
96	113869	4933	0.44259483758449086332475985727797
99	117449	5069	0.43891154577193414176861097075744
102	121029	5235	0.43535629979817791479490551864728
105	124666	5391	0.43192708879603547433845278646913
108	128217	5546	0.42861672988859622623891709736199
111	131768	5705	0.42542277597194322336093819103553
114	135348	5863	0.42233895711542385198455917816318
117	138899	6022	0.4193594000001646948661004898895
120	142479	6182	0.41648163493837203619207798510615
123	146059	6337	0.41369762939466114826103648738354
126	149611	6494	0.4110067243000745662584449746646
129	153162	6633	0.40840378128219573250490270766022
132	156713	6767	0.40588568585182466241789711602905
135	160264	6902	0.40344653491390497501711820405035
138	163844	7035	0.40108623920408309482255049260857
141	167395	7173	0.39879882825840567983632922732795
144	171004	7308	0.39658222386220703947756760499033
147	174584	7443	0.39443524654905970372453793970635
150	178135	7580	0.39235359160446997561777493501722
153	181715	7717	0.39033739539881728841663743878598
156	185295	7850	0.38837984798191099722330932308978
159	188846	7984	0.38648056360551769072841921115469
162	192398	8119	0.38463719370054533230884885597334
165	195949	8275	0.38284785318747566185137998218124
168	199500	8431	0.38110915928021260601354924801853
171	203051	8586	0.37942174351754742733788816622109
174	206603	8741	0.37778181629510138028749111072102
177	210154	8897	0.37618784665045895687640609139635
180	213705	9053	0.37463749588368877585509153504972
183	217256	9209	0.37313055867166627921349686403119
186	220808	9368	0.37166472133570588320949923399894
189	224387	9532	0.37023844835876790204665098826808
192	227996	9668	0.36885094169140431041853389615426
195	231576	9802	0.36749987127616462467827318505442
198	235127	9936	0.36618448490746730028533306722238
201	238678	10069	0.36490329042191532726846503464913
204	242230	10203	0.36365507070069724715466463749181
207	245781	10336	0.36243883367892537616938852806925
210	249332	10469	0.36125394358150392237760684110981
213	252883	10604	0.36009832536040486949957539764
216	256435	10738	0.35897171916276693348635262736934
219	259986	10881	0.35787327658465495350270657581859
222	263623	11017	0.35680125072877050262931675206346
225	267203	11169	0.35575567555044479428616455152223
228	270754	11335	0.35473521481182324066594446776435
231	274363	11491	0.35373838326061385339826870222169
234	277914	11648	0.35276546009205150822296559454117
237	281465	11803	0.35181520108614056097096067787788
240	285017	11958	0.35088715165395339967702170724806
243	288568	12114	0.34998076328458571637725071923342
246	292119	12269	0.34909473808762936375416074952227
249	295670	12426	0.34822876394715035486271403897263
252	299222	12584	0.34738225513842940772590850428969
255	302773	12723	0.34655437652187010000304212553601
258	306382	12858	0.34574464280453548470362079569895
261	309933	12991	0.34495275389130297671869129771949
264	313484	13123	0.34417808779242503591788704397914
267	317035	13267	0.34341948243611830626775827113306
270	320701	13401	0.34267718384416917531964941190381
273	324252	13533	0.34195047527841981871432608386385
276	327804	13666	0.34123917064057934789289561194892
279	331355	13799	0.34054230135021429370922874113603
282	334906	13933	0.33985995572372806883265639044112
285	338457	14067	0.33919147602277166519968432112364
288	342009	14223	0.33853672707630427796132721596223
291	345560	14382	0.33789495059037494284481795148167
294	349111	14537	0.33726582239745822588972146149899
297	352662	14696	0.33665000394494598578987165637955
300	356242	14853	0.33604604547685007487345387744426
303	359794	15008	0.33545396714762149015243153371557
306	363345	15162	0.33487201174937353265192996332189
309	366896	15317	0.33430128792593705178148866252741
312	370447	15475	0.33374103925509085444289780753024
315	373999	15632	0.33319132495256803538907774964173
318	377550	15767	0.33265268573707990062970907274575
321	381130	15902	0.33212289066378852808725241629872
324	384681	16038	0.33160482777618960348320342745865
327	388261	16177	0.33109491578113814380657231595251
330	391841	16311	0.3305932306617807570070510791993
333	395392	16445	0.33010135012321256686718129458313
336	398943	16578	0.32961821585052014649264151557873
339	402495	16714	0.32914223496791877865419451154594
342	406046	16850	0.32867548048949801753337851550896
345	409597	16984	0.32821567184461825084085262460576
348	413148	17117	0.32776360098271561938076956721488
351	416699	17273	0.32731892770584058993676990212407
354	420251	17428	0.32688183958881028567944326823635
357	423802	17583	0.326451680916379660679638163856
360	427353	17739	0.32602856572196181605960418892209
363	430904	17897	0.32561225168527113682515050641086
366	434484	18056	0.32520278771344185431146911469114
369	438064	18219	0.3248007559995682025366647849296
372	441616	18382	0.32440394751159135067197780699644
375	445195	18542	0.32401320608539124767943917504454
378	448775	18689	0.32362848976725705485435469199729
381	452327	18822	0.32324978564577577788696771676769
384	455878	18956	0.32287674891332196480675520433579
387	459429	19093	0.32250926806634933052819746990281
390	463009	19227	0.3221472838081021472511622505408
393	466560	19361	0.32179054612820728875632880772173
396	470112	19497	0.32143905046786580559370349874371
399	473691	19635	0.32109258013945901621966072525538
402	477300	19769	0.3207510155626060455169579199719
405	480851	19905	0.320414299174864913855032000356
408	484431	20041	0.3200822598423983533777459342673
411	488011	20176	0.31975495069985693241676472098334
414	491562	20331	0.31943200120346421089223554190539
417	495114	20487	0.31911348858935334460440458315134
420	498665	20644	0.31879922256933701518732959812041
423	502216	20798	0.31848918361082817485296914128412
426	505767	20955	0.31818319273816098036178345864755
429	509319	21116	0.31788129744900045503541718971974
432	512899	21275	0.31758322374618425110170960579126
435	516450	21432	0.31728903823636173120448233930802
438	520030	21587	0.31699864727153709287321703413909
441	523581	21720	0.31671176673185919003827848428045
444	527132	21854	0.31642953896611902830926510432619
447	530683	21990	0.31614985655953459220413037655817
450	534235	22125	0.31587357040563363019813891696685
453	537786	22258	0.31560056699525729229094395122956
456	541337	22395	0.31533091437830668146702350895794
459	544888	22528	0.31506439443499617558686054508144
462	548440	22665	0.31480110089699603337365374500223
465	551991	22798	0.31454074409875681928028257061669
468	555542	22932	0.31428345713546040895991495744966
471	559093	23065	0.31402908517693861600861282568076
474	562645	23213	0.31377761946174581586532781329879
477	566196	23372	0.31352897754496272808566459389112
480	569776	23526	0.31328307505062163995646073999524
483	573327	23684	0.31303978151241979022145756061946
486	576878	23846	0.31279917805004309183658506299253
489	580487	24000	0.31256118676005029133335710866959
492	584038	24155	0.31232568055723886057961635742686
495	587589	24314	0.31209275688545784488425738345541
498	591169	24473	0.31186210412089854226991292307503
501	594749	24631	0.3116338680526631876865906178864
504	598300	24767	0.31140801857935968000035131808545
507	601880	24899	0.31118443683756935591588899114868
510	605432	25032	0.31096314237814037806373335115495
513	608983	25167	0.31074397530617381413264865841484
516	612534	25301	0.31052694359224070064229294985125
519	616085	25437	0.31031202061553925242165519193804
522	619637	25572	0.31009920629168574723877327414812
525	623188	25712	0.30988843583568953521378830373578
528	626796	25849	0.3096795725193293158383767149644
531	630376	25986	0.30947264667390078640707429258327
534	633956	26122	0.30926769862167968749844249032321
537	637536	26276	0.30906458738900577376540468321764
540	641087	26431	0.3088632941968026957013648825523
543	644639	26587	0.30866385157247022696935800922802
546	648190	26743	0.30846616755592359826465553851449
549	651741	26905	0.30827017714551108173992588490364
552	655350	27061	0.30807589897880510720895586018742
555	658901	27216	0.30788326700254842194226512219757
558	662452	27373	0.30769227787888075997813075446174
561	666003	27535	0.30750288404735987013438602843962
564	669583	27693	0.30731506593114915615316817820712
567	673135	27828	0.30712878086834383140057980199344
570	676686	27964	0.3069440691349703542734062011732
573	680237	28101	0.30676073622379734784360039157036
576	683817	28238	0.30657897015462215462022754763893
579	687368	28374	0.30639858610169651287336023415264
582	690920	28516	0.30621962686790660246316519987886
585	694528	28656	0.3060420301667143849755348128383
588	698108	28792	0.30586577626276478802935798739782
591	701659	28931	0.3056909005436359572094318082236
594	705211	29075	0.30551730909744201358790860467707
597	708762	29215	0.30534499006036774915173737099394
600	712313	29377	0.30517396719667305715617544592533
603	715864	29537	0.30500416780860739596192843237077
606	719444	29698	0.30483556498588548766548456114833
609	723024	29857	0.30466815641499023215033048472833
612	726575	30021	0.30450194480906728200508837289817
615	730184	30179	0.3043369011663480394602743217547
618	733735	30336	0.30417301449511646715961887821322
621	737286	30494	0.30401022459596754865529533162771
624	740838	30655	0.30384852612045643027727237495128
627	744418	30793	0.30368787459591656263668824067281
630	747969	30930	0.30352825311121045537277041148627
633	751549	31067	0.30336973531430638795214349556773
636	755100	31205	0.30321220559784289871885221145931
639	758680	31341	0.30305571081199345062628935920657
642	762231	31474	0.30290019497723874586370129691204
645	765782	31607	0.30274565445531309570981193246553
648	769334	31744	0.3025920599100592744967741509754
651	772914	31881	0.30243941800968071609290177548246
654	776494	32015	0.30228767024881597613727990392363
657	780045	32149	0.30213685703813442096077324094949
660	783596	32308	0.30198696581181583287190051123616
663	787176	32464	0.301837941214904093012449948219
666	790727	32620	0.301689773761190438428059223952
669	794278	32779	0.30154251030459905402736353607906
672	797858	32935	0.30139609313085036212953582435148
675	801410	33095	0.30125044786530547069602903320629
678	804990	33253	0.30110564232108932847253868203552
681	808541	33412	0.30096163996047781141740529164963
684	812121	33568	0.30081839726954062719244120671647
687	815672	33724	0.30067592017920896640958972056978
690	819223	33858	0.30053425345235851295910833869129
693	822774	33992	0.3003933345344981242774906604609
696	826326	34126	0.30025312028057149493776023518876
699	829877	34260	0.30011364015970193319660097586166
702	833428	34398	0.29997491454717989389777699216211
705	837008	34531	0.29983689285646886180103365404648
708	840559	34665	0.29969955621409766211016290071711
711	844111	34798	0.2995628970388994338769350633811
714	847662	34932	0.29942692522457159398641124425922
717	851213	35065	0.29929162215016502646136586918146
720	854764	35201	0.29915699768027242955170663663012
723	858344	35357	0.29902300673586162949035838209966
726	861895	35513	0.29888965337204692618300327922043
729	865447	35668	0.29875691655295572024542138933612
732	868998	35823	0.29862478857473634397123873895907
735	872549	35977	0.29849327469086489594829458837921
738	876100	36133	0.29836236587619713311880786932306
741	879652	36289	0.29823202861881586978043401359173
744	883203	36448	0.29810231739298770348156608633872
747	886783	36604	0.29797317300917780524827094268403
750	890334	36760	0.29784457599407365702148808850325
753	893885	36892	0.29771657208738111499712886143243
756	897437	37027	0.29758909685676293577216711128131
759	901016	37160	0.29746217136231362099252351072209
762	904568	37297	0.29733576607081324549852752170409
765	908148	37431	0.29720990926891210914817520460929
768	911699	37565	0.29708455594959581880232235562289
771	915250	37698	0.29695974783367734550765248968673
774	918801	37832	0.29683543632027947767326736538962
777	922353	37968	0.29671162781049859047399763767316
780	925904	38105	0.29658831898289400585966291146178
783	929484	38238	0.29646548918950793582993696873018
786	933035	38394	0.29634313816046303768914071952167
789	936615	38553	0.29622126766943962516975830112642
792	940195	38710	0.29609986825744311067509784152207
795	943746	38865	0.29597892512984586010915677434241
798	947297	39022	0.29585943519690915959330368423252
801	950849	39177	0.29573939474702165552955079874664
804	954400	39332	0.29561980098491147384009991583298
807	957951	39494	0.29550064816882753992999255387986
810	961560	39651	0.29538192068208501961379397471319
813	965140	39795	0.29526361088785257891231594840065
816	968691	39932	0.29514574149364430910580381350883
819	972271	40069	0.29502829482337800115487880248111
822	975851	40204	0.2949112721990490015855357341934
825	979431	40338	0.29479464398786831003107522519713
828	982982	40470	0.29467840477218498751454944795114
831	986533	40603	0.29456256615372389262574870372191
834	990084	40737	0.29444712668532418975431141916488
837	993636	40871	0.29433206699887698443163230876962
840	997187	41003	0.29421740796094725256537572022353
843	1000738	41139	0.29410313100374824157867692520085
846	1004318	41272	0.29398921665220106858029680552136
849	1007869	41431	0.29387566218442728871451663508196
852	1011449	41586	0.29376247788742398947547940224467
855	1015000	41743	0.29364965906984957788594670091697
858	1018552	41898	0.29353719925978111193742847717658
861	1022103	42053	0.2934250852683786825458867042471
864	1025654	42208	0.29331333935415448976868901809212
867	1029205	42366	0.29320192312281040392107911429775
870	1032757	42523	0.29309085832071019028788327887014
873	1036308	42679	0.29298011915490351775304134207545
876	1039859	42813	0.29286971694456098713743585904012
879	1043410	42951	0.29275965434615863758338605293829
882	1046990	43083	0.29264990456519718309280619905621
885	1050541	43216	0.29254048164186624569893524494546
888	1054093	43352	0.29243137640447036673663205874618
891	1057673	43487	0.29232259755861333960780257257284
894	1061253	43623	0.29221412273994884500893931544852
897	1064833	43755	0.29210596720508708035168865535525
900	1068384	43887	0.29199812242278649909721366384474
