0	0	0	0.69314718055914625871594125783304
3	482	6	0.68143351960269282763249520940008
6	964	12	0.66827618392167464911324259446701
9	1446	18	0.6558049730045192315941449123784
12	1928	24	0.63865695601723204699595726197003
15	2410	29	0.62696236562236329348252183990553
18	2892	35	0.61743916728168590779546320845839
21	3375	41	0.60690599848730308885080830805236
24	3857	47	0.59690990773334051677778688826947
27	4339	53	0.58392127675565375088950759163708
30	4821	60	0.57463074550565507170318824137212
33	5303	66	0.56686044051285278122520594479283
36	5785	72	0.5583848720390609532415737703559
39	6267	78	0.55029649815297287940296655506245
42	6750	84	0.54042285970220915736206279689213
45	7232	90	0.53294482004973076083587102402817
48	7714	96	0.52655200768828580581981668728986
51	8196	102	0.51965844853182929785617716333945
54	8678	108	0.51305625148216149611357650428545
57	9160	114	0.50550550078230105377485870121745
60	9643	120	0.49946356015374854253607850296248
63	10125	126	0.49414859269960326182413723472564
66	10607	130	0.48849506900978761914089432139008
69	11089	136	0.48306983626765886974396835285006
72	11571	141	0.47723631808885474958614736351592
75	12053	146	0.47230150410271026784059245073877
78	12535	151	0.46783789361977051735053123593389
81	13018	156	0.46316590705018528817404899200483
84	13500	161	0.45865184562873095863722028298071
87	13982	166	0.45409184986257888905214485930628
90	14464	171	0.45002741746812807699384961779288
93	14946	176	0.44625442041316470964673612797924
96	15428	181	0.44235578454017326910374663384573
99	15911	186	0.4385714899667410016093072044896
102	16393	191	0.4349765186874703370989436734817
105	16875	196	0.43157546158999815499868191182031
108	17357	201	0.42835510955074890260263487107295
111	17839	206	0.4250675512563866775828103072854
114	18321	211	0.42186236313152264409964686819876
117	18803	215	0.41899059500385371634934017492924
120	19286	220	0.41613587405011243092189943126868
123	19768	225	0.4133694165099139339325517994439
126	20250	230	0.41058250830592279978503711390658
129	20732	235	0.40785114730505567237628383736592
132	21215	240	0.4055555709821543897142248624732
135	21697	245	0.40314158429680935213923476112541
138	22179	250	0.40074790711397961784356880343694
141	22661	255	0.39836141094018412411870144751447
144	23143	260	0.3960131054477371570499144581845
147	23625	265	0.39414198540654155067386454902589
150	24108	270	0.39207608980679670152014182349376
153	24590	275	0.38998761369850137858961147685477
156	25072	280	0.38793253084414397457990730799793
159	25554	285	0.38589687654496640512036265135976
162	26036	290	0.38437007058649158564023196049675
165	26518	295	0.38258866755275039439609940927767
168	27001	300	0.38075862970997426115715711603116
171	27483	305	0.37897499936425416144913924654247
174	27965	310	0.37720105653659125044541156057676
177	28447	315	0.37593991771872747875704590114765
180	28929	320	0.37439696714436132563008641227498
183	29411	324	0.37278332273529712903581412319909
186	29893	330	0.37122645254296465777699154386937
189	30376	335	0.3696694415627733709683866436535
192	30858	341	0.36862058050520979390896059157967
195	31340	346	0.36727733179623844872452309573418
198	31822	351	0.36584709424971523228364844726457
201	32304	356	0.36448056000208484128677355329273
204	32786	361	0.36310743184625926538444673496997
207	33269	366	0.36222805379107175793862438695214
210	33751	371	0.36104954375484721307287827585242
213	34233	377	0.35977503103452929122951786666817
216	34715	382	0.35856903968255998682579388514569
219	35197	387	0.35735003648607138737602895162127
222	35679	392	0.35660656332046603012031482649036
225	36161	397	0.35556665466795295271751342625066
228	36644	402	0.35442477442915026886183227361471
231	37126	408	0.35335426566941868786742020347447
234	37608	413	0.35226407231746936776772827215609
237	38090	418	0.35163166115930061250693938745826
240	38572	422	0.35071014855604393245513961119286
243	39054	428	0.34968395691240067302274496796599
246	39536	433	0.34872941916670069373296314552135
249	40019	438	0.34775250302472276997534095244191
252	40501	442	0.34721073125767637490568517932843
255	40983	447	0.3463887055268189962831115735753
258	41465	451	0.34546326674259786315701603598427
261	41947	455	0.34460757293321203631464300087828
264	42429	460	0.3437259369145729825945068114379
267	42912	464	0.34325757347505309047264177024772
270	43394	468	0.34252288853405871149604422498669
273	43876	473	0.34168456982313055725342110235943
276	44358	477	0.3409146504904050356543621091987
279	44840	482	0.34011849406727001632333440284128
282	45322	486	0.33971031318465977344445150265528
285	45804	490	0.33904985917097069103576245652221
288	46287	494	0.3382876338353439371608999408636
291	46769	498	0.3375912071481970144759543472901
294	47251	503	0.3368677822333343563343532878207
297	47733	507	0.33650940414033853054220912781602
300	48215	511	0.33591376246373644276488334980968
303	48697	515	0.33521936682185182743154427953414
306	49180	519	0.33458746763012164882056254100462
309	49662	523	0.33392500725603113664874399546534
312	50144	528	0.33360793169959929160839351425238
315	50626	532	0.33306792801379775381676040524326
318	51108	536	0.33243187516937461323252023248642
321	51590	540	0.33185788858167802883869512697856
324	52072	545	0.33125167749595602062484545058396
327	52555	550	0.33096844069122166587249012081884
330	53037	554	0.33047683062713933965781620827329
333	53519	559	0.32989416954359257472262356714054
336	54001	563	0.32936736519568798886581362239667
339	54483	568	0.32880919362688948437423164250504
342	54965	572	0.32855419031792904016597844929493
345	55448	577	0.32810564555752935733679009899788
348	55930	581	0.32756716499877214232583355624229
351	56412	586	0.32708347227833911574634839780629
354	56894	590	0.32656788917965218210781586094527
357	57376	595	0.32633639751920595628575938462745
360	57858	599	0.32592578159667034976010313584993
363	58340	603	0.32542869758542347646823600371135
366	58823	608	0.32498409401176814315093110963062
369	59305	612	0.32450551764624896433630851788621
372	59787	617	0.32429374427337037678498177228903
375	60269	621	0.32391647500529996417384381857119
378	60751	625	0.32345624974277098484520820420585
381	61233	629	0.32304445290943584190301862690831
384	61715	634	0.32259940863387082110591563832713
387	62198	638	0.32240388299166095054104630435177
390	62680	642	0.3220559498400687448160795156582
393	63162	647	0.32162868089042889740980513124669
396	63644	651	0.32124675003190283906207014297252
399	64126	655	0.32083198414415903254592876692186
402	64608	659	0.32065008643695480650137596967397
405	65091	663	0.32032864072735439675554403038404
408	65573	668	0.31993064107980206944858991846559
411	66055	672	0.31957527503666321999631350081472
414	66537	676	0.31918652646573986153555324563058
417	67019	681	0.31901594931168569813095814424742
420	67501	685	0.31871755935114531865792741882615
423	67983	689	0.31834634574237202775393029696716
426	68466	694	0.31801465921819099813561138034856
429	68948	698	0.31764964796452438422491582059592
432	69430	703	0.31748855426125704992657006187073
435	69912	707	0.31721120115615647483409134110843
438	70394	711	0.3168643371999650404369219813816
441	70876	715	0.31655400058600136059538954214077
444	71359	720	0.31621020693417850599971075098438
447	71841	724	0.31605794412614590660481894701661
450	72323	728	0.31579972322428428999074867533636
453	72805	732	0.31547456841015231177038913301658
456	73287	737	0.31518318438040165974101114443329
459	73769	741	0.31485895422263854293021267949371
462	74251	746	0.31471220115500020408916270753252
465	74734	750	0.31447091767981422139044411778741
468	75216	754	0.31416561130602127516198152079596
471	75698	758	0.31389145886581559796724150146474
474	76180	762	0.31358451326349490173583944851998
477	76662	765	0.31344318228327983089087638290948
480	77144	769	0.31321671287363345159704408615653
483	77627	773	0.31292935477555017254047697861097
486	78109	776	0.31267061348651276064813941957254
489	78591	780	0.3123792071548535664859969074314
492	79073	783	0.31224232831603426774336185189895
495	79555	787	0.31202958421563625757144677663746
498	80037	791	0.31175883128471154615013460897899
501	80519	795	0.31151401618119861636202472254809
504	81002	799	0.31123646166370549925872523999715
507	81484	803	0.31110324742971134925895171363663
510	81966	806	0.3109030137092025913858606145368
513	82448	810	0.31064699024723474440889958714251
516	82930	814	0.31041486534984896739075566074462
519	83412	818	0.31015024211063113579456285151537
522	83894	822	0.31001998752445197871097093411663
525	84377	826	0.30983083826225016332855943801405
528	84859	830	0.3095885074993955932143308018567
531	85341	834	0.30936769423240761955895550272544
534	85823	837	0.30911480999841473016331860890205
537	86305	841	0.30898698811939151465111308425548
540	86787	845	0.3088081346218991551921817517723
543	87270	849	0.30857852995392420769604768793215
546	87752	853	0.30836809209073251514254820904171
549	88234	857	0.30812566571931776504555955398246
552	88717	861	0.30799978520795967540379933780059
555	89199	865	0.3078300336368104961337621716666
558	89681	869	0.30761202924492447863258348661475
561	90163	874	0.30741109953242895524994082734338
564	90645	878	0.30717854656194937268409717034956
567	91127	881	0.30705421635251500811492064713093
570	91609	885	0.30689309332480985137436846343917
573	92092	889	0.30668552301442375540574403203209
576	92574	893	0.3064932779521743477779693876073
579	93056	897	0.30626967771051638589341337137739
582	93538	901	0.30614658969236518970546967466362
585	94020	905	0.30599318321962487576826106305816
588	94502	909	0.30579547805837037355303209551494
591	94985	912	0.30561105676040761780498655753036
594	95467	916	0.30539570815062433428721533346106
597	95949	920	0.30527354122075822662196742385277
600	96431	924	0.30512729304203467517453418622608
603	96913	928	0.30493858551770236520184198525385
606	97395	932	0.30476140375854532393873341789003
609	97877	936	0.30455342488905245978969560383121
612	98360	940	0.30443193997599377054186220448173
615	98842	944	0.3042922499594359342367511089833
618	99324	948	0.30411177530715371997160900718882
621	99806	952	0.30394117060703962351908558048308
624	100288	955	0.30374003539714244936931208940223
627	100770	959	0.30361905573783243283969568437897
630	101252	963	0.30348531163334879767745633216691
633	101735	967	0.30331256007930046392218059736479
636	102217	970	0.30314800636995697935560656333109
639	102699	974	0.30295307551818334568238810788898
642	103181	978	0.3028324414278213416729101936653
645	103663	982	0.30270416539697236890660292374378
648	104145	986	0.3025385309971967418007920969103
651	104628	989	0.30237958578415291555074873031117
654	105110	993	0.30219065193604660590764865446545
657	105592	997	0.3020702182535426327802952073398
660	106074	1000	0.30194697668214404151498797546083
663	106556	1004	0.3017879317944383021909970921115
666	107038	1007	0.30163415733810777785706136455701
669	107520	1011	0.3014507478715343635755630202766
672	108003	1015	0.30133043313433011123336768832814
675	108485	1019	0.30121180847596112917230470884533
678	108967	1023	0.30105891045428317953636110360094
681	109449	1027	0.30090986916566592190847018173372
684	109931	1030	0.30073145892245672916587295731006
687	110413	1034	0.300611136093201003482988653559
690	110896	1038	0.30049687095428295746657454401429
693	111378	1042	0.30034966852812888804535873532586
696	111860	1045	0.30020505464271235451789721082605
699	112342	1049	0.3000313341834622837822621477244
702	112824	1053	0.29991094361498055187453815051413
705	113306	1057	0.29980068337384763177411173273867
708	113788	1060	0.2996588757820631276906908624369
711	114271	1064	0.29951832821409313245553107663
714	114753	1069	0.29934884937422473472068418232084
717	115235	1073	0.29922836546146053260386565852968
720	115717	1078	0.29912180827924994552802218095167
723	116199	1083	0.29898498955030283763534271201934
726	116681	1088	0.29884820896037789239585436007474
729	117163	1093	0.29868285878028860702571023466589
732	117646	1097	0.29856222823203010241499555377231
735	118128	1102	0.29845909890844551926036842814938
738	118610	1107	0.29832697014669151691634851886192
741	119093	1111	0.29819368855933930939627884981746
744	119575	1116	0.29803215855325859706681512761861
747	120057	1120	0.29791136313321131545706066390267
750	120540	1124	0.29781142932495968667083729997103
753	121022	1129	0.29768362920252727787939761583402
756	121504	1134	0.29755360074588516061666609857639
759	121986	1139	0.29739560256582381336798448501213
762	122468	1144	0.29727458776047122057661908911541
765	122950	1149	0.29717768549352757689874238167249
768	123433	1153	0.29705401584803980963300773510127
771	123915	1158	0.29692703874640097305714903086482
774	124397	1162	0.29677230572416141152203294950596
777	124880	1167	0.29665108603927220487506133395073
780	125362	1171	0.29655685871971881883979449412436
783	125844	1176	0.29643694116742735911174122520606
786	126326	1180	0.29631280953378086318039663638046
789	126808	1184	0.29616127041798256946947276446735
792	127290	1188	0.2960398218224798427833377445495
795	127772	1192	0.29594821014581423890277278587746
798	128255	1197	0.29583285897110211948302094242536
801	128737	1201	0.29571136077672727227039217723359
804	129219	1206	0.29556278641012084795747227872198
807	129701	1210	0.29544110357621578000220097237616
810	130183	1214	0.29535190979453640469643005417311
813	130665	1219	0.29523895020341067718661065555352
816	131147	1223	0.29511993109970652282569858471106
819	131630	1227	0.29497408771860234022454960722825
822	132112	1231	0.29485219998086870107911749983032
825	132594	1235	0.29476531132238148469326688427827
828	133076	1240	0.29465554228013490778437244443921
831	133558	1244	0.29453885472184854199539927321894
834	134040	1248	0.29439560255932800680866989750939
837	134523	1252	0.29427352889076097142151411389932
840	135005	1257	0.2941887352250736054060098467744
843	135487	1262	0.29408197097188970570158517148229
846	135969	1266	0.29396747083665852873224366703653
849	136451	1271	0.29382673442892559556582909863209
852	136933	1275	0.29370444414244073483288843817718
855	137415	1279	0.29362163337545071906120597304835
858	137898	1284	0.29351766885878854962399486794311
861	138380	1288	0.29340522964393855875897543228348
864	138862	1292	0.29326677827434571854681166769296
867	139344	1297	0.29314431729450773911338501420687
870	139826	1301	0.29306331930013057585071578614588
873	140308	1305	0.29296203139889576139154314660118
876	140791	1310	0.29285151695489380907488907723746
879	141273	1315	0.29271527890736515065128742207889
882	141755	1319	0.29259267008224948414252253314771
885	142237	1323	0.29251346894966712142149845021777
888	142719	1328	0.292414701692888523432145575498
891	143201	1333	0.29230602920099651997887235665985
894	143683	1337	0.29217190299003115150355824880535
897	144166	1341	0.29204915255697222464803530783684
900	144648	1345	0.29197159527656391109218247947865
