0	0	0	0.69314718055914625871594125783304
3	2241	4	0.67869285825712311055468717313488
6	4483	9	0.66484409575117853208325868763495
9	6725	14	0.65167638085213341891943628070294
12	8967	19	0.6391145166626372997598082292825
15	11209	24	0.62712591600341316411260095264879
18	13451	29	0.61570183191968286262607534808922
21	15693	33	0.60479597582970834324100906087551
24	17934	38	0.59437995021586009780634185517556
27	20176	43	0.58444977307559975443496114166919
30	22418	49	0.5749578691271242103510985543835
33	24660	54	0.56588212523662229092025199861382
36	26902	59	0.55720197511643887455790036256076
39	29143	63	0.5488982863964833036618529149564
42	31385	68	0.54095485602738380137566309713293
45	33627	73	0.53335919443051504895692005447927
48	35869	77	0.52608309880668469027398259640904
51	38111	81	0.5191145920591860862813859966991
54	40352	86	0.51243958636114228522018265721272
57	42594	90	0.50603348183817420391505947918631
60	44836	94	0.49989915671144063979980387557589
63	47078	98	0.49400788766892433923061389577924
66	49320	102	0.48836082697481686398788269798388
69	51561	107	0.4829325185810114939854997828661
72	53803	111	0.47771572902735254251282981385884
75	56045	115	0.47271105490492210110531345890195
78	58287	119	0.46790071103311181577311117507634
81	60529	123	0.46327694766871302389787956599321
84	62770	128	0.45882245242884905911395776456629
87	65012	132	0.45453826494184479400928466930054
90	67254	136	0.45041442417698041023044197572744
93	69496	140	0.44644338306513609015979682226316
96	71738	144	0.44261813473713002009546357840009
99	73979	149	0.4389312096858578593483457552793
102	76221	154	0.43537500483406826878862716512231
105	78463	159	0.43194556760427466057805645505141
108	80705	164	0.42863675092118924681017233524472
111	82947	169	0.42544246270218893934966786218865
114	85188	174	0.42235511287494276189136144239455
117	87430	178	0.41937457716416881581267261935864
120	89672	183	0.41649407404276567179479684455146
123	91914	188	0.41371354693059830820445199606183
126	94156	193	0.41102121205615921306630866638443
129	96397	198	0.40841798867107959036815145736909
132	98639	203	0.40589800154413652188978289814258
135	100881	208	0.40345964302166192894105734012555
138	103123	213	0.40109834584740444718420349090593
141	105365	217	0.39881227732658725004810662539967
144	107606	222	0.39659634639764140828788185899612
147	109848	226	0.39444895674920510408867357909912
150	112090	231	0.39236779244502312247178110737877
153	114332	235	0.3903505007600632237263482693379
156	116574	239	0.38839280078026322540196701993409
159	118815	244	0.38649350916478203421533521577658
162	121057	248	0.38465119605142789049878615514899
165	123299	252	0.3828602387362732284437072394212
168	125541	256	0.38112167095392740501225148364028
171	127783	261	0.37943258401382329303430651634699
174	130024	265	0.37779157695783854853388561423344
177	132266	269	0.37619694836054051734208769630641
180	134508	273	0.37464652379364105083681124597206
183	136750	277	0.37313951687304397486499851765984
186	138992	281	0.37167354032789340356757179506531
189	141233	285	0.37024697505868436886444783340266
192	143475	290	0.36885861431058308834707304413314
195	145717	294	0.36750698488486360782090400789457
198	147959	298	0.3661914327779852151856232467253
201	150201	303	0.36490968839148424374130286196305
204	152442	308	0.36366086640598510593136438728834
207	154684	313	0.36244497125021984951231956983975
210	156926	318	0.36125968710414374518435920435877
213	159168	323	0.36010329275212021871155343433202
216	161410	328	0.35897651183498308080643823814171
219	163651	333	0.35787739973714627339518301596399
222	165893	338	0.35680562463223630675912545484607
225	168135	342	0.35575948434561910360685033083428
228	170377	347	0.35473822071974858705090127841686
231	172619	352	0.35374179021300422576246091921348
234	174860	357	0.35276865800585011090362286267919
237	177102	362	0.35181879626078832457025669100403
240	179344	367	0.35089039459122661757106698132702
243	181586	372	0.34998354117359564696698726038449
246	183828	376	0.34909747895809989381987747947278
249	186070	380	0.34823106490188787676132164961018
252	188312	384	0.34738450421933014800046635173203
255	190554	388	0.34655670354341699956890465728065
258	192795	393	0.34574710533607089235630382972886
261	195037	397	0.34495511830545172449191682062519
264	197279	401	0.34418029986358839034110701504687
267	199521	405	0.34342199440677156907497646898264
270	201763	409	0.34268021891206407181229565139802
273	204004	414	0.34195338227439520117911797569832
276	206246	418	0.3412419243251374467718051164411
279	208488	422	0.34054533798144553946585233461519
282	210730	426	0.33986271861042444131228990045201
285	212972	430	0.33919432255828024791455277409113
288	215214	434	0.33853911482611170891132701399329
291	217456	439	0.33789692827114253814713151768956
294	219697	443	0.33726762292916590002533894221415
297	221939	448	0.33665148509351855432569777804019
300	224181	452	0.33604762287349626559418425131298
303	226423	457	0.3354555659866574335303823772847
306	228665	462	0.33487364988273482513392309556366
309	230906	467	0.33430267023555404470869234501151
312	233148	472	0.33374264796692271195510670622753
315	235390	477	0.33319300173603094705754301685374
318	237632	482	0.33265429935777679482100666064071
321	239874	487	0.33212451725445663042179944568488
324	242115	492	0.33160629102544825208553902484709
327	244357	496	0.33109638227235721474883689552371
330	246599	501	0.3305946271585018525485111240414
333	248841	506	0.33010271586537309751463453721954
336	251083	511	0.32961926280209857820224783608865
339	253324	516	0.32914325992438187018507278480683
342	255566	521	0.32867644114949012834614450184745
345	257808	525	0.32821669950541976223945539459237
348	260050	529	0.32776467351371840752705111299292
351	262292	533	0.32732018687501324150090908915445
354	264533	538	0.32688298884629685137070964628947
357	266775	542	0.32645296834785841877391021625954
360	269017	546	0.3260298712283725697247405150847
363	271259	550	0.32561365516635898398334347803029
366	273501	554	0.3252041201943439707733318755345
369	275742	558	0.32480193359621450932550601464754
372	277984	563	0.3244050599506232424040774731111
375	280226	567	0.32401433659157624633806449310214
378	282468	571	0.32362972348867541372285927536723
381	284710	575	0.32325086973716399274536570374039
384	286951	579	0.32287778067986677710266008034523
387	289193	583	0.32251028277759291595927493290219
390	291435	587	0.32214812392306374499995058613422
393	293677	591	0.32179135964537197711621274720528
396	295919	596	0.32143980583962628028160679605207
399	298160	601	0.32109335877253347701909547140531
402	300402	606	0.32075178836725803943608070767368
405	302644	611	0.32041504215488803009037610536325
408	304886	616	0.32008296061917362873572301396052
411	307128	620	0.3197555785086492741164931885578
414	309369	625	0.31943270187999039944060086781974
417	311611	630	0.31911420287944264329027532767213
420	313853	635	0.31879997511317009761810936652182
423	316095	640	0.31848988639716518944666745483119
426	318337	645	0.31818391467273304806795408694597
429	320578	650	0.31788192789318953090926811455574
432	322820	655	0.31758392795382617279642545327079
435	325062	660	0.31728971815261086675263868528418
438	327304	665	0.31699930674535237162814382827491
441	329546	669	0.31671253224680673277191544912057
444	331787	673	0.31643034503175687666143289789034
447	334029	677	0.31615057811015900846030035609147
450	336271	681	0.3158742709149224281439671813132
453	338513	686	0.3156012583463383980308947229787
456	340755	690	0.31533156934544243066298463418207
459	342996	694	0.3150650325567077025823436997598
462	345238	698	0.31480155885588706476951870172343
465	347480	702	0.31454122537396256298336538748117
468	349722	706	0.31428390547648810127157048555091
471	351964	711	0.3140295294364880973603249003645
474	354205	715	0.31377799710623544005017038216465
477	356447	719	0.31352925601153242007868016116845
480	358689	723	0.31328324639595833689398318711028
483	360931	727	0.31304002810680520152430972302682
486	363173	731	0.31279938274067775605402630390017
489	365414	736	0.31256138472067340750015773664927
492	367656	740	0.31232583353617948684899374711677
495	369898	745	0.31209283035459295385649625131919
498	372140	750	0.31186226026409408218498242604255
501	374382	754	0.31163399900256560925981830223463
504	376623	759	0.3114081159726306280433050233114
507	378865	764	0.31118449057524039114142055950651
510	381107	769	0.31096305943829294360369885907858
513	383349	774	0.31074389991766532270744960442244
516	385591	779	0.31052688297747277346161354216747
519	387832	784	0.31031194512153476017246589435672
522	390074	788	0.310099141641776820943476877801
525	392316	793	0.3098883287998573932142676312651
528	394558	798	0.30967945650714623351262844153098
531	396800	804	0.30947253360396315136071621054725
534	399041	808	0.30926756149132167417192817993055
537	401283	813	0.30906441256877315026940777897835
540	403525	818	0.30886310367686681255250391586742
543	405767	822	0.30866360146280752418945780846116
546	408009	826	0.30846586065538184051604275737191
549	410250	830	0.30826980608024606711481396814634
552	412492	834	0.30807549649798937618783156722202
555	414734	838	0.3078828670212472307099460522295
558	416976	842	0.30769190615760733109596003487241
561	419218	847	0.30750250545543184044205986538145
564	421459	851	0.30731473388837093896341912113712
567	423701	855	0.3071284253349055304305181834934
570	425943	859	0.30694366443014448053716591857665
573	428185	863	0.30676037933069044694178728605038
576	430427	867	0.30657853215641028832294523454038
579	432668	871	0.30639815238882528447561526263598
582	434910	876	0.30621918560223160277189435873879
585	437152	880	0.30604156210918259661823981332418
588	439394	884	0.30586533753672573432424997008638
591	441636	888	0.30569042700055726324848137664958
594	443877	893	0.30551683377456173573705200396944
597	446119	898	0.30534454072014388659184191965323
600	448361	903	0.3051735203791158257402571507555
603	450603	908	0.30500375230000942305963462786167
606	452845	913	0.30483518267360043552116621867754
609	455086	918	0.30466779938338395261610003217356
612	457328	923	0.30450163570804100743316666921601
615	459570	927	0.30433658935155682989659453596687
618	461812	932	0.3041726581455236888551496576838
621	464054	937	0.30400983516315849275457594558247
624	466295	942	0.30384815112002838688454176008236
627	468537	947	0.30368747778302301876252045076399
630	470779	952	0.30352789386550199646208625381405
633	473021	957	0.30336930994647126613728005395387
636	475263	962	0.30321181177751399538067289540777
639	477504	966	0.30305532101651105891804149905511
642	479746	970	0.30289980648509418070801757494337
645	481988	974	0.30274530249135744863764330148115
648	484230	979	0.30259173191454996620919359884283
651	486472	983	0.3024390789763424236546995871322
654	488713	987	0.30228740481173516085888763882394
657	490955	991	0.30213658502006901507286329433555
660	493197	995	0.30198666398822582301875172561267
663	495439	1000	0.30183766297814557111323097160493
666	497681	1004	0.30168952272010107762412189913448
669	499922	1008	0.30154219592756975609759706458135
672	502164	1012	0.30139573506467426389221486715542
675	504406	1017	0.30125012872952017239924771274673
678	506648	1021	0.30110532213040563931372162187472
681	508890	1025	0.30096134191080342601409824965231
684	511132	1029	0.30081814928335681713633675826713
687	513374	1033	0.30067572471085918239808165708382
690	515616	1037	0.30053406974950502839050159309409
693	517857	1042	0.30039317840662266290152615511033
696	520099	1047	0.30025298466096378424694535169692
699	522341	1052	0.30011354896255787449987906256865
702	524583	1057	0.29997481977877538117382982818526
705	526825	1062	0.29983679968327570097841316965059
708	529066	1067	0.29969947190951007343073797528632
711	531308	1071	0.29956284421178319687939506366092
714	533550	1076	0.29942687426569158937184056412661
717	535792	1081	0.29929159029920177070849263145647
720	538034	1086	0.29915697869441060241513241635403
723	540275	1091	0.29902296456420529580100264865905
726	542517	1096	0.29888958928890346777862419003213
729	544759	1101	0.29875686280220065116353111989156
732	547001	1106	0.29862477909950807530847782800265
735	549243	1110	0.2984932755574706830792308664968
738	551484	1115	0.29836235933903682004952884199156
741	553726	1119	0.29823204994719276772485727633466
744	555968	1123	0.29810233020820681160145682042639
747	558210	1127	0.29797317270655448995242409182538
750	560452	1131	0.29784459576893013155185485629772
753	562693	1136	0.29771656681638919428323220017774
756	564935	1140	0.29758911489915124137795032766007
759	567177	1144	0.29746217165176724872566182966693
762	569419	1148	0.29733578312106273555670554742392
765	571661	1153	0.2972099181934007572358780180366
768	573902	1157	0.2970846075030675326189566476387
771	576144	1161	0.29695979959450913288065976303187
774	578386	1166	0.29683547449960601127827430900652
777	580628	1170	0.29671166081968275429758818972914
780	582870	1174	0.29658835003954153730632015140145
783	585111	1178	0.29646551581121477481062242986809
786	587353	1182	0.29634317087127992618178495831671
789	589595	1187	0.29622129051690643253280654789705
792	591837	1192	0.29609989658554408675783520266123
795	594079	1197	0.2959789452680511301352339614823
798	596320	1202	0.29585946218749209490894713781017
801	598562	1206	0.29573942774142475409249186668603
804	600804	1212	0.2956198159515313061973529329407
807	603046	1217	0.29550069833892550485998640397156
810	605288	1222	0.29538198684970939922322941129096
813	607529	1227	0.295263688001090984780461212722
816	609771	1232	0.29514581291278579877612742166093
819	612014	1236	0.29502836424860018338378608859784
822	614255	1241	0.29491133847378819821116735511168
825	616497	1246	0.29479469763088828049291123534204
828	618739	1251	0.29467845368408734918475033737195
831	620981	1256	0.29456261878201678294786347578338
834	623223	1260	0.2944471814997078884523773467663
837	625464	1265	0.29433214661130002731681543082232
840	627706	1269	0.29421748919636575569924730189086
843	629948	1273	0.29410320639736220460491722406005
846	632190	1277	0.29398931498848851484595456895477
849	634432	1282	0.29387576172963825182904429311748
852	636673	1286	0.29376259304296858942961989669129
855	638915	1290	0.29364978908584865591180346200417
858	641157	1294	0.29353732465055976108558866144449
861	643399	1298	0.29342520561849000371168472156569
864	645641	1302	0.2933134497381006955407656278112
867	647882	1306	0.2932020498333355318365534003533
870	650124	1311	0.29309097657615862386748517565138
873	652366	1315	0.29298024622476970257878292613896
876	654608	1319	0.29286985905492168846819822647376
879	656850	1323	0.29275977415833986938764610385988
882	659091	1327	0.29265003295139840888694493514777
885	661333	1332	0.29254061047739560175173778588942
888	663575	1336	0.29243151941456635434235522552626
891	665817	1342	0.29232274420674014825394237959699
894	668059	1347	0.29221429194774600768269579020853
897	670300	1352	0.29210611397711161441037575059454
900	672542	1357	0.29199826134748069206281684273563
