0	0	0	0.69314718055914625871594125783304
3	2368	19	0.67864305685519676902828223319375
6	4737	37	0.66487120874100913425763792474754
9	7105	56	0.65172963738873701533549365194631
12	9474	77	0.63917859512230945639998935803305
15	11842	96	0.6271587201436332748016866389662
18	14211	117	0.61573369278112344282760659552878
21	16579	137	0.60483898553917059270901290801703
24	18948	157	0.59443027253420499533831389271654
27	21316	176	0.58447869641510252769478483969579
30	23685	192	0.57497099146610397557566329851397
33	26054	209	0.5658807291990203269804737828963
36	28422	225	0.5571884739123393881499168855953
39	30791	242	0.54886863708304067799303993524518
42	33159	258	0.5409259941581595620974098892475
45	35528	275	0.53332613240946691313126848399406
48	37896	291	0.5260489077074491648389198417135
51	40265	307	0.51907499253194600008498582610628
54	42633	324	0.51239674915162114476885335534462
57	45002	340	0.50599377517177979157736444904003
60	47370	357	0.49985581512963311867636662100267
63	49739	373	0.49396546644187216967836207004439
66	52107	390	0.48831564754125517113791943302203
69	54476	406	0.48289049339942619054610872808553
72	56845	423	0.4776783286589639243580052152538
75	59213	439	0.47267253888812937878682873815706
78	61582	456	0.46786233051176012720517860543623
81	63950	475	0.46322765028044932122952559439
84	66319	495	0.4587769126213060988384029315057
87	68687	515	0.45449147871312767232865326150204
90	71056	534	0.45036891515022609011609233675699
93	73424	554	0.4463990861648282626461536892748
96	75793	573	0.44257085625435044207165447005536
99	78161	592	0.43888337794314313811128158704378
102	80530	611	0.43532841089410434509687775062048
105	82898	630	0.43189838960038384740869332745206
108	85267	650	0.42859077738079665031989406998036
111	87635	669	0.42539680125569540036778448666155
114	90004	688	0.42231295227982784679099381719425
117	92372	708	0.41933551851737743687564829997427
120	94741	727	0.41645876657766511819147581263678
123	97109	744	0.41367685811632370906920641573379
126	99478	761	0.41098503679936587706933437402768
129	101847	778	0.40838333434856910475474478516844
132	104215	795	0.4058660510056615322582729277201
135	106584	811	0.40342888391121572988495813660847
138	108952	828	0.40106784009561852188952002506994
141	111321	845	0.39878270494312173521933573283604
144	113690	861	0.39656690069125799524840658705216
147	116058	877	0.39442101628148290570763379037089
150	118427	894	0.39234088028087693578171979424951
153	120795	911	0.39032420710792159468383033527061
156	123164	928	0.38836725172417158047366569917358
159	125532	944	0.38646791369571542595906521455618
162	127901	961	0.38462568188339529839936403732281
165	130269	977	0.38283626593630798451428631778981
168	132638	994	0.3810979909736255111241121085186
171	135006	1010	0.37941015077775963604267417395022
174	137375	1030	0.37777073898463259249425050256832
177	139743	1049	0.37617665095436270128459455008851
180	142112	1069	0.37462706497863762500344364525517
183	144481	1089	0.37312093606115109833964993413247
186	146849	1108	0.37165462396730952754353438649559
189	149218	1128	0.3702286524452436666798860187555
192	151586	1147	0.36884109296858358373327746448922
195	153955	1167	0.36749024576351430049214741302421
198	156323	1185	0.36617454621477679710395136680745
201	158692	1205	0.36489377863803312829205083289708
204	161060	1224	0.36364569307836114298027041513706
207	163429	1244	0.36243007098294638401725364929007
210	165797	1263	0.36124479497747968848031518973585
213	168166	1282	0.36008967114422085753489000126137
216	170535	1303	0.35896331949998050436789753803168
219	172903	1319	0.35786403830675833637187110980449
222	175272	1336	0.35679218463685680173824721350684
225	177640	1352	0.35574634869792393088161475134257
228	180009	1369	0.35472557465336790327725680072035
231	182377	1386	0.3537290446328278936682920630119
234	184746	1402	0.35275612545848888945698718089261
237	187114	1419	0.35180610942684442665751021195319
240	189483	1435	0.35087817190438236325533694071055
243	191851	1452	0.3499716465642359608523292990867
246	194220	1469	0.34908573159677147579316169867525
249	196588	1485	0.34821967737656900343523602714413
252	198957	1502	0.34737329607849831702992560167331
255	201325	1518	0.34654558940846869052876400019159
258	203694	1535	0.34573600697057915720478149523842
261	206062	1552	0.34494405628787938589141504053259
264	208431	1569	0.34416936683854520984127134397568
267	210799	1589	0.34341121250139550191704529424896
270	213168	1608	0.34266902642722146810072558764659
273	215536	1628	0.34194273052943768842482086256496
276	217905	1647	0.34123171875993918433778162579983
279	220273	1666	0.34053521504714440171213141184126
282	222642	1685	0.33985311817823959934514732594835
285	225010	1705	0.33918489345105140575498126054299
288	227379	1725	0.33853013270547110957764402883186
291	229748	1744	0.33788840830668309678230798454024
294	232116	1763	0.33725939849036262740966662931896
297	234485	1782	0.33664370106078850275466152197623
300	236853	1802	0.33603986307277583511776697378082
303	239222	1821	0.33544778555482385185015914430551
306	241590	1841	0.33486597216007391031311613005528
309	243959	1860	0.33429526940111564670132793253288
312	246327	1876	0.33373527911228489939432506616868
315	248696	1895	0.33318582853132333587709013045242
318	251065	1911	0.33264627053897721786768215679331
321	253433	1928	0.33211754251466596432607047972851
324	255802	1944	0.33159958064492139895307332153607
327	258170	1961	0.3310897526073642294086596393754
330	260539	1978	0.33058820370708863478625971765723
333	262907	1994	0.33009639926960393507826552195183
336	265276	2011	0.32961324550474419003975867781264
339	267644	2028	0.32913736517642316892207077216881
342	270013	2044	0.32867080142083632265936898875225
345	272381	2061	0.32821100813767017934097225406731
348	274750	2078	0.32775901673637652944393039433635
351	277118	2095	0.32731459639495785740592737056431
354	279487	2112	0.32687745526206896107268562445825
357	281855	2128	0.32644755715395962214486758057319
360	284224	2148	0.32602462315915348156636355270166
363	286593	2167	0.32560857841398921364017837731808
366	288961	2186	0.32519899138705321561815253517125
369	291330	2206	0.32479703866748754759186113005853
372	293699	2225	0.32440032220439685151092135129147
375	296067	2244	0.32400978671831620614440794270195
378	298436	2263	0.32362521431187935005979738889437
381	300804	2282	0.32324656289864361902175460272701
384	303173	2302	0.32287342913421374079874226481479
387	305541	2321	0.32250604861132681211444150903844
390	307910	2340	0.3221441355152704910658201242768
393	310278	2360	0.32178754075871868201019765365345
396	312647	2379	0.32143604041608264676455064545735
399	315015	2399	0.32108960605610609162496871249459
402	317384	2418	0.32074807117201448170007438420726
405	319752	2434	0.32041148153650711449813570652623
408	322121	2450	0.32007956551561383973236729616474
411	324489	2467	0.31975228698069774191381497985276
414	326858	2483	0.31942936550776634963000333300442
417	329226	2500	0.31911086158872925544471854664152
420	331595	2517	0.31879666855145938342275258037262
423	333963	2534	0.31848667316772905078181565841078
426	336332	2550	0.31818080006260379688498574068944
429	338701	2567	0.31787900711492395044999170750089
432	341069	2583	0.31758103129085563098854549934913
435	343438	2599	0.31728682983914918702694762941974
438	345806	2615	0.31699640375890547616677395126317
441	348175	2632	0.31670970070040233013131114603311
444	350543	2649	0.31642745739751027000963290447544
447	352912	2665	0.31614779992008634756928131537279
450	355280	2682	0.3158714932323726243268424695998
453	357649	2702	0.31559850036545750162630952218024
456	360017	2721	0.31532890933610285832955355544982
459	362386	2741	0.31506249136687775047604986866645
462	364754	2760	0.31479915602345209801882219835534
465	367123	2779	0.31453893551671474604347622516798
468	369491	2799	0.31428163033547690252689221779292
471	371860	2819	0.31402727576725342206742652706453
474	374228	2839	0.3137757874145153391687301791535
477	376597	2858	0.31352711459277121663902221371245
480	378966	2877	0.31328125609048174116111340481439
483	381334	2897	0.31303808884618550267830983102613
486	383703	2917	0.31279742198151266885375321180618
489	386071	2936	0.31255946531617112560397231391107
492	388440	2956	0.31232398339036770984478152968222
495	390808	2975	0.31209098342940000403444855692214
498	393177	2992	0.31186045925873884243628708645701
501	395546	3009	0.31163222355259928564308324894228
504	397914	3026	0.31140636642156499513944822865597
507	400283	3043	0.31118287572988939659879292776168
510	402651	3059	0.31096156152675613615343763740384
513	405020	3077	0.31074239577190015948460199979309
516	407388	3093	0.31052549558940539808915559660818
519	409757	3110	0.31031064963847032611710119454074
522	412125	3127	0.31009786648753084881136032890936
525	414494	3144	0.30988706974990526399338364171854
528	416862	3160	0.30967826915150781230678944666579
531	419231	3177	0.30947145285841126671755318966461
534	421599	3194	0.3092664958812823550182713461254
537	423968	3210	0.30906342640073747318751884449739
540	426336	3226	0.30886209210584858464443414050038
543	428705	3243	0.30866267263883984117711634098669
546	431073	3262	0.3084649770097517840206080563803
549	433442	3282	0.30826900778102944711278610157024
552	435810	3301	0.30807472682733805235955060197739
555	438179	3321	0.30788213009804182851425480293983
558	440547	3340	0.30769113630964717298610366924549
561	442916	3359	0.30750173676503156361405899588135
564	445284	3378	0.30731395516783382992898054908437
567	447653	3398	0.30712768122713807183998824257287
570	450021	3418	0.3069429529950756241341025543079
573	452390	3437	0.30675974709006481599971039031516
576	454759	3459	0.30657790277927465805163365075714
579	457127	3478	0.30639755703254223373477316272329
582	459496	3498	0.30621861623067136992659698080388
585	461864	3517	0.30604107605263186631106009372161
588	464233	3536	0.30586486004435736729689665480691
591	466601	3553	0.30568999561040977042125632578973
594	468970	3569	0.30551643498869324178102147016034
597	471338	3587	0.3053441808782657584941944151069
600	473707	3604	0.30517313893457714835122374097409
603	476075	3621	0.3050033553547630282842817450728
606	478444	3637	0.30483479090902954045105843761121
609	480812	3654	0.30466738055506126237048647453776
612	483181	3671	0.30450122727355322105324830772588
615	485549	3688	0.30433618482996038778765068855137
618	487918	3706	0.30417229115873078981735488923732
621	490286	3722	0.30400950609224230980487391207134
624	492655	3739	0.30384778979049315017491039725428
627	495023	3755	0.30368718965825031164129654825956
630	497392	3772	0.30352763980847125013795562153973
633	499760	3789	0.3033691232978021345978447698144
636	502129	3805	0.30321166175628222472226980244159
639	504497	3825	0.30305523348221341528585526248207
642	506866	3844	0.30289975003213848170346977894951
645	509234	3864	0.30274521333273929357687848096248
648	511603	3883	0.30259165465473975009658147428127
651	513972	3902	0.30243904086386447227496887535381
654	516340	3922	0.3022873811155460943567163667467
657	518709	3941	0.3021365822995804029105215704476
660	521077	3961	0.30198670089799034554900458715565
663	523446	3983	0.30183770709382834462886080473254
666	525814	4004	0.30168956154415299542037587343657
669	528183	4025	0.30154229416698619115067003804143
672	530551	4044	0.30139588483783547046002126990061
675	532920	4063	0.30125027605055854085236433093087
678	535288	4083	0.30110547312455887558613198962121
681	537657	4101	0.30096145303816068672375649839523
684	540026	4118	0.30081823689977399416406456111872
687	542394	4134	0.30067576735693923861703069633222
690	544763	4151	0.30053408231648837123373141366756
693	547131	4169	0.30039318317427610161018947110279
696	549500	4188	0.3002530053689611566625217164983
699	551869	4205	0.30011358167372753635859794485441
702	554238	4222	0.29997485530201434267283389090153
705	556606	4239	0.29983684144234984403354360438243
708	558975	4256	0.29969952595427074015788093674928
711	561343	4273	0.29956290362445170405436556393397
714	563712	4291	0.29942697085637781651001887439634
717	566081	4310	0.29929163955165333232955049425073
720	568449	4328	0.29915699123224215316696472655167
723	570818	4345	0.29902302581052353502855112310499
726	573186	4361	0.29888968194820819679335954788257
729	575555	4381	0.29875695485851927468701205725665
732	577923	4401	0.2986248374762504598223245011468
735	580292	4423	0.29849334261662885392496491476777
738	582660	4444	0.29836242452743744202336984017165
741	585029	4465	0.29823212025290735116556106731878
744	587397	4487	0.29810241645351859274271077993035
747	589766	4508	0.29797328712086218471810639130126
750	592134	4529	0.29784469382165490447533784390544
753	594503	4551	0.29771668426763164827519858590676
756	596871	4570	0.2975892210370407187092212097923
759	599240	4589	0.29746228678869368611259460521978
762	601609	4609	0.29733590945078897105346982243645
765	603977	4629	0.29721005851215026583034273244266
768	606346	4648	0.29708472412113301475145021868229
771	608714	4665	0.29695991553305700616505191646866
774	611083	4682	0.29683559687868765752938315927167
777	613451	4698	0.2967117845793086905459290392173
780	615820	4714	0.29658846405999456097291044898157
783	618189	4732	0.29646566209017599646813323488459
786	620557	4749	0.29634333873574314477394864297821
789	622926	4765	0.2962214705363083178113470239623
792	625294	4783	0.29610008520792452380021586577641
795	627663	4800	0.29597915049332790271563453643466
798	630031	4817	0.2958596738044604879114274353924
801	632400	4834	0.29573964467844970904764068109216
804	634768	4852	0.29562004917283468685695879685227
807	637137	4869	0.29550091284471413644041604129598
810	639505	4887	0.29538221423748550753529684698151
813	641874	4904	0.29526391894486098133043583402468
816	644242	4921	0.29514606154292322148791072322638
819	646611	4936	0.29502860812559250636155638858327
822	648979	4951	0.29491155589310902307431661029113
825	651348	4967	0.29479491352293296646536191474297
828	653717	4981	0.29467868975621058780234307050705
831	656085	4996	0.29456285180849894889121287633316
834	658454	5011	0.29444741755744024969132510705094
837	660822	5026	0.294332369905010549082646775787
840	663191	5040	0.29421770349993564552804059530899
843	665559	5055	0.29410342755765994660066553478828
846	667928	5070	0.29398950805305951172741174559633
849	670296	5085	0.29387597932302339520660439120547
852	672665	5099	0.29376281117284014365864663886896
855	675034	5115	0.29365000143022751410981641129183
858	677402	5129	0.29353753349752070844758122802887
861	679771	5145	0.29342543169663004576364073727746
864	682139	5161	0.2933136913329142392292681051913
867	684508	5176	0.29320229528111874106599543665652
870	686876	5191	0.29309123945746889949859337320959
873	689245	5208	0.29298050546006354499795065748913
876	691614	5225	0.29287012145572471899512834170309
879	693982	5242	0.29276005760127088439759290849906
882	696351	5260	0.29265032652864864104458320070989
885	698719	5278	0.2925409012847312584248982147983
888	701088	5294	0.29243179609689284870199799115653
891	703456	5313	0.29232300852307968597187937120907
894	705825	5331	0.29221455794014467022279291086306
897	708193	5348	0.29210640797853376637860378650657
900	710562	5364	0.29199855910680977411075787131267
