0	0	0	0.69314718055914625871594125783304
3	466	3	0.64911184993179826818732180981897
6	932	6	0.60487115776894850860401220415952
9	1398	9	0.56859069305458043164236414668267
12	1865	13	0.52452811971317114814183923954261
15	2331	16	0.4982586991817646859814772142272
18	2797	19	0.47829011003653754130482411710545
21	3264	22	0.45918160221748882676706671190914
24	3730	25	0.44307966020242633975456669759296
27	4196	28	0.42747757031658539794705120584695
30	4663	32	0.41519232072712036751838127202063
33	5129	35	0.4048063423024002016603617448709
36	5595	38	0.39521356495847426160139548301231
39	6062	41	0.38682039355955805115527823545563
42	6528	44	0.38025201099419908556953373590659
45	6994	48	0.37362673473483004604744905918778
48	7460	51	0.36753040019141225425158836515038
51	7927	54	0.36211999576969361447353890071099
54	8393	57	0.35719341504036061785143374436302
57	8859	61	0.35406277886924486519859556210577
60	9326	64	0.3501364805609648578332837587368
63	9792	67	0.34624964901591492871801847286406
66	10258	70	0.3428811597405131417204415811284
69	10725	73	0.33973050611315419589075759176922
72	11191	76	0.33801461528025444902567642202484
75	11657	79	0.33548697507261360239994019138976
78	12124	83	0.33285231207868831715401825022127
81	12590	86	0.33060010567981484852495555060159
84	13056	89	0.32838936881569763537314088353014
87	13523	95	0.32732401313830433720042378809012
90	13989	98	0.32559546738214029115709990946925
93	14455	102	0.32369969652101926449461188894929
96	14921	105	0.32208937581057922594496290003008
99	15388	108	0.32045951402515365780132583495288
102	15854	112	0.31970541330958174297549589937262
105	16320	115	0.31844779271028017531008913465485
108	16787	118	0.31702728759894388543827403736941
111	17253	121	0.31581510208603646994163227645913
114	17719	125	0.3145461216751279653891515408759
117	18186	128	0.31394254327435988649597220501164
120	18652	131	0.3129947399205290081702912630135
123	19118	134	0.31189313824103603867143874595058
126	19585	137	0.31093834432626382691111643907789
129	20051	140	0.30990301160077182718310950804153
132	20517	143	0.30937133755707013627045398607152
135	20984	146	0.30862415052511921187416987777397
138	21450	149	0.30774226631568424306095721476595
141	21916	152	0.3069576286968505041130583776976
144	22382	155	0.30608176166977357768317347108677
147	22849	157	0.30558228321048319653385760830133
150	23315	160	0.3049724747961500281867586181761
153	23781	163	0.30424623667743161403720364432957
156	24248	166	0.30357940988257481329526399349561
159	24714	168	0.30281407399695881021983723258018
162	25180	171	0.30232702844503245298568572252407
165	25647	174	0.3018154231322043301588564645499
168	26113	177	0.301199118353950190396517427871
171	26579	179	0.30061509627050470028208906114742
174	27046	182	0.29993196432362367875867903421749
177	27512	185	0.29944784095432164239269923200482
180	27978	187	0.29900739957223998466417924646521
183	28445	190	0.29847713164588457468440196862502
186	28911	193	0.29795397995537170610091948219633
189	29377	196	0.29733116116499969106001799445949
192	29843	199	0.29684530390665653243331689736806
195	30310	202	0.29645669750494646477179117027845
198	30776	205	0.29599029425662315428979809439625
201	31242	207	0.29551311073161917741813908833137
204	31709	210	0.29493623967319054779423481704725
207	32175	213	0.2944476769745265620770169334719
210	32641	216	0.29409876929129558087439022528997
213	33108	218	0.29368326220314960872670440039656
216	33574	221	0.29323982776483531464961629353638
219	34040	224	0.29269955676803594002421959885396
222	34507	227	0.29220884965621607420871441718191
225	34973	230	0.29189022643065781759119659000135
228	35439	233	0.29151386121725719746677896182518
231	35906	236	0.29109772218700386003931157574698
234	36372	239	0.29058776365286342890925652682199
237	36838	242	0.29009694686655873585579001883161
240	37304	244	0.289802718269907499948345730445
243	37771	247	0.28945781255854008406913635553792
246	38237	250	0.28906365533121858302223472492187
249	38703	253	0.28857866773901058587981083292107
252	39170	256	0.2880866457216280651643103283277
255	39636	259	0.28781134930473423194641213740397
258	40102	262	0.2874923262220753783502402711747
261	40569	264	0.28711628332764616011729685851606
264	41035	267	0.28665378640886035599422143604897
267	41501	270	0.28616329929119266317627534590429
270	41968	272	0.28590334042508630529866309188947
273	42434	276	0.28560588911404583001285573118366
276	42900	278	0.28524515249074472444945627103152
279	43367	281	0.28480114776422033040503833944967
282	43833	283	0.28431344827036564293365472622099
285	44299	286	0.28406655175639383692498540767701
288	44765	290	0.28378754650928622593752947977919
291	45232	292	0.2834400323530418264184049803589
294	45698	295	0.283013409633606105586522971862
297	46164	298	0.28253009652454386113618056697305
300	46631	300	0.28229402062938274697856400052842
303	47097	303	0.28203065372805413701939869497437
306	47563	306	0.28169461765836184552469489972282
309	48030	308	0.28128332124193827779023990842688
312	48496	311	0.28080468116740331385727813540143
315	48962	314	0.28057751824285609432152455156029
318	49429	317	0.28032735079731629923571745166555
321	49895	320	0.28000265973783428075094548148627
324	50361	322	0.27960617514812363681997453568329
327	50828	325	0.27913431394246113192991742835147
330	51294	328	0.27891556886747048693564465793315
333	51760	331	0.27867726076395737955238018912496
336	52226	333	0.27836093946053774850213358149631
339	52693	336	0.27797773919142954035521597688785
342	53159	339	0.27751270440061298616640783620824
345	53625	341	0.27730083865404636656037951070175
348	54092	344	0.27707287194190993728781791105575
351	54558	347	0.27676515184020888948879246527213
354	55024	350	0.27639470628504592131235995111638
357	55491	352	0.27593752834028184572900954663055
360	55957	355	0.27573174156817198410251990026154
363	56423	358	0.27551291810027433992758005842916
366	56890	360	0.27521347551829145050561464813654
369	57356	363	0.27485540638576561045525181725679
372	57822	366	0.27440713179109477160011465457501
375	58289	368	0.2742072755054284494136140892806
378	58755	370	0.27399698236642516802064051262278
381	59221	372	0.27370517839861974174198167020222
384	59687	375	0.27335819436559322115343206860416
387	60154	377	0.27291852824426310331062950353953
390	60620	380	0.2727236775567334903236371701496
393	61086	382	0.27252112375644893527137924138515
396	61553	384	0.27223632357581345475594503113825
399	62019	387	0.2719002614334771750215224983549
402	62485	389	0.2714685462606976074084741412662
405	62952	392	0.27127858006306326821288621431449
408	63418	394	0.27108293499648788982270275482733
411	63884	396	0.27080507154771477074106655891228
414	64351	399	0.27047966466087414172392300315551
417	64817	401	0.27005683902527405360061152350681
420	65283	404	0.26987134539354912243780404423887
423	65749	406	0.26968217173288044907764060553745
426	66216	409	0.26941078501707049763780332796159
429	66682	411	0.26909624960010247729513821468572
432	67148	413	0.2686837984651629929189198264794
435	67615	416	0.26850252833402737939749727047456
438	68081	418	0.26831945263538836687899902244681
441	68547	421	0.26805444558917812525322688088636
444	69014	423	0.26774906251340757634693545696791
447	69480	426	0.26734506068420710311883681242762
450	69946	428	0.2671678058182075377047226538707
453	70413	430	0.26699031740485101860116401439882
456	70879	433	0.26673148411420771752844416369044
459	71345	435	0.26643545393261219844660558919713
462	71812	438	0.26604151704606981976297674918897
465	72278	440	0.26586787894063279580336711660493
468	72744	442	0.26569559100558687303461624651391
471	73210	445	0.26544278779215024766102715148008
474	73677	447	0.26515628857689910180539527573274
477	74143	450	0.26477161634202289741679692269827
480	74609	452	0.26460166562050874139444545107835
483	75076	455	0.26443445357502864956344978963898
486	75542	457	0.26418731321786415033869843682623
489	76008	460	0.2639095297600628775569475692464
492	76475	462	0.26353392327931379757188778967247
495	76941	465	0.26336759450648533631422765211028
498	77407	468	0.26320508914225798635655451107596
501	77874	470	0.26296348256204310489536624118045
504	78340	473	0.26269443339158143890799124164914
507	78806	475	0.26232800952593149368397007492604
510	79273	478	0.26216508846382235997651832803967
513	79739	480	0.26200713233838895943605962202128
516	80205	483	0.26177296312263381716789467645867
519	80671	485	0.26151208843683332316842893305875
522	81138	488	0.26115593887876892287280838900188
525	81604	490	0.26099642792860971995949626034417
528	82070	493	0.26084276163277470006462976925832
531	82537	495	0.26061181327706911536878919832816
534	83003	498	0.26035887357580900225428877092781
537	83469	501	0.26001052362843168896944234802504
540	83936	503	0.25985412683536240896486901874596
543	84402	506	0.25970455947269355245765609652153
546	84868	508	0.25947869110720744867393250387977
549	85335	511	0.25923366659676583267923888342921
552	85801	513	0.25889440001001956526138769731915
555	86267	516	0.25874120243773063299030923190003
558	86734	518	0.25859556998670668592765764515207
561	87200	521	0.25837471715991428000691598754202
564	87666	523	0.25813726252677177130934182969213
567	88132	525	0.25780709189332229325231082839309
570	88599	528	0.25765683789454624230685908514715
573	89065	530	0.25751500626088574819050336373039
576	89531	533	0.25729913263844128579194148187526
579	89998	536	0.25706884072514235572981533550774
582	90464	538	0.25674700800042626891439567771158
585	90930	541	0.25659991416367167182954744930612
588	91397	543	0.25646170595010370218957973520446
591	91863	546	0.25625063754980120789284114835027
594	92329	549	0.25602754537327887529585268566734
597	92796	552	0.25571444583492336510843756514078
600	93262	555	0.25557030622242582484915374152479
603	93728	558	0.25543565225011333197357998869848
606	94195	561	0.25522912309528106300504646242189
609	94661	563	0.25501289035633678548009584119427
612	95127	566	0.25470779767383894265364574494015
615	95593	569	0.25456650552099069351186244603014
618	96060	571	0.25443516449216257990784129106032
621	96526	574	0.25423338392308680866449321911205
624	96992	577	0.25402369042764577633519706978404
627	97459	580	0.25372728344096540098462355672382
630	97925	583	0.25358874981861107000824517854198
633	98391	585	0.25346071559776667259100690898777
636	98858	588	0.25326326630214629487269917262893
639	99324	591	0.25305992055393422557330040945089
642	99790	594	0.25277085778811253513609358378744
645	100257	597	0.25263520696690433542386244880618
648	100723	600	0.25251041355391062870339169421641
651	101189	603	0.25231730920071143708938166128064
654	101656	606	0.25212013463330967821818262564193
657	102122	609	0.25183829677930197332713646574121
660	102588	612	0.25170532118571442570242879810394
663	103054	615	0.25158366056682202049898933182703
666	103521	618	0.25139474425969787763079921205644
669	103987	620	0.2512035590238738125279382984445
672	104453	623	0.25092981622045940071075165178627
675	104920	626	0.25079964291272072163252460086369
678	105386	628	0.25068094347475261551849712304829
681	105852	631	0.2504962086564286316558991529746
684	106319	634	0.25031086423368548166124014642264
687	106785	637	0.25004377134524174985941158411151
690	107251	640	0.24991616961819934639166262968502
693	107718	643	0.24980135961329347216164364908764
696	108184	646	0.24962068059012318399503271848516
699	108650	649	0.24944085978676905357431792253919
702	109117	652	0.24918087813432096555565919970832
705	109583	655	0.2490559309152020062150256762834
708	110049	657	0.24894295075749414691834715540608
711	110515	660	0.24876618901499158997836502749124
714	110982	663	0.24859185965190946920877479442424
717	111448	666	0.24833872852152535926073539940262
720	111914	668	0.24821711023650339100754536048044
723	112381	671	0.24810682863887678628600497177104
726	112847	674	0.24793397222495808240871895122837
729	113313	677	0.24776508643760897232510842513875
732	113780	680	0.24751863654160785599422922587109
735	114246	683	0.24739855456663739641243182632024
738	114712	686	0.24729093780120203760475305898581
741	115179	689	0.2471227479574180374566338969089
744	115645	692	0.24695869018084895540887657716667
747	116111	694	0.24671865798754014087457164805528
750	116578	697	0.24660092218628817950509812817472
753	117044	700	0.24649587981629367261504626185342
756	117510	704	0.24633039683017818322063874347805
759	117976	707	0.24617160983477223701321179305523
762	118443	709	0.2459380386437753640560543999527
765	118909	712	0.24582265663473798489313537629641
768	119375	715	0.24572013229461978078838058081601
771	119842	718	0.24555811115732756322316276964557
774	120308	721	0.24540370727953655927144893666991
777	120774	724	0.24517684060375369292650304942072
780	121241	726	0.24506371116949324240330554403045
783	121707	729	0.24496366856951304336043051534944
786	122173	732	0.2448051522321780248958589254471
789	122640	735	0.24465535509286528981220953937736
792	123106	738	0.24443393569456575709075707436568
795	123572	741	0.24432319661344242822664796221943
798	124038	744	0.24422550008116405972913298683125
801	124505	747	0.24407046594687925589184374075558
804	124971	749	0.24392622403404012887406793197442
807	125437	752	0.24370975838227756926634981482493
810	125904	755	0.24360124402119343045569621608593
813	126370	757	0.24350688183488211624450059389346
816	126836	760	0.24335510790352180010565064094408
819	127303	762	0.24321453514856211652883644092071
822	127769	765	0.24300470767892848322766496949043
825	128235	767	0.24289819164966389153370585063385
828	128702	770	0.24280507128859307730550654014223
831	129168	772	0.242656555823747122069278248091
834	129634	775	0.24252005609434593158546533686604
837	130101	778	0.2423152971653413367825180557702
840	130567	780	0.24221107352110662902511251104443
843	131033	783	0.24212017209978595189134864540392
846	131499	785	0.24197474318829842454547929264663
849	131966	788	0.24184233813768427068247035549575
852	132432	791	0.24164312838487020385080938922329
855	132898	793	0.24154092765818016563805770147155
858	133365	796	0.24145217622084652608904775661358
861	133831	798	0.24130992226344372131308091411483
864	134297	801	0.24118133622063425702819472462579
867	134764	803	0.24098718025373969120472850136139
870	135230	806	0.24088685580643759420738092558167
873	135696	809	0.24080015150508379817573256787
876	136163	811	0.24066082354222700923074285128678
879	136629	814	0.24053700372135983220900357082428
882	137095	816	0.2403477584452380910740032504691
885	137562	819	0.24024955743020229292916667418467
888	138028	821	0.24016487854934387424776787156588
891	138494	823	0.24002847670915858357965078084817
894	138960	826	0.23990728594221222280680194671731
897	139427	829	0.23972391643505872038666382195515
900	139893	832	0.23962779409047255119169506087928
