0	0	0	0.69314718055914625871594125783304
3	571	13	0.64888693029346644625121598437545
6	1143	25	0.60442663728868883943334822106408
9	1715	37	0.56795962056696680519962683320045
12	2287	50	0.52411522687656797447885992369265
15	2859	62	0.49790885634758874633831737810397
18	3431	75	0.47794173326617017671935627731727
21	4003	87	0.45888531061198090110764269411447
24	4575	99	0.44273656004515421491518623042793
27	5147	111	0.42713657255498943543514656084881
30	5719	124	0.41479908941294735269522675480403
33	6291	136	0.40443061132022328774127117867465
36	6862	148	0.39489230538454112018342812007177
39	7438	161	0.38646251371625606196857916074805
42	8010	173	0.37996602476047303120765263884095
45	8582	185	0.3733613163401844903255266672204
48	9154	197	0.36730761920278481857948804645275
51	9726	209	0.36191914042303002796430178023002
54	10297	220	0.35703492507690237633966034991317
57	10869	233	0.35392488512280834145329322382167
60	11441	245	0.34998854607280432960081384408113
63	12013	257	0.34612241203857868621085458471498
66	12585	268	0.34276678679689220885506983904634
69	13157	280	0.33960349025699165803615642289515
72	13729	292	0.3378991014650705726474200218945
75	14301	303	0.3353779111725364581175767852983
78	14873	315	0.33275397514816079658217518044694
81	15445	328	0.33051096925744205545782961053192
84	16017	340	0.32831020101014785073090251898975
87	16588	352	0.32724926622496303130205319575907
90	17160	364	0.32552132598337374380648157057294
93	17732	376	0.32363800688712224262744143743475
96	18304	388	0.32203419735050714534096982788469
99	18876	400	0.32040790750957220955896787017991
102	19448	411	0.31965634737380055341304796456825
105	20020	424	0.3184027104261046847710758811445
108	20592	436	0.31699054852404373594509934264352
111	21167	447	0.31578179151573332328339915875404
114	21739	459	0.3145149532192044183886991959298
117	22311	472	0.3139123015360291146791382743686
120	22883	483	0.31296724903242878479403543678927
123	23455	495	0.31186709487799685325271070723829
126	24027	509	0.31091459780546570890180646529188
129	24599	522	0.30988840708971437942764737272228
132	25171	536	0.30935732899197782019840019529511
135	25743	549	0.30861012604991289176581403808086
138	26314	562	0.30772998774838522528796147526009
141	26886	575	0.3069460863390521265792187932675
144	27458	589	0.30607442043752031146652825555066
147	28030	602	0.3055756112137203439615973366017
150	28602	615	0.30496648443708557207898479646246
153	29174	628	0.30424087394790833016600117844064
156	29746	642	0.30357391878024314602058097989357
159	30318	655	0.30280950456016170191375636022713
162	30890	669	0.30232274913126133686347429829766
165	31462	682	0.30181251369382439131427986467315
168	32034	695	0.30119795837994683962435260582424
171	32606	709	0.30061400076061745023636717633053
174	33177	722	0.29993146912679663484979641907557
177	33749	735	0.29944734652604071412085318115714
180	34321	749	0.29900593465839025997254907451861
183	34893	762	0.29847611618431812985363649204373
186	35465	776	0.29795264672293825247706422487681
189	36037	790	0.29732932884988155786132324465143
192	36609	803	0.29684390854200548570673845460988
195	37181	816	0.29645528536199827751573820933118
198	37753	829	0.29598908277942664879489598206419
201	38325	843	0.29551172158491867403284913962125
204	38897	856	0.29493529445483790407678270639735
207	39468	869	0.29444704465564747186689942282101
210	40040	883	0.29409769039879291030459285138932
213	40612	896	0.29368177957461238936076597383362
216	41184	909	0.29323827827426879322203490119136
219	41756	922	0.29269850638555122701589539246925
222	42328	935	0.29220759424621578492775597624131
225	42900	948	0.29188862486439298704610223467171
228	43472	962	0.29151156605556172163318251477904
231	44044	975	0.29109538233916482097285438612744
234	44616	990	0.29058561269989641173694394638005
237	45188	1004	0.29009475177103982712623064799118
240	45760	1018	0.28979942313842588230698993356782
243	46331	1031	0.28945456344621728339561173015682
246	46903	1045	0.28906056100238486372688839765033
249	47475	1059	0.28857697094144302285556591414206
252	48047	1073	0.28808545615374808734898692819115
255	48619	1086	0.28780989607325169199469883096754
258	49191	1100	0.28749096811741570167697545912233
261	49763	1114	0.2871149044550370121875459972216
264	50335	1127	0.28665243547742730312322123609192
267	50907	1140	0.28616205756128504367197251667676
270	51479	1154	0.28590180891217836789408579534211
273	52051	1167	0.28560456976023301800537979033834
276	52622	1181	0.28524380525742060177307735102659
279	53194	1194	0.28480008862689970561277164051717
282	53766	1208	0.28431235144009975313039717548236
285	54342	1222	0.28406494464747261696757618665288
288	54914	1235	0.28378557695092954116233840977657
291	55486	1249	0.28343791457380279608102569000039
294	56057	1262	0.28301174340221030290010162389081
297	56629	1275	0.28252834025430112463439513703634
300	57201	1289	0.28229209256605930500327872323396
303	57773	1302	0.28202855171789237287427454248245
306	58345	1316	0.28169253710672653712165924844157
309	58917	1334	0.281281389565979256239813821594
312	59489	1352	0.28080312995904149753201295425242
315	60061	1371	0.28057629893212165939075930509716
318	60633	1390	0.28032628040121360113445803108334
321	61205	1408	0.28000160471084162283617047251028
324	61777	1427	0.27960498735320349350530477749999
327	62348	1446	0.27913291463740969033935357401788
330	62920	1466	0.27891391218390404471705323885544
333	63492	1484	0.27867564614881801254853144200752
336	64064	1503	0.27835943120498446434751826927823
339	64636	1522	0.27797639208309654623718643051689
342	65208	1542	0.27751154640013780960927647356584
345	65783	1561	0.27729971372535761053867986447585
348	66355	1580	0.27707198098289659293769204850832
351	66927	1599	0.2767643935606728944343046805443
354	67499	1619	0.2763939213047192922090289357584
357	68071	1638	0.27593633566830799708213817211799
360	68643	1657	0.27573081835627033520097484142752
363	69215	1676	0.27551218115215680981577861530241
366	69787	1695	0.27521275382777626861141584413417
369	70359	1714	0.27485440195504268201531772319868
372	70931	1734	0.2744060818499282627946911361505
375	71503	1753	0.27420632139139267113847608925425
378	72074	1772	0.27399601805365325635222006894764
381	72646	1791	0.27370410306076980999634429281286
384	73218	1809	0.2733570902385791812072568518488
387	73790	1828	0.27291615536724928015033242445497
390	74362	1847	0.27272149243551802033636022315477
393	74934	1866	0.27251885574911016707488897736766
396	75506	1884	0.27223408219646333394692305773788
399	76078	1905	0.27189818886212285820036527184129
402	76653	1925	0.27146646565579507504040179810545
405	77225	1944	0.27127666612241374544112204603152
408	77797	1963	0.27108109357347459633658104394272
411	78369	1982	0.27080324307904729552731737385329
414	78941	2001	0.27047794439546429812182282148569
417	79513	2019	0.27005550387366711317937983949378
420	80085	2038	0.26987005864511071084876903114491
423	80657	2057	0.26968089805457023944157413097855
426	81229	2077	0.26940966016871931154597064050904
429	81801	2096	0.26909458597525814926854081932106
432	82372	2117	0.26868201773839989199288424970291
435	82944	2135	0.26850080866321124339890502596973
438	83516	2154	0.26831775379290234706530782204936
441	84088	2173	0.26805275270055428649129680707119
444	84660	2192	0.26774749655868901321298380935332
447	85232	2207	0.26734363460433091530532578872226
450	85804	2224	0.26716650251249812741960454332002
453	86376	2240	0.26698901591394053056660595757421
456	86948	2255	0.26673014532270378218470341380453
459	87520	2272	0.26643429371276255990252934680029
462	88092	2289	0.26603955026546816098331760258588
465	88663	2304	0.26586607207666068664053682368831
468	89235	2320	0.26569384879382523800828153071052
471	89807	2336	0.26544090496598909956205147864239
474	90379	2352	0.26515425144965248938078161700105
477	90951	2368	0.26476931653625768170456922234735
480	91523	2384	0.26459941072572945586216519586742
483	92095	2400	0.26443222972665891834509466207237
486	92667	2417	0.26418511628522600709345624636626
489	93239	2433	0.26390729027369352888143794189091
492	93811	2450	0.26353140865312890683824775805988
495	94383	2466	0.26336506490878514030740120688279
498	94954	2482	0.26320250226867586418322275676474
501	95526	2497	0.26296092026338990788048022295698
504	96098	2513	0.26269176736645544201209645507333
507	96670	2528	0.26232538612913547382277101860382
510	97242	2544	0.26216240790338701804884635748749
513	97814	2560	0.26200446283662903734779092701501
516	98386	2576	0.2617702536331035223504670739203
519	98958	2592	0.26150924012576587385225934667687
522	99530	2608	0.26115308339508203072654168863664
525	100102	2626	0.26099349848460384748705109814182
528	100674	2642	0.26083977836908334158039224348613
531	101246	2659	0.26060893001787149847459090779012
534	101817	2675	0.26035603952048141929154212448339
537	102393	2691	0.26000787555740434431328367281822
540	102965	2708	0.25985159109702166135846823635802
543	103537	2724	0.25970199462649773414213427713548
546	104109	2739	0.25947625131565821288148754319991
549	104681	2755	0.25923128782209753362408832799701
552	105252	2772	0.25889226851837593423866223929508
555	105824	2788	0.2587390309681022459997734586068
558	106396	2805	0.25859340230732386078926765549113
561	106968	2821	0.25837265639754836143993088626303
564	107540	2838	0.25813499245452065089523330243537
567	108112	2854	0.257804464658542842325772426193
570	108684	2871	0.25765431354887929904506904676964
573	109256	2887	0.2575124537232935106878528586094
576	109828	2903	0.2572966042083227877768081270915
579	110400	2920	0.2570662732044273757203711738839
582	110972	2937	0.25674444370315774310853385031805
585	111543	2954	0.2565974498043833151861292662943
588	112115	2971	0.25645932064448168086201462756435
591	112687	2987	0.25624830891824906808906803235004
594	113259	3005	0.25602510279892803923829092127562
597	113831	3021	0.25571172348714327204888263622706
600	114403	3036	0.2555675685898967097742229270807
603	114975	3050	0.25543288621360821233352567105612
606	115547	3063	0.25522651883616398471588126994902
609	116119	3077	0.25501010444083088701816564025648
612	116691	3090	0.25470485669874526335476616623055
615	117263	3104	0.25456356756008274855318518348213
618	117834	3117	0.25443232788428182811202304947074
621	118406	3131	0.25423044556627427681405606563203
624	118978	3145	0.25402075122810241492032901078346
627	119550	3159	0.25372357008249707410740825253015
630	120122	3172	0.25358522585364390300455283977499
633	120694	3186	0.25345727084083091718014202342601
636	121266	3200	0.25325996573853620796867858189216
639	121838	3213	0.25305664502319630271287564937666
642	122410	3226	0.25276696244560065141016025336285
645	122982	3240	0.25263134235495293689055529284815
648	123554	3253	0.2525065288500006333016756343568
651	124126	3267	0.25231344496608870686671366456721
654	124697	3280	0.25211621961111313483527851531107
657	125269	3293	0.25183448003932612513366962048167
660	125841	3306	0.25170165021955670514586245190003
663	126413	3320	0.25158000259956997401999956309737
666	126985	3334	0.25139119114064650828410663052637
669	127557	3347	0.25119998015871392027520414558239
672	128129	3361	0.25092579621638710918318793119397
675	128701	3374	0.25079557097349824967835729694343
678	129273	3388	0.25067688687243733225429309641186
681	129845	3402	0.2504922010366659179680937086232
684	130417	3415	0.25030690305943714690783963305876
687	130988	3429	0.25003987634569263542871908612142
690	131560	3442	0.24991217980483745875197598707018
693	132132	3456	0.24979739324446723069961251439963
696	132704	3469	0.24961667881033380855804182374413
699	133276	3482	0.24943694547254852134088309867366
702	133848	3496	0.2491766446309330307329332754307
705	134420	3509	0.24905167545655640393142959965189
708	134992	3523	0.2489387190743642952472924889662
711	135564	3537	0.24876197851458664578316870574781
714	136136	3551	0.24858759490874710040841932823241
717	136708	3564	0.24833480137022592715290159048891
720	137280	3577	0.24821331765033069483017413858761
723	137851	3591	0.24810306804865578378382906521438
726	138427	3605	0.24793011912693616038971811121883
729	138999	3619	0.24776107177602846309838469096576
732	139571	3633	0.24751507823672372343715153419907
735	140143	3647	0.24739499173176388024941729781858
738	140714	3660	0.24728741754000457819806513271033
741	141286	3674	0.24711927695432994722679609367333
744	141858	3687	0.24695534850912226332297905173618
747	142430	3701	0.24671533887325161615855506624939
750	143002	3714	0.2465977308059968120534932722876
753	143574	3728	0.24649274384613342747663011778059
756	144146	3742	0.24632725398636023950160733875236
759	144718	3755	0.24616828915236699248936247386155
762	145290	3769	0.24593455500057356810650333045487
765	145862	3783	0.24581922287474664012840719351516
768	146437	3796	0.24571676192601862864783868189988
771	147009	3810	0.24555476006091983554036062287196
774	147581	3824	0.24540076329185833703405705819023
777	148153	3838	0.24517317802380897417968697027391
780	148725	3852	0.24506014330050965299712117939634
783	149297	3866	0.24496013777460606819502686448686
786	149869	3880	0.2448016876457787815990485569273
789	150441	3896	0.2446521759411831031805206748686
792	151012	3911	0.24443051912985244711329357869545
795	151584	3927	0.24431975395867391864790363342763
798	152156	3943	0.24422212130070858338015682420519
801	152728	3959	0.24406707583733999733510700025363
804	153300	3975	0.2439230104258649778348200243272
807	153872	3991	0.243706441543129037619053178787
810	154444	4006	0.24359793694534273567064985854813
813	155016	4022	0.2435036214286527556094341662174
816	155588	4038	0.24335183844103791539481562722358
819	156160	4054	0.2432111400061063022359775231962
822	156732	4070	0.24300107487826427821175911958562
825	157303	4086	0.24289471589235947512896984790132
828	157875	4102	0.24280165916961776728655308943416
831	158447	4118	0.24265315336410578361814316394884
834	159019	4133	0.24251660124102183968552992610057
837	159591	4149	0.24231193939691803018732230157184
840	160163	4165	0.24220767142460772336498564527574
843	160735	4180	0.24211679955009055009718110795802
846	161307	4196	0.24197147954363631972007908643718
849	161879	4211	0.2418389304388662008893362553863
852	162451	4227	0.24163938644551463674758906563511
855	163023	4243	0.24153723279033831317086367107549
858	163594	4259	0.24144847880752232094359044367593
861	164166	4275	0.24130622079337871177528995758621
864	164738	4291	0.24117762952413568378062791452976
867	165310	4307	0.24098342628123975428522385300312
870	165882	4322	0.24088334126361096720891907807527
873	166454	4339	0.24079667258616019309691580474464
876	167026	4355	0.24065735160264412062502970002242
879	167598	4370	0.24053363678515490842180213348911
882	168170	4386	0.24034437092662944146503889442101
885	168742	4402	0.24024617219560573389003366173711
888	169314	4418	0.24016153809234525029481233104889
891	169886	4433	0.24002518873294786949657009245129
894	170457	4449	0.2399040966317764755899588635657
897	171029	4465	0.23972068832221532508341965694854
900	171601	4480	0.2396244668964847834846665364239
