0	0	0	0.69314718055900481630260401288979
3	235	185	0.68911207521444572954294471855974
6	471	361	0.68487978005363248090731076445081
9	706	1095	0.68097876201434015541735789156519
12	942	1848	0.67686472466680003279293487139512
15	1177	2713	0.67297497992201316119320608777343
18	1413	3471	0.66960225137905327041920600095182
21	1648	4226	0.66593756281588400991466869527358
24	1884	4989	0.66214921063771314813095614226768
27	2119	5746	0.65837450933549446219217315956485
30	2355	6476	0.65479056645069977360407165178913
33	2590	6651	0.65081339181632336110538972206996
36	2826	6826	0.64710507252172888570385111961514
39	3061	7001	0.64387340386341807008108162335702
42	3297	7178	0.64012127302701349318425627643592
45	3532	7352	0.63650083107920307767813028476667
48	3768	7526	0.63337311245442817764228493615519
51	4003	7699	0.63003433449224988116554868611274
54	4239	7880	0.62709372702385413056447305280017
57	4474	8055	0.62407347458236872572712172768661
60	4710	8227	0.6212584667420769646284384180035
63	4945	8399	0.61783631844606212712989190549706
66	5181	8570	0.61462710706251888481688183674123
69	5416	8742	0.61154399086918975747551030508475
72	5652	8913	0.60848174700726198604883165899082
75	5887	9085	0.60559236035654206986578174110036
78	6123	9257	0.60254681847596192056926156510599
81	6358	9431	0.59982777954954180632540783335571
84	6594	9604	0.59708860273156416642592603238882
87	6829	9778	0.59448010740383427918942516043899
90	7065	9955	0.59205827520392872997945232782513
93	7300	10133	0.58915520700924295383060780295637
96	7536	10306	0.5859890570862515968286743373028
99	7771	10484	0.58309543236814076472285250929417
102	8007	10658	0.58063062985407221106015640543774
105	8242	10831	0.57802457222576641981959255645052
108	8478	11044	0.57529620242736545510098267186549
111	8713	11224	0.572727016762924923121147458005
114	8949	11399	0.57002038931285881062649423256516
117	9184	11575	0.56725739426184063063374196644872
120	9420	11753	0.56478731692265049524337428010767
123	9655	11926	0.5620016118281544459378551437112
126	9891	12167	0.55968706157544922952240540325874
129	10126	12346	0.55723667859290371140446040953975
132	10362	12546	0.55474965900587414058264812410926
135	10597	12723	0.5522245604142715924567141883017
138	10833	12896	0.54984827485998744034390028900816
141	11068	13070	0.5472936538391539595949097929406
144	11304	13243	0.54512427676156993694434049757547
147	11539	13416	0.5428544792106542171694627541001
150	11775	13589	0.54070133333156467081437313026981
153	12010	13782	0.53850010954156857234664812494884
156	12246	13973	0.53613357725190402547355006390717
159	12481	14150	0.53396123956046004366271517938003
162	12717	14329	0.5318162308410658845048146758927
165	12952	14507	0.52975714704566501112026344344486
168	13188	14682	0.52744887895479664052800217177719
171	13423	14873	0.5251564280469949164142917652498
174	13659	15049	0.52315003160175210794591293961275
177	13894	15232	0.52115913232909660823821695885272
180	14130	15406	0.51951468159441416272414926424972
183	14365	15584	0.51750100562355860756014180878992
186	14601	15782	0.51557212661333362557769532941165
189	14836	15956	0.51346039843160617976991488831118
192	15072	16129	0.51131441459512161351597114844481
195	15307	16303	0.50942261719843362488546745225904
198	15543	16481	0.50754942902138233673525746780797
201	15778	16658	0.50534301347917798263864597174688
204	16014	16832	0.50366068446865341901030888038804
207	16249	17033	0.50159041772013301940802421086119
210	16485	17241	0.49973607054894603196615321394347
213	16720	17452	0.49777145727493793403439781286579
216	16956	17716	0.49598672067768595494996475281368
219	17191	18022	0.49447302082502703202138150118117
222	17427	18264	0.49252570533766831806232744384033
225	17662	18438	0.49085216503213541239247774683463
228	17898	18613	0.48914399766735788821492292299808
231	18133	18787	0.48758963475250477470623877707112
234	18369	18965	0.48595734966958470391062974158558
237	18604	19140	0.48426031478731051960195941319398
240	18840	19323	0.4827178585932910270805962227314
243	19075	19499	0.48096155194061374071878844915773
246	19311	19673	0.4793448814128431489933745979215
249	19546	19848	0.47778060924722010049947584775509
252	19782	20022	0.4762016065696070277191154218599
255	20017	20198	0.47461800784656915652703901287168
258	20253	20372	0.47308208964158104947728133993223
261	20488	20547	0.47135057272602903788438766241597
264	20724	20722	0.46991244394572811993171512767731
267	20959	20897	0.46817657900003534221511358737189
270	21195	21074	0.46674343537246892887893068291305
273	21430	21251	0.46539571159337744798989433547831
276	21666	21423	0.46382884982592914591137400748266
279	21901	21598	0.4623125622435239057139710894262
282	22137	21773	0.46100396571555757319060830923263
285	22372	21952	0.45954019766670345381598394851608
288	22608	22127	0.45805972847027898176008875452681
291	22843	22317	0.4567531923959300410587047736044
294	23079	22518	0.45528440869657893497191025744542
297	23314	22761	0.45390885154138638224452506619855
300	23550	22962	0.4526128469060541337221081903408
303	23785	23162	0.4513566127767945634907675866998
306	24021	23374	0.44988496645278508445642273727572
309	24256	23834	0.44861129272148514424145560042234
312	24492	24094	0.44727207897120119239886548712093
315	24727	24357	0.4459068209065474297503328671155
318	24963	24532	0.44463729279411740025196309034072
321	25198	24707	0.44348508400544045526814329605259
324	25434	24880	0.44236505562439293326448819243524
327	25669	25052	0.44113660025876932913035943784053
330	25905	25734	0.43985878790195026555309709692665
333	26140	26493	0.43865323626001462287149479379877
336	26376	27251	0.43748133352107732019220520669478
339	26611	28008	0.43631827356393082517627135530347
342	26847	28790	0.43503224614213786836103281530086
345	27082	29555	0.43391048344200494613076557470777
348	27318	30314	0.43284262968179820774139443528838
351	27553	31039	0.4316245569613448296308888529893
354	27789	31211	0.4303300544681545880543183102418
357	28024	31385	0.42925408357522520930160681018606
360	28260	31559	0.42804473560533640164038615694153
363	28495	31733	0.42680608839489520001109212898882
366	28731	31905	0.42559552551023388522466461836302
369	28966	32079	0.42448514924941976866890058772697
372	29202	32255	0.42343998513670355610116757816286
375	29437	32427	0.42221466514851940798891405393078
378	29673	32600	0.42094303435816393665902523935074
381	29908	32775	0.42000942330200213836732814343122
384	30144	32949	0.41904837681801948567894555708335
387	30379	33123	0.41804243896546011693970967826317
390	30615	33296	0.4168145835479307170778895397234
393	30850	33471	0.41582785174404301997697075421456
396	31086	33647	0.41476120541130306884625156271795
399	31321	33820	0.41377477650318561508413495175773
402	31557	33992	0.41279784232379485020558718133543
405	31792	34165	0.41186138871844391040610844356706
408	32028	34338	0.41074225278135745309526782875764
411	32263	34512	0.40968076823424509624871348023589
414	32499	34684	0.40870326698330211590004523714015
417	32734	34857	0.4077670196991048379153710357059
420	32970	35031	0.40681912372576917169553212261235
423	33205	35205	0.40591412217037231568994570807263
426	33441	35380	0.40492818177539002810760848660721
429	33676	35554	0.40392812687175039254583452930092
432	33912	35729	0.40292766547596875481573874822061
435	34147	35905	0.40212297766687371547433826890483
438	34383	36081	0.40106879629629316186267828925338
441	34618	36256	0.40017045452621824441763465074473
444	34854	36431	0.39929092800689630626820303405111
447	35089	36604	0.39838579457586448251404931397701
450	35325	36778	0.39754579183862936986315617104992
453	35560	36952	0.39661861426337691183263700622774
456	35796	37129	0.3956641937804281639046166674234
459	36031	37304	0.39481306882620514908666109477053
462	36267	37484	0.39388665919711401963709818119241
465	36502	37659	0.39306091026296757773295098559174
468	36738	37832	0.39225519102100236956687240308383
471	36973	38006	0.3914484263924269402679101403919
474	37209	38182	0.39070884181527543166367877347511
477	37444	38355	0.38982541876429749327925833313202
480	37680	38565	0.38904354366553139943363248676178
483	37915	38738	0.38828668966813789653613753216632
486	38151	38928	0.3874952080760694084204942555516
489	38386	39103	0.3866201426730555557043089720537
492	38622	39276	0.3859296005737222201581460012676
495	38857	39449	0.38512197401228182025434421120735
498	39093	39623	0.3843545609585679034836402934161
501	39328	39797	0.38359850297230130289349858685455
504	39564	39971	0.38280120251291199773291396013519
507	39799	40144	0.3819873330197799399243763218692
510	40035	40316	0.38125178907937673500327946385369
513	40270	40489	0.38069862089264477900130145826552
516	40506	40662	0.37995337432894521478843330442032
519	40741	40836	0.37922778466384016171630833014206
522	40977	41010	0.37854993310041440413016289312509
525	41212	41187	0.37785664190270062956500396467163
528	41448	41361	0.37725868560784658889417642058106
531	41683	41534	0.37649123451232946457878369983518
534	41919	41708	0.37595409605473945058307094768679
537	42154	41883	0.375245312083239468403661476259
540	42390	42060	0.37452423604308343607627307392249
543	42625	42236	0.37393801541050242231989386709756
546	42861	42411	0.37325236401040429168318723895936
549	43096	42585	0.37258169423294446032102200661029
552	43332	42760	0.37195565634672561605711393895035
555	43567	42935	0.37127144749627455366791650703817
558	43803	43111	0.37062265274811551085676342154329
561	44038	43285	0.36993853256181130628732489640242
564	44274	43459	0.3692800406279757585714662582177
567	44509	43632	0.36862972628090601157069272630906
570	44745	43805	0.36798515027032491220282395261165
573	44980	43980	0.36726688200826962393819030694431
576	45216	44154	0.36671551571303273586721616084105
579	45451	44329	0.36616791838605206033108174779045
582	45687	44503	0.36549528516328516625222277980356
585	45922	44678	0.36496215209875498830527362770226
588	46158	44854	0.3642609044573844601089263051108
591	46393	45029	0.36370884059484892558700153131213
594	46629	45204	0.36316818592030203349807493395929
597	46864	45379	0.36250461489471180742683031894558
600	47100	45554	0.36190268681487286483999810116075
603	47335	45728	0.36130571241095899015505210627452
606	47571	45903	0.36060676173531208688061155953619
609	47806	46076	0.36003468514711250980653289843758
612	48042	46250	0.35945848521772161276999213441741
615	48277	46426	0.35884902031074694672696523412014
618	48513	46601	0.3582767638843284974115022123442
621	48748	46774	0.35765905551826171482332483719802
624	48984	46949	0.35713675434748531900552848128427
627	49219	47122	0.35657025611400300357800574602152
630	49455	47298	0.35600236705080129384626275168557
633	49690	47473	0.35541725063382645366516499052523
636	49926	47647	0.35482307320009554008066743335803
639	50161	47822	0.35431842298837340488049107989355
642	50397	47996	0.35377007843581409485267386116902
645	50632	48171	0.35317073455420538996563095679448
648	50868	48345	0.35265064673931717509347549821541
651	51103	48520	0.35206001602534492400664589695225
654	51339	48694	0.35156538731758341098654341294605
657	51574	48869	0.35110491776705093913690802764904
660	51810	49043	0.35048314545701569899804894703266
663	52045	49218	0.34985088598586761010622581125062
666	52281	49392	0.3493675837364144109997710074822
669	52516	49566	0.34884338579521745327127746350016
672	52752	49745	0.34833939540727443251455497374991
675	52987	49923	0.34782903006059928685544946347363
678	53223	50098	0.34737829694138827596461283064855
681	53458	50271	0.34690448459828393534820634158677
684	53694	50458	0.34642012254070736476663228131656
687	53929	50632	0.34587110388864128474040171568049
690	54165	50806	0.34540713243780074570565830072155
693	54400	50982	0.34493430999940738468367840141582
696	54636	51158	0.34448842189345818542989263733034
699	54871	51332	0.34397696179535169891394730257161
702	55107	51509	0.34350635486180369770892184533295
705	55342	51684	0.34296544784188770504940180217091
708	55578	51858	0.34253884282334146060833290903247
711	55813	52034	0.34210266555757518069924572046148
714	56049	52208	0.34169234470901183042812476742256
717	56284	52381	0.34119485329189935818305912107462
720	56520	52555	0.34069648158296261808430926976143
723	56755	52731	0.3402867022346549030764606413868
726	56991	52904	0.3398322530928533646843447968422
729	57226	53080	0.33933551575271025946278768969933
732	57462	53257	0.33893841427273313504642260340916
735	57697	53431	0.33853331584124940478730536597141
738	57933	53605	0.3380702298816709583384465531708
741	58168	53779	0.33767882091949275036313338205218
744	58404	53953	0.33725769235602293116826899677108
747	58639	54132	0.33677976806191278758007001670194
750	58875	54309	0.33635999708298175425724707565678
753	59110	54483	0.33593059933966312735620363127964
756	59346	54660	0.33552334897633157018148608585761
759	59581	54834	0.335123485122620023979322922969
762	59817	55010	0.33468351562841075486076647393929
765	60052	55185	0.33428517370590099533345096460835
768	60288	55359	0.33385434314965450885992481744324
771	60523	55533	0.3334047930621085731317521094752
774	60759	55709	0.33299851940889491075381556584034
777	60994	55883	0.332627653228063091539468132396
780	61230	56059	0.33224748732885062141306775629346
783	61465	56234	0.33182961453093673398484497738536
786	61701	56409	0.33137985904225686351054491751711
789	61936	56587	0.33094283780137195849491149601818
792	62172	56764	0.33055357737539609042087818124855
795	62407	56938	0.33014114012798945196891509112902
798	62643	57110	0.32977012077988693272700970737787
801	62878	57283	0.32936482291316770965039495422388
804	63114	57455	0.32899280503685324195117800627486
807	63349	57633	0.32857338641385008815021251393773
810	63585	57806	0.32823328482863750599207719460537
813	63820	57980	0.32788202568407565085095711765462
816	64056	58151	0.32747076147593340289532193310151
819	64291	58324	0.32710902727750273966123017999053
822	64527	58499	0.32674167046391844326791442654212
825	64762	58670	0.32641354459112847941071322566131
828	64998	58876	0.32605277258045362032135017216206
831	65233	59049	0.3256756018536068886248813214479
834	65469	59226	0.3253210875372511967640321017825
837	65704	59401	0.32494381468848743121924371735076
840	65940	59576	0.32457643957673892876059085210727
843	66175	59749	0.32419008615932104477863617830735
846	66411	59922	0.32383649908991990473694499996782
849	66646	60096	0.32349859292490423801069709952571
852	66882	60271	0.32312712832209644631120681879111
855	67117	60444	0.32276739529297937547624997023377
858	67353	60618	0.32247008641698354791671476959891
861	67588	60793	0.32214511241006266173414473996672
864	67824	60969	0.32175159335288416873055439282325
867	68059	61149	0.32136034009065883587652479036478
870	68295	61324	0.32102151480986568232722788707179
873	68530	61498	0.32068777912349244463285913298023
876	68766	61673	0.32035676352553577039827814587625
879	69001	61847	0.31999433009276267991793929468258
882	69237	62020	0.31966205919823303949200976603606
885	69472	62198	0.31937321289470382845721019293705
888	69708	62373	0.3190520469706455419789392635721
891	69943	62551	0.31866455700518248050912006874569
894	70179	62730	0.31833596287452720074995227150794
897	70414	62907	0.3179761833765833434206626861851
900	70650	63083	0.31763862930001479645270023866033
