0	0	607.67100000000004911271389573812	0.47643423974564486078620006992423
3	11497	1221.2400000000000090949470177293	0.011571641341202587582870364713017
6	22995	1837.3889999999998963176039978862	0.00017929740601230204077864982536994
9	34493	2456.6199999999998908606357872486	1.3362378070369551608109759399667e-05
12	45990	3075.3420000000000982254277914762	4.5899968251217337922298611374572e-07
15	57488	3694.1129999999998290149960666895	8.7124618630696204490959644317627e-09
18	68986	4312.0140000000001236912794411182	4.2437231506653461110545322299004e-10
21	80483	4929.6999999999998181010596454144	1.1160267154863845462386962026358e-10
24	91981	5550.1540000000004511093720793724	1.0034359454458297022938495501876e-10
27	103479	6167.506999999999607098288834095	9.9990210555844782902568113058805e-11
30	114977	6784.8689999999996871338225901127	1.0000000827403709990903735160828e-10
