0	0	2537.4149999999999636202119290829	0.46872535477469656761684291268466
3	46757	4897.8980000000001382431946694851	0.90823390879641707762459645891795
6	93514	7281.8950000000004365574568510056	11.697714204458611320092131791171
9	140271	9971.7309999999997671693563461304	0.36312254706226754219500207909732
12	187029	12928.081000000000130967237055302	0.074745454777550290881293904021732
15	233786	15717.379999999999199644662439823	1.4052409741606464166352452593856
18	280543	18467.387999999999010469764471054	0.017229420128954398006015935607138
21	327301	21213.991999999998370185494422913	-0.00011511377914988352166858476266498
24	374058	23906.165000000000873114913702011	0.0035232654858637912909102851699572
27	420815	26612.890999999999621650204062462	0.0031122484002746864106825341877993
30	467573	29319.627000000000407453626394272	1.0000000827403709990903735160828e-10
