0	0	0	0.6931471805595997848215006342798
3	1675	16	0.53650414656714795480496604795917
6	3351	33	0.49846817549641730948906115372665
9	5027	50	0.47538866563546133825468587019714
12	6703	67	0.45720900184337859295524708613812
15	8379	84	0.44342794083394149184940147279121
18	10055	100	0.43238054428253092087430786705227
21	11730	117	0.42297698366038605222172463982133
24	13406	136	0.41524912044051254245147219990031
27	15082	156	0.40862263869889048351069504860789
30	16758	175	0.4032611692173947437467518284393
33	18434	195	0.39876825273979199515395066555357
36	20110	214	0.39464067370972971682263619186415
39	21785	234	0.39100491779330731612063232205401
42	23462	253	0.38775893572563302491573722363682
45	25137	273	0.38500843308646481855106458169757
48	26813	289	0.38264580638490869324286336450314
51	28489	306	0.38033366569317811345385393906326
54	30165	323	0.37823178447776167887539600087621
57	31841	340	0.37628333271052272213097467101761
60	33517	357	0.37458921921677462707478412085038
63	35192	374	0.37313120582318776152774830734415
66	36868	390	0.37163748786763878273475825153582
69	38544	407	0.37025351853992960471373407926876
72	40220	428	0.36892742245331555661636002696468
75	41896	448	0.36775095034753124689785863665747
78	43572	467	0.36674819904493322075822447914106
81	45247	487	0.36569244275405682342849900123838
84	46923	507	0.36469101108730495042209440725856
87	48599	526	0.36371892986469867015131285370444
90	50275	546	0.36284069238298860549107871520391
93	51951	566	0.36210899970111160017793849874579
96	53627	585	0.36131803290752467772151135250169
99	55302	602	0.36055568098465551329923073353712
102	56979	619	0.35980747984233529823683284121216
105	58654	636	0.35912089170671146476365720445756
108	60330	652	0.35855818756883478526376052286651
111	62006	669	0.35794348016496446707179757140693
114	63682	686	0.35734278992489926229936259005626
117	65358	703	0.35674843011381146551386223109148
120	67034	719	0.35619324568423715859921685478184
123	68709	736	0.35574582207772714737004093876749
126	70385	756	0.3552528370281799463548111361888
129	72061	775	0.35476470330694737098653490647848
132	73737	795	0.35427460186267367703294439706951
135	75413	815	0.35381332123933068034560278647405
138	77089	835	0.35345031117354519523132694303058
141	78764	854	0.35304801689500686645573068744852
144	80440	874	0.3526429521286900681253939637827
147	82116	893	0.35223737642041219597643930683262
150	83792	910	0.35185106021506912243879128254775
153	85468	926	0.35155107093143977969873503752751
156	87144	944	0.35121632076825592960744870651979
159	88819	960	0.35087315048312667231655836985738
162	90496	977	0.35052965369498506609247101550864
165	92171	994	0.35020138675653683657529313677514
168	93847	1011	0.34994897464412699772395853869966
171	95523	1027	0.34966856774558269238539764955931
174	97199	1044	0.34937780629377507279897940861701
177	98875	1060	0.34908365612916930631470791013271
180	100551	1075	0.34880152251259460838284098826989
183	102226	1090	0.34858902036884792385862397168239
186	103902	1104	0.34835110827033932690000028742361
189	105578	1119	0.34809829620287346951812423867523
192	107254	1134	0.34784396549061369352529027310084
195	108930	1148	0.34760007321056468621023327614239
198	110606	1163	0.34741854315147635556826344327419
201	112281	1178	0.34721519171933445946365281997714
204	113957	1193	0.34699612202919000170098229318683
207	115633	1209	0.34677420662320468380812599207275
210	117309	1226	0.34656107692389520602560537554382
213	118985	1243	0.34640320099032545497763635466981
216	120661	1260	0.34622880401473821176949741129647
219	122336	1277	0.34603556745106034409076301017194
222	124013	1294	0.34584222360534128126730024632707
225	125688	1310	0.34565589186193418358428175451991
228	127364	1327	0.34551929582965279497130950403516
231	129040	1344	0.34536849652551426803626100081601
234	130716	1361	0.34519807371069910484351339619025
237	132392	1376	0.34502802917363384338500509329606
240	134068	1390	0.34486457227184658114182980170881
243	135743	1405	0.34474498235915895794079233382945
246	137419	1420	0.34461305581436579847931511721981
249	139095	1435	0.34446071999011135256196780574101
252	140771	1450	0.34430967445368249046921960143663
255	142447	1467	0.34416444931280848473775790807849
258	144123	1482	0.34406046056859468373900767801388
261	145798	1497	0.34394508360805770008639115076221
264	147474	1511	0.34380828282201264523010308948869
267	149150	1528	0.34367412854912704478493878923473
270	150826	1545	0.34354398003513247905615912713984
273	152502	1562	0.3434519253091253832010920632456
276	154178	1578	0.34335115564469786963996966733248
279	155853	1595	0.34322857335145301460599398524209
282	157530	1612	0.34310760580983468148730253233225
285	159205	1628	0.34299021118252853712604633074079
288	160881	1645	0.34290913051189009230768078850815
291	162557	1662	0.34281920856312836365376028879837
294	164233	1685	0.34270968583709471300124960180256
297	165909	1709	0.34260232583148536589234822713479
300	167585	1733	0.34249848920631148496696027905273
303	169260	1757	0.3424250610231061031640820147004
306	170936	1780	0.34234611469359765845155152419466
309	172612	1804	0.34224722171650140412069163176056
312	174288	1824	0.34214920751883681759863975457847
315	175964	1844	0.34205395661828075226651435514214
318	177640	1863	0.34198948883743146565095116784505
321	179315	1882	0.34191907702022444892620001155592
324	180991	1902	0.34182805816830708067755040246993
327	182667	1921	0.34174023279863569024783487293462
330	184343	1941	0.34165431902818566012314249746851
333	186019	1961	0.34159688815915489890073786227731
336	187695	1980	0.34153391882952399694062251001014
339	189370	1997	0.34145081159022683259252062271116
342	191047	2014	0.34137173150184790815231394844886
345	192722	2031	0.34129320784312444647667916797218
348	194398	2050	0.34124232905506729496281081992493
351	196074	2067	0.34118605643071497901530619856203
354	197750	2084	0.34111045802313583186204937192088
357	199426	2101	0.34103761543687322044249299324292
360	201102	2117	0.34096727164373724638934959330072
363	202777	2134	0.340919598431734305332696521873
366	204453	2149	0.34087080252999846230466118868208
369	206129	2164	0.34079989897693929723487826777273
372	207805	2179	0.34073315454091768206268397989334
375	209481	2194	0.34066784763140345315690638017259
378	211157	2209	0.3406255269288570586283526608895
381	212832	2224	0.34058071080423485410548778418161
384	214508	2239	0.34051749676011749956572316477832
387	216184	2253	0.34045611332409703164714187550999
390	217860	2268	0.34039599849943191767209782483405
393	219536	2286	0.34035749998775621794067092196201
396	221212	2303	0.34031827890259147562090902283671
399	222887	2320	0.34025923693099946465423499830649
402	224564	2337	0.34020265751359451966706615166913
405	226239	2356	0.34014739182817060880736903527577
408	227915	2375	0.34011273331304059386326343883411
411	229591	2396	0.34007794345777619948734127319767
414	231267	2414	0.34002249673948709007831325834559
417	232943	2429	0.3399702194972889501833890335547
420	234619	2444	0.33991840397779532478850228471856
423	236294	2459	0.33988722769765639108996424511133
426	237970	2473	0.33985562695111981579287885324447
429	239646	2488	0.33980326469868293859377672561095
432	241322	2503	0.33975502757551606647368203084625
435	242998	2518	0.33970921911573653817484341743693
438	244674	2533	0.33968078649392202672530061136058
441	246349	2548	0.33965173665476844355737284786301
444	248025	2563	0.33960323448435086879371169743536
447	249701	2580	0.33955847089629892510131980998267
450	251377	2600	0.33951427396573602424112436892756
453	253053	2617	0.33948762874438187520098608729313
456	254729	2634	0.33946143175087051258032033729251
459	256404	2650	0.33941692947571328042855043349846
462	258081	2668	0.33937523396635660422049340922968
465	259756	2686	0.33933481168819767948008347957511
468	261432	2703	0.33931196759949666663658263132675
471	263108	2720	0.33928851731877684994032051690738
474	264784	2736	0.33924675731713727078187048391555
477	266460	2752	0.33920783034253243481970230277511
480	268136	2767	0.33917017532685728165020577762334
483	269811	2781	0.3391494728118281676287892878463
486	271487	2796	0.33912808173214881168888723550481
489	273163	2811	0.33908935970547704474853389911004
492	274839	2826	0.33905270651406049786658059019828
495	276515	2841	0.33901779959697120325756714009913
498	278191	2856	0.33899755241522311344226636720123
501	279866	2874	0.33897978357559616080507680635492
504	281542	2891	0.33894125168462047037465367793629
507	283218	2907	0.33890851171500691041416075677262
510	284894	2924	0.33887631036101290016304687924276
513	286570	2941	0.33885831203164112901404791955429
516	288246	2958	0.33884191957922393800828331222874
519	289921	2976	0.33880460373232307302870935927785
522	291598	2992	0.33877406228918055530741071379452
525	293273	3009	0.33874411720561942162888158236456
528	294949	3025	0.33872720542477768868039333938214
531	296626	3039	0.33871226545860039225388504746661
534	298302	3054	0.33867765812160682825648905236449
537	299978	3069	0.33864897579025049489942489344685
540	301654	3084	0.33862094606312914679691061792255
543	303329	3100	0.33860572832660379427593966283894
546	305005	3114	0.33859266519068798029223898993223
549	306681	3130	0.33856019750475663254718483585748
552	308357	3145	0.33853271532344436645090013371373
555	310033	3160	0.33850600806759240102294938878913
558	311709	3176	0.33849213095372743254074521246366
561	313384	3193	0.33848074188283205909755224638502
564	315060	3210	0.33845002679692554048429542490339
567	316736	3227	0.33842388238591430971169415897748
570	318412	3244	0.33839883340610421580407773944899
573	320088	3266	0.3383851263659695685070971649111
576	321764	3283	0.33837476991551468374908040459559
579	323439	3300	0.33834618693676205003484369626676
582	325116	3315	0.33832250487493364943247797782533
585	326791	3330	0.33829894700002716145803560721106
588	328467	3345	0.33828716609892722777530593702977
591	330143	3360	0.33827801216402902939606178733811
594	331819	3375	0.33824988407362188702620642288821
597	333495	3390	0.33822736617340681819499081939284
600	335171	3405	0.33820532754356774640669414111471
603	336846	3420	0.33819448467753898679433177676401
606	338522	3435	0.33818722049997562706380449526478
609	340198	3451	0.33815905237208482292388112000481
612	341874	3468	0.338137882432799075083096340677
615	343550	3485	0.33811724455154806845413872906647
618	345226	3502	0.33810732887148492453732728790783
621	346901	3519	0.33810186466235403468516551583889
624	348577	3536	0.33807572543818309451779668961535
627	350253	3553	0.33805564991013720144152898683387
630	351929	3570	0.3380356413983650609722531044099
633	353605	3591	0.33802664798356257813694014657813
636	355281	3606	0.33802091122795951960711136052851
639	356956	3621	0.33799510130820548114982670995232
642	358633	3637	0.33797653760601220618298157205572
645	360308	3652	0.33795816294094643827961021997908
648	361984	3667	0.33794992089799891221701955146273
651	363660	3682	0.33794518325803651892513812526886
654	365336	3696	0.33792070291141307336602039868012
657	367012	3711	0.33790405236628773266716052603442
660	368688	3726	0.33788636709936437085843863314949
663	370363	3741	0.33787835377681019188855771062663
666	372039	3758	0.33787452493861747093717440293403
669	373715	3775	0.33785167333501359143710374155489
672	375391	3792	0.33783471123977937278226590933627
675	377067	3813	0.33781774072976994416350748906552
678	378743	3830	0.33780905133919575389356282357767
681	380418	3847	0.33780681753839991721122260059929
684	382094	3864	0.33778547757788657257549402856966
687	383770	3881	0.33776907357471314119479188775585
690	385446	3898	0.3377543276027308860598452611157
693	387122	3922	0.33774637977631755125784707161074
696	388798	3945	0.33774420152637690817343241178605
699	390473	3968	0.337723493780129613295315493815
702	392150	3995	0.33770886060588284349748278145853
705	393825	4018	0.33769271092062308481374088842131
708	395501	4042	0.33768633996887092996175283587945
711	397177	4062	0.33768471199601679533230935703614
714	398853	4082	0.33766553327231935144325802866661
717	400529	4103	0.33765040168411686316574105148902
720	402205	4123	0.33763604762228621725128618891176
723	403880	4142	0.3376300534724906987626980026107
726	405556	4162	0.33762909629397352961888145728153
729	407232	4183	0.33760876484396401542298349340854
732	408908	4204	0.33759538518004972296182586433133
735	410584	4220	0.33758179045436470522290051121672
738	412260	4237	0.33757650331309613234154198835313
741	413935	4254	0.33757627605985091046036927764362
744	415611	4270	0.33755657982868236821616392262513
747	417287	4287	0.33754339900034152632812833871867
750	418963	4304	0.33753056440729306553194533080386
753	420639	4321	0.33752563816630981596844662817603
756	422315	4338	0.33752590328411563591615163204551
759	423990	4355	0.33750631351822407699714290174597
762	425667	4370	0.33749403701200930694170665447018
765	427342	4384	0.33748181697041917947998967974854
768	429018	4399	0.33747734781228272415987134991155
771	430694	4413	0.3374777777513832677236393919884
774	432370	4428	0.33745911917776505450916602057987
777	434046	4443	0.33744732758690015872460321588733
780	435722	4458	0.33743576774283390307118679629639
783	437397	4473	0.33743137483970281342848807071277
786	439073	4488	0.33743212741584799330141208884015
789	440749	4502	0.33741470494562630921819845752907
792	442425	4519	0.33740364548089307739076048164861
795	444101	4536	0.33739250950583443700026009537396
798	445777	4552	0.33738838353294398064718961904873
801	447452	4569	0.3373909189146749310062034510338
804	449128	4586	0.33737416388596297434077087018522
807	450804	4603	0.33736323666103584795195047263405
810	452480	4619	0.33735227041994986230122322012903
813	454156	4636	0.33734937863083164222288701239449
816	455832	4653	0.33735189636304019344947846548166
819	457507	4677	0.33733272709492811980425130968797
822	459184	4700	0.33732307219259843877878779494495
825	460859	4724	0.33731312160053261717251871232293
828	462535	4747	0.33731041105231623911109295477218
831	464211	4771	0.33731276023552919651748993601359
834	465887	4795	0.33729643042159401788993022819341
837	467563	4818	0.33728623981994115821336777116812
840	469239	4838	0.33727541255702991884746211326274
843	470914	4857	0.33727362913773878405621076126408
846	472590	4877	0.33727617076782817617797149978287
849	474266	4896	0.33726138690730150804242271078692
852	475942	4916	0.33725091216000907534677821786318
855	477618	4935	0.33724074409363702375941329592024
858	479294	4955	0.33723818815863321196601987139729
861	480969	4975	0.33724092982301145937640285410453
864	482645	4991	0.33722658863654320082758886201191
867	484321	5008	0.33721754113233448624242782898364
870	485997	5025	0.33720851616157060393064170966682
873	487673	5041	0.33720497649033948084351663965208
876	489349	5058	0.3372089290758950030912899364921
879	491024	5075	0.33719420101682184842672995728208
882	492701	5092	0.33718503060103999224850213067839
885	494376	5109	0.33717645112327992995560066447069
888	496052	5125	0.33717386889443934361310084568686
891	497728	5140	0.33717751287819303085413480403076
894	499404	5155	0.33716280698819006689248567454342
897	501080	5169	0.33715452098661119473277381075604
900	502756	5184	0.33714587642508908604810358156101
