0	0	0	0.6931471805595997848215006342798
3	8157	33	0.53284675950535953514730636015884
6	16315	63	0.49534626770397588435557167940715
9	24473	92	0.47262644123112745875303630782582
12	32631	126	0.45545028558322198097840782793355
15	40789	159	0.44194257961188948558017841605761
18	48947	206	0.43100156706550030172309107001638
21	57104	246	0.42204133199809940046876022279321
24	65262	285	0.41457913015800190725812512937409
27	73420	319	0.40830234604642801077289959721384
30	81578	353	0.40293144966229083037134728328965
33	89736	383	0.39832610542712176826540826368728
36	97894	413	0.39428856880672813467469950410305
39	106052	449	0.39076136623143886694720094965305
42	114209	486	0.3876343788393410982884290660877
45	122367	534	0.38485722393033966470810014470771
48	130525	574	0.3823638263699064010481265540875
51	138683	615	0.38012069676875176460484340168478
54	146841	648	0.37807761762718766762603195275005
57	154999	683	0.37621215911285277311293384627788
60	163157	714	0.37450432796548921432489009930578
63	171314	749	0.37293130557754633480627148856001
66	179472	783	0.37147444331308815401726519667136
69	187630	814	0.37012341419990602009448821263504
72	195788	844	0.36886428485781225239392711046094
75	203946	878	0.36768958250736966109073478037317
78	212104	914	0.36659121174666731146629672366544
81	220262	944	0.36555722088869896380103341471113
84	228419	975	0.36458416763814077699024096546054
87	236577	1008	0.36366588762046803129379668462207
90	244735	1042	0.3627995410698566791651842322608
93	252893	1072	0.36197838545566546342158176230441
96	261051	1103	0.36119980048071176348400967981433
99	269209	1137	0.36045972699026102015196215688775
102	277366	1167	0.35975595219242217925881277551525
105	285524	1197	0.35908533043959611763540351603297
108	293682	1231	0.35844547585607150486097793873341
111	301840	1266	0.35783567487431094944483334074903
114	309998	1295	0.35725285176752358262675102196226
117	318156	1325	0.35669405383027724676381353674515
120	326314	1359	0.35615804163784925417957083482179
123	334471	1393	0.35564560646761383955194446571113
126	342629	1424	0.35515206295595463936720648234768
129	350787	1454	0.354677787996281190796565851997
132	358945	1489	0.35422241360929435094462291999662
135	367103	1520	0.35378564620712832367033229274966
138	375261	1551	0.3533631265167801460691521242552
141	383419	1585	0.35295893667363797963076876840205
144	391576	1619	0.35256747127228332816528677540191
147	399734	1650	0.3521905149928188927255234830227
150	407892	1680	0.35182608918116103913220626964176
153	416050	1714	0.35147378466747536407410734682344
156	424208	1748	0.35113343864766566326807151199318
159	432366	1779	0.35080415582269403040882593813876
162	440524	1810	0.35048672683003961880743304391217
165	448681	1844	0.35017886753969490465365765885508
168	456839	1878	0.34988074012512809796149326757586
171	464997	1908	0.34959229296239668904888731049141
174	473155	1939	0.34931316340292822841817610424187
177	481313	1973	0.34904316857491302084071094213868
180	489471	2024	0.34878055207206054566526631788292
183	497628	2075	0.34852704048731708574848653370282
186	505786	2115	0.3482803685329336484954865227337
189	513944	2149	0.34804062347422520806716761399002
192	522102	2184	0.34780772806479914871502501227951
195	530260	2213	0.3475818227205552668479526801093
198	538418	2244	0.34736249473662456077605042992218
201	546576	2278	0.34714936735910123521975378935167
204	554733	2313	0.34694200270140346242797591003182
207	562891	2344	0.34674047591655576816549455543282
210	571049	2374	0.34654458966004303421826193698507
213	579207	2409	0.3463538089043726175830784086429
216	587365	2446	0.3461682219449537800670668730163
219	595523	2476	0.34598757368985399995864327138406
222	603681	2507	0.34581180948898532223623192294326
225	611839	2542	0.3456408202531385809308517309546
228	619997	2572	0.3454741550979379405283964388218
231	628155	2602	0.34531279960254096517147104350443
234	636313	2636	0.34515438192072411816013755014865
237	644471	2671	0.34500003460624190099181873847556
240	652629	2701	0.34485051473496453056100108369719
243	660786	2731	0.3447036923096852278902701982588
246	668944	2765	0.34456045697863207921685102519405
249	677102	2799	0.34442072899442566225047812622506
252	685260	2828	0.34428445336611257499015437133494
255	693418	2858	0.34415147803611978449822572656558
258	701576	2892	0.34402259899440867929598653063294
261	709734	2925	0.34389586140935285429875989393622
264	717891	2973	0.34377115795428853095572208076192
267	726049	3012	0.34365025993065440035323376832821
270	734207	3056	0.34353217888824066905684162520629
273	742365	3090	0.34341661322217914564802754284756
276	750523	3124	0.34330381556314171209720598199056
279	758681	3154	0.34319352156502064277177055373613
282	766839	3183	0.34308586062908680291982932430983
285	774996	3217	0.34298051181096683714955020150228
288	783154	3251	0.34287753615454030775566707234248
291	791312	3281	0.34277667764065261613026791565062
294	799470	3311	0.34267907617492765481870264920872
297	807628	3345	0.34258251554199536936806680387235
300	815786	3379	0.34248902123844021661014380697452
303	823944	3425	0.34239662948217647331361490614654
306	832101	3465	0.34230618864512241117381563526578
309	840259	3504	0.34221762459275878454079133916821
312	848417	3538	0.3421309035607965620684467467072
315	856575	3572	0.34204599048623612889130640724034
318	864733	3612	0.34196274260947384648900992942799
321	872891	3651	0.34188122491013794856939966848586
324	881049	3684	0.34180139597594799694135758727498
327	889206	3721	0.34172312750811772996684112513321
330	897364	3761	0.34164644579444897187769925039902
333	905522	3794	0.34157127776245910233399172284408
336	913680	3828	0.34149759429313464309529990714509
339	921838	3867	0.34142538386848536591244851479132
342	929996	3907	0.34135555703623843282201733018155
345	938153	3941	0.34128610557523730850704168915399
348	946311	3974	0.34121799227297350265430964100233
351	954469	4005	0.34115114435039461948662165013957
354	962627	4034	0.34108559415067396525245158045436
357	970785	4068	0.34102227615852453990186177179567
360	978943	4102	0.34095919242754607614287465366942
363	987101	4148	0.34089828105744224284734400498564
366	995258	4187	0.34083747694271365746843116539821
369	1003416	4227	0.34077782116010163493413642754604
372	1011574	4261	0.34071921986327624587431728286901
375	1019732	4295	0.34066174646538271986173640470952
378	1027890	4334	0.34060527032704318584066527364485
381	1036048	4368	0.34054982240619985356389065600524
384	1044206	4402	0.34049535565503502576589767159021
387	1052363	4442	0.34044286690014219365352232671285
390	1060521	4481	0.34039030890421195785222607810283
393	1068679	4515	0.34033866797745837562416681976174
396	1076837	4549	0.34028795885098134244017842320318
399	1084995	4589	0.34023810406887117219199012652098
402	1093153	4624	0.34019014697434502014772306210943
405	1101311	4658	0.34014201074709304872811799214105
408	1109468	4688	0.34009468957150257306665253054234
411	1117626	4718	0.34004817803148046362338163817185
414	1125784	4752	0.34000247254944304664547871652758
417	1133942	4785	0.33995851968826962252734347202932
420	1142100	4815	0.33991433466315240652377838159737
423	1150258	4845	0.33987088803003162595928188238759
426	1158415	4879	0.33982816184114184032694083725801
429	1166573	4913	0.3397861379673738357887202710117
432	1174731	4960	0.3397448022093079167404994223034
435	1182889	5009	0.3397041432362075119577582427155
438	1191047	5050	0.3396651211424413507877773099608
441	1199205	5087	0.33962577574090213605728649781668
444	1207363	5121	0.33958704625302466029168613204092
447	1215520	5151	0.33954898517650711209370228971238
450	1223679	5182	0.33951051470755638783671770397632
453	1231837	5219	0.33947361631269656889742236671736
456	1239995	5252	0.33943728259233502120295611348411
459	1248153	5283	0.33940152819037838760607428412186
462	1256311	5312	0.33936634925033082321732536001946
465	1264469	5347	0.3393317046657560176470269652782
468	1272626	5378	0.33929860760629043658909154146386
471	1280784	5408	0.3392650279349013753282804373157
474	1288942	5442	0.33923193773421239649579206343333
477	1297100	5476	0.33919937935733462941456650696637
480	1305258	5508	0.33916830366000272345416988173383
483	1313416	5538	0.33913671723519145384528883369057
486	1321573	5574	0.33910560640747272609374363128154
489	1329731	5608	0.33907497593331448193509913835442
492	1337889	5639	0.33904479422784694619963374861982
495	1346047	5671	0.33901506577236711903466925832618
498	1354205	5705	0.33898578383225680399348789251235
501	1362363	5739	0.33895692817536710039760805557307
504	1370521	5769	0.33892849226465582290757083683275
507	1378678	5800	0.33890148114272272694691423566837
510	1386836	5835	0.33887387691528625399683960495167
513	1394994	5869	0.33884667582968475141314002030413
516	1403152	5899	0.3388198630976066993980566621758
519	1411310	5928	0.33879342001468987222168038897507
522	1419468	5962	0.33876735873401619958400488030748
525	1427626	5995	0.33874167816628769633879869616067
528	1435783	6025	0.33871634707964770605315152351977
531	1443941	6056	0.33869137382595476681856894174416
534	1452099	6090	0.33866675721656352981980830918474
537	1460257	6138	0.33864249104808580304037946007156
540	1468415	6185	0.33861856473209733797702369884064
543	1476573	6225	0.33859497293303703058242604129191
546	1484731	6259	0.33857168902128814691465663599956
549	1492888	6295	0.338548729523388269857520072037
552	1501046	6327	0.33852610578111302919168679181894
555	1509204	6359	0.33850377907589351833550495030067
558	1517362	6394	0.3384817567250848480142622065614
561	1525520	6429	0.33846004489938302794982405430346
564	1533678	6459	0.33843863709359733871195885512861
567	1541835	6489	0.33841751605850717288248574732279
570	1549993	6523	0.33839666409683660797114157503529
573	1558151	6557	0.33837608882160719048215469229035
576	1566309	6587	0.33835578631673851601746605410881
579	1574467	6616	0.33833674951390119156613423001545
582	1582625	6650	0.33831698726069669991289856625372
585	1590783	6684	0.33829748780943230679341127142834
588	1598940	6730	0.33827824423372937490128720128268
591	1607098	6770	0.33825924600486712012781254088623
594	1615256	6810	0.33824049873253619891144694520335
597	1623414	6844	0.33822199613498049597382077990915
600	1631572	6878	0.33820373627354782808396294058184
603	1639730	6908	0.33818570898190497553414957110363
606	1647888	6942	0.33816791956841024680002760760544
609	1656045	6976	0.33815035723879816043080381859909
612	1664203	7006	0.33813300729322970372692225282663
615	1672361	7036	0.33811588854334567733062044680992
618	1680519	7070	0.33809997857131135479136219146312
621	1688677	7107	0.33808328004928489551872416996048
624	1696835	7155	0.33806679329496458485948551242473
627	1704993	7204	0.33805052133452795359858100709971
630	1713150	7244	0.33803444800408943837766173601267
633	1721308	7278	0.33801858103780008102390297608508
636	1729466	7312	0.33800290599258353552158951060846
639	1737624	7351	0.33798742834110034882755257967801
642	1745782	7390	0.3379721422777421380168050291104
645	1753940	7424	0.33795704670936876912179513965384
648	1762098	7457	0.33794213618767576789991835539695
651	1770255	7498	0.33792741472588433415680242433154
654	1778413	7532	0.33791386924510796729848038921773
657	1786572	7568	0.33789949667703544911034896358615
660	1794730	7600	0.33788530300802388506298257198068
663	1802888	7630	0.33787127527301835661077689110243
666	1811046	7665	0.33785741400274771351064373448025
669	1819203	7700	0.33784371854542510904551022576925
672	1827361	7729	0.33783019346917408931574300368084
675	1835519	7759	0.33781682505698307217301135096932
678	1843677	7794	0.33780362255407919702676622364379
681	1851835	7828	0.33779057284241115199918681355484
684	1859993	7876	0.33777768007900199620507919462398
687	1868151	7915	0.3377649359175869392402091762051
690	1876308	7955	0.33775234402890941254327117349021
693	1884466	7989	0.33773990114889773650475035537966
696	1892624	8023	0.33772760250297612083514309233578
699	1900782	8053	0.33771544947799642111263551669254
702	1908940	8084	0.33770343414043113572375887088128
705	1917098	8117	0.33769155215608798181747829403321
708	1925256	8147	0.33767981374500111169112415154814
711	1933413	8177	0.33766921332021448964866294772946
714	1941571	8214	0.33765774322581937338938473658345
717	1949729	8247	0.33764640362743914003829104331089
720	1957887	8295	0.337635197167627632008901628069
723	1966045	8347	0.33762411467062630743285467360693
726	1974203	8387	0.33761315482875464688561351067619
729	1982360	8421	0.33760232188704314415517160341551
732	1990518	8455	0.33759161753291155871892215145635
735	1998676	8485	0.33758103007863105027297478955006
738	2006834	8515	0.3375705599065442763517808089091
741	2014992	8548	0.33756020702009476019966882631707
744	2023150	8582	0.33754997090962790551316174969543
747	2031308	8634	0.33753984755812699303234580838762
750	2039465	8674	0.33752983628896893186777106166119
753	2047623	8713	0.33751993620151421460207075142534
756	2055781	8746	0.33751014404698914672664500358223
759	2063939	8780	0.33750046204095790480792516063957
762	2072097	8810	0.3374908915709077805722415632772
765	2080255	8840	0.33748141991841151821063249371946
768	2088413	8874	0.33747205460824053480095585655363
771	2096570	8909	0.33746278850661570736235717049567
774	2104728	8956	0.33745362460100353230174619056925
777	2112886	8995	0.33744456039254983048536473688728
780	2121044	9034	0.33743560114640941405284024767752
783	2129202	9068	0.3374267300619419596152681606327
786	2137360	9102	0.33741795682190672822642341088795
789	2145518	9133	0.33740927471493764588927888325998
792	2153675	9162	0.33740068960968394584654106438393
795	2161833	9196	0.33739219706715845026323563615733
798	2169991	9231	0.33738379263338125202409401026671
801	2178149	9260	0.3373764805185812121202104663098
804	2186307	9290	0.33736825635265493827930072257004
807	2194465	9324	0.33736011712328345391043171730416
810	2202622	9354	0.33735206386724259086662414119928
813	2210780	9386	0.33734409780711760440397029015003
816	2218938	9420	0.33733621286556136897871738256072
819	2227096	9454	0.33732841026764825986816731528961
822	2235254	9501	0.3373206917504196211687883533159
825	2243412	9548	0.33731305426955909831931990083831
828	2251570	9590	0.33730549425280598185850067238789
831	2259727	9624	0.33729801303410700263896160322474
834	2267885	9657	0.33729061071776567093394305629772
837	2276044	9688	0.33728328221363235162044702519779
840	2284202	9718	0.33727603139599782178237319385516
843	2292360	9752	0.3372688559157650534103822792531
846	2300518	9785	0.33726175228973881425886816032289
849	2308676	9815	0.33725472222276930978068776312284
852	2316833	9845	0.33724776412618145959854132343025
855	2324991	9878	0.33724087600308844114849193829286
858	2333149	9912	0.33723406095645408475647286650201
861	2341307	9960	0.33722631123137025710434500069823
864	2349465	10005	0.33721963226592444051732400112087
867	2357623	10044	0.33721302022105664741857822264137
870	2365781	10078	0.33720647472958348300764441773936
873	2373938	10113	0.33719999450629439818882815416146
876	2382096	10143	0.33719457932322349780207559888368
879	2390254	10172	0.33718822891238509065203743375605
882	2398412	10205	0.33718194332967382775834153108008
885	2406570	10238	0.3371757204113061123784689243621
888	2414728	10286	0.33716955792225916654913930869952
891	2422885	10326	0.33716345499000233143505056432332
894	2431043	10366	0.33715741449840286314554305135971
897	2439201	10400	0.33715143186871532332560263967025
900	2447359	10434	0.33714551014664806416476494632661
