0	0	0	0.6931471805595997848215006342798
3	8084	14	0.53252723034091986598070889158407
6	16168	31	0.49524800522396783541978493303759
9	24252	47	0.47270333071612102848746417294024
12	32336	71	0.45546536622446948117115539389488
15	40420	90	0.44194263255089727415736433613347
18	48504	110	0.43093929807608544191310784299276
21	56588	127	0.42194310234451465335681064061646
24	64672	143	0.41441720760117878308292915789934
27	72756	163	0.4081435270335477816239233561646
30	80840	182	0.40276232941887585292661810854042
33	88924	199	0.39814952510143974961920321220532
36	97008	216	0.39413994876985491977450237754965
39	105093	230	0.39061863018175491113481712091016
42	113177	245	0.3875119485749022874010449868365
45	121261	262	0.38473490857045755664245234584087
48	129345	279	0.38225712577254494783929317236471
51	137429	294	0.38001564675064053444586420482665
54	145513	308	0.37798236511149529981423711433308
57	153597	325	0.37612699390073567329295656236354
60	161682	340	0.37442755069086147701185041114513
63	169766	355	0.37286269894654128220778943614278
66	177850	370	0.3714138668097571871484774419514
69	185934	387	0.3700638494011453394350041889993
72	194018	402	0.368809995801153422956275562683
75	202102	417	0.36764201880192454163776005771069
78	210186	433	0.36654523109228070998355519805045
81	218270	450	0.36551685433822012072369034285657
84	226354	465	0.36454592613063735440093182660348
87	234438	479	0.36363209958596059978574999149714
90	242522	496	0.36276700374028203466281183864339
93	250606	513	0.36194719063470603970245065283962
96	258690	528	0.3611718094664927436454604503524
99	266774	543	0.36043288501414150193369323460502
102	274858	560	0.3597317915765018137008723897452
105	282942	577	0.3590631520646421770415201990545
108	291026	605	0.35842572323558080649164025999198
111	299110	629	0.35781667520664001136410092840379
114	307194	648	0.35723659144985997482280026815715
117	315279	665	0.35667842606263239213504334657046
120	323363	682	0.35614623703444275859553158625204
123	331447	702	0.35563343101861999429047500598244
126	339531	721	0.3551419674391727010487329607713
129	347615	738	0.35466948141353438206380133124185
132	355699	755	0.35421523022204842723326123632432
135	363783	774	0.35377848715747806096487693139352
138	371867	794	0.3533572097703370773480457955884
141	379951	811	0.35295255696940719403187358693685
144	388035	827	0.3525619242740978820371822166635
147	396119	842	0.35218605039922040722544238633418
150	404203	857	0.35182170952954588960537307684717
153	412287	874	0.35147111672064240694979275758669
156	420371	900	0.35113182737017201162643686984666
159	428455	924	0.35080327369449509911092377478781
162	436539	943	0.35048666300820380259395392386068
165	444623	963	0.35017933356021924140577539219521
168	452707	980	0.34988203098034537097404950145574
171	460791	999	0.34959413346784462550687067050603
174	468876	1019	0.34931475765948677425498658521974
177	476960	1036	0.3490451683452115427819251181063
180	485044	1053	0.34878404566445014856057582619542
183	493128	1072	0.34852923945835589947250809927937
186	501212	1092	0.34828248024782504366214652691269
189	509296	1108	0.3480432392209166780894236126187
192	517380	1125	0.3478104924969863676054160350759
195	525464	1140	0.34758495627129176730463200328813
198	533548	1155	0.34736596083187409877979234806844
201	541632	1172	0.34715282590360185821509730885737
204	549716	1189	0.34694591985305639481040884675167
207	557800	1212	0.34674433210213645439878860088356
210	565884	1232	0.34654839055043096252006762370002
213	573968	1252	0.3463578439008528353504345886904
216	582052	1270	0.34617219891146050469998840526387
219	590136	1287	0.34599172749046908093006891249388
222	598220	1302	0.34581593565453405680898413265822
225	606304	1320	0.34564484832330444330494856330915
228	614388	1336	0.34547793352302041958168388191552
231	622472	1353	0.34531640714520089874284280995198
234	630557	1377	0.34515835737954564388374478767219
237	638641	1396	0.34500410974604694969158913409046
240	646725	1416	0.34485449074994489748746673285495
243	654809	1433	0.34470769528127320757704410425504
246	662893	1450	0.34456455775728944690428079411504
249	670977	1469	0.34442478018050343147038461211196
252	679061	1489	0.34428859378628129395139012558502
255	687145	1505	0.34415564748991978039072137107723
258	695229	1520	0.34402682429439374045543331703811
261	703313	1535	0.34390016832416347991596694555483
264	711397	1550	0.34377621477199410415792613093799
267	719481	1567	0.34365516560264547374359267450927
270	727565	1590	0.34353605546202098386388001927116
273	735649	1614	0.34342064932110710762103167326131
276	743733	1633	0.34330770920978459503913882144843
279	751817	1653	0.34319746670651135600493830679625
282	759901	1670	0.34308952967125894151223519656924
285	767985	1686	0.34298418255626855755124893221364
288	776069	1701	0.34288109077211337272217406280106
291	784154	1716	0.3427801217237840258889036704204
294	792238	1733	0.34268254914745877037773880147142
297	800322	1749	0.34258597233828569361691052108654
300	808406	1765	0.34249249838271078605345110190683
303	816490	1780	0.34240008973087793231471209765004
306	824574	1797	0.34230963923778279234255705887335
309	832658	1821	0.34222108450048954741973261661769
312	840742	1845	0.34213432048735753499002498756454
315	848826	1868	0.34204929799778477361726913841267
318	856910	1888	0.34196613204253989426462112533045
321	864994	1905	0.34188458525756554307051260366279
324	873078	1922	0.34180465340123428186203113909869
327	881162	1936	0.34172634374436272608477338508237
330	889246	1951	0.34164959590901894381786974008719
333	897330	1968	0.34157444458122687702683606403298
336	905414	1985	0.3415007504600718890586108500429
339	913498	2000	0.34142852444315863191803828158299
342	921582	2015	0.34135864172118179915571545279818
345	929666	2031	0.34128916982030393922897815173201
348	937751	2048	0.34122096336572088626226673113706
351	945835	2072	0.34115419207361513675991204763704
354	953919	2091	0.34108861069152790479463988049247
357	962003	2111	0.34102529215588339717157850827789
360	970087	2128	0.34096214817707320987594243888452
363	978171	2145	0.34090023844159511590135025471682
366	986255	2160	0.34084046252118999076330396746926
369	994339	2174	0.34078079224272189717837022726599
372	1002423	2191	0.34072222578463201569931584344886
375	1010507	2208	0.34066474543975927558037142262037
378	1018591	2231	0.3406082568041229885480447592272
381	1026675	2251	0.34055274939956747815017479297239
384	1034759	2271	0.34049922939147525546843553456711
387	1042843	2289	0.34044570216951397512161747727077
390	1050927	2306	0.34039310801965788622069908342382
393	1059011	2320	0.34034143561454077708816612357623
396	1067095	2335	0.34029065688526916044764902835595
399	1075179	2352	0.34024079370818433032397365423094
402	1083263	2369	0.34019280299381171595030082244193
405	1091348	2383	0.34014467542497517360544634357211
408	1099432	2398	0.34009832187932609315339504973963
411	1107516	2414	0.34005181204758677671051714241912
414	1115600	2431	0.34000604760653818647853086076793
417	1123684	2455	0.33996106031202305564065113685501
420	1131768	2474	0.33991684978344827161578223240213
423	1139852	2494	0.3398733965960273883943898454163
426	1147936	2510	0.33983062453822632242861345730489
429	1156020	2527	0.33978857095021214318464330972347
432	1164104	2542	0.33974725502712327385168578075536
435	1172188	2556	0.33970660008096631443663682148326
438	1180272	2573	0.33966758057756435418284013394441
441	1188356	2590	0.33962822099105205442270971616381
444	1196440	2614	0.33958947318030630047047679909156
447	1204524	2634	0.33955034555550273056567789353721
450	1212608	2653	0.33951283405505511270305873949837
453	1220692	2670	0.33947591127768911301032517258136
456	1228776	2687	0.33943958114850159013542452157708
459	1236860	2702	0.33940383114412847609386858493963
462	1244944	2717	0.33936861593469830333802406130417
465	1253029	2734	0.33933394414581885545345585342147
468	1261113	2751	0.33929981172994977400847460557998
471	1269197	2773	0.33926720588157338598378487404261
474	1277281	2793	0.33923412427150906323092272032227
477	1285365	2812	0.33920155994507406038707131301635
480	1293449	2829	0.33916948364896098988552353148407
483	1301533	2846	0.33913887482459659228339887704351
486	1309617	2861	0.33910773763469131969472414311895
489	1317701	2876	0.33907709382359896288505751726916
492	1325785	2892	0.33904691308220924472749402411864
495	1333869	2909	0.33901717296925654165917762838944
498	1341953	2933	0.33898787102308108876158598832262
501	1350037	2953	0.33895900390072547514463963125309
504	1358121	2972	0.33893056384647762824258165892388
507	1366205	2990	0.33890350891857945470064805704169
510	1374289	3006	0.33887585947175530298736134682258
513	1382373	3021	0.33884863321644570488544445652224
516	1390457	3036	0.33882180132668376915106023261615
519	1398541	3053	0.33879537980172802491551919956692
522	1406626	3070	0.33876930702231194958429227881425
525	1414710	3093	0.33874360114509427521767293001176
528	1422794	3113	0.33871827336813759012912328216771
531	1430878	3133	0.33869332717223182838139905470598
534	1438962	3150	0.33866868753415313442189926718129
537	1447046	3166	0.33864440117108735028850219350716
540	1455130	3181	0.33862045483058761385919410713541
543	1463214	3198	0.33859683940432988569213534901792
546	1471298	3214	0.33857357462355325283809293068771
549	1479382	3231	0.33855060540850800965273492693086
552	1487466	3255	0.3385279706925303222497802835278
555	1495550	3275	0.33850564276406797104002066589601
558	1503634	3295	0.33848359979153008758601117733633
561	1511718	3312	0.33846185443913084922584744163032
564	1519802	3328	0.33844043209313640074853424266621
567	1527886	3343	0.33841927148554007409586574794957
570	1535970	3358	0.33839839876562266551829338823154
573	1544054	3375	0.33837780555717816843852574493212
576	1552138	3392	0.33835849624150526882004896833678
579	1560223	3407	0.33833846651090915269577408253099
582	1568308	3421	0.33831868157314770595434083588771
585	1576392	3438	0.33829916253564779049511912489834
588	1584476	3455	0.33827989877808162244576806187979
591	1592560	3478	0.33826089190939767625820877583465
594	1600644	3498	0.33824212652175450477542995031399
597	1608728	3518	0.33822360557681330206492020806763
600	1616812	3534	0.3382053228057613214474486085237
603	1624896	3552	0.33818726886213629212463160911284
606	1632980	3567	0.33816947165533406405302230268717
609	1641064	3583	0.33815188084197173035150285613781
612	1649148	3600	0.33813452322037651498476407141425
615	1657232	3624	0.33811738472921770704004984509083
618	1665316	3648	0.3381004732679227520186771016597
621	1673400	3667	0.33808476802732367882953212756547
624	1681484	3687	0.33806827372334369297135481247096
627	1689568	3704	0.3380519832063999530191722442396
630	1697652	3723	0.33803589336275863264091867677053
633	1705736	3743	0.33802002108028850191345782150165
636	1713820	3760	0.33800434053906086573348943602468
639	1721905	3776	0.33798885427490454880228298861766
642	1729989	3791	0.33797355666996464762519281066488
645	1738073	3806	0.33795845067144464346498011764197
648	1746157	3822	0.33794353097178464473415715474403
651	1754241	3839	0.33792979912975107392725249155774
654	1762325	3863	0.33791523705707304792156264738878
657	1770409	3886	0.33790084859608038314604527840856
660	1778493	3906	0.33788663336048496699248744334909
663	1786577	3923	0.33787260524554241225558826045017
666	1794661	3939	0.33785873361848411944308168131101
669	1802745	3954	0.33784502767214008578378070524195
672	1810829	3969	0.33783148442414218104445922108425
675	1818913	3986	0.33781810369606452004731522720249
678	1826997	4004	0.33780488147139636767590786803339
681	1835081	4018	0.33779182172983646115227429618244
684	1843165	4033	0.33777891144866240002997415103891
687	1851249	4051	0.33776615669024251387142498970206
690	1859333	4069	0.33775454924362213748878502883599
693	1867417	4083	0.33774208459468607612663504369266
696	1875502	4098	0.3377287756638319149438132171781
699	1883586	4115	0.33771660533182462637924459158967
702	1891670	4133	0.33770458314903822882868666965805
705	1899754	4148	0.33769270532852924127098503959132
708	1907838	4162	0.33768095658249325241584415380203
711	1915922	4179	0.33767033855558176158595529159356
714	1924006	4202	0.33765885634028336426126770675182
717	1932090	4226	0.3376475054804443098888100394106
720	1940174	4246	0.33763628358118702443846359528834
723	1948258	4264	0.33762518894340504127526969568862
726	1956342	4281	0.33761422107446154017296180427365
729	1964426	4302	0.33760338043454812817500965138606
732	1972510	4322	0.33759266753815031503194177275873
735	1980594	4339	0.3375820678917201833613148664881
738	1988678	4356	0.33757158418131216759405788252479
741	1996762	4372	0.33756122211595152027285848816973
744	2004846	4387	0.33755097175551918020630637329305
747	2012930	4404	0.33754083788350947026302151243726
750	2021014	4419	0.33753081918013894124896978610195
753	2029099	4434	0.33752091097874398206712953651731
756	2037183	4451	0.3375111168656607651961110150296
759	2045267	4468	0.33750142562308393934245032141916
762	2053351	4482	0.33749183676089783423535095607804
765	2061435	4498	0.33748235390931952126791770751879
768	2069519	4515	0.33747297918183083442755787473288
771	2077603	4532	0.33746370288724092389998077123892
774	2085687	4546	0.33745452934778741305166249730974
777	2093771	4561	0.33744545792643498849372463155305
780	2101855	4578	0.33743648819337629385373134027759
783	2109939	4595	0.33742761163153395242986221091996
786	2118023	4610	0.33741882831136860154686019086512
789	2126107	4627	0.33741013824074639337879943923326
792	2134191	4644	0.33740154725406251712271910037089
795	2142275	4669	0.33739405127446392418377740796132
798	2150359	4692	0.33738564761128714275528750476951
801	2158443	4712	0.33737732397035585796274403946882
804	2166527	4729	0.33736909128294173543238798629318
807	2174611	4746	0.33736094508164909955283405906812
810	2182696	4761	0.33735288205176522380313031135302
813	2190780	4776	0.33734490554947904605853636894608
816	2198864	4793	0.33733701596306414627335357181437
819	2206948	4810	0.33732920462164112107572577770043
822	2215032	4825	0.33732147793634587040756400710961
825	2223116	4842	0.33731382855551766963841942015279
828	2231200	4859	0.33730625999128560632556173004559
831	2239284	4882	0.33729877775057204303266189526767
834	2247368	4906	0.33729136753609417764820932461589
837	2255452	4926	0.33728403383799326897829473637103
840	2263536	4943	0.33727677348379531130362352087104
843	2271620	4961	0.33726959198605643841517576220213
846	2279704	4977	0.33726248225073524045214412581117
849	2287788	4992	0.33725544661374728949709833614179
852	2295872	5009	0.33724847985173517228574269211094
855	2303956	5025	0.33724158345062466013430935163342
858	2312040	5041	0.33723476004995844856892972529749
861	2320124	5056	0.33722800172722083855703090193856
864	2328208	5073	0.33722131585396297737133863847703
867	2336292	5090	0.33721369954176050320882040978177
870	2344377	5115	0.33720714620035596720271087178844
873	2352461	5135	0.33720066036644502638353060319787
876	2360545	5154	0.33719524089724978166415780833631
879	2368629	5171	0.33718888581754480338048551857355
882	2376713	5191	0.33718259313136550447964623344888
885	2384797	5210	0.33717636031905429128130435856292
888	2392881	5227	0.33717019588517627148860356101068
891	2400965	5247	0.33716408982562018348261290157097
894	2409049	5267	0.33715804158012613322981110286491
897	2417133	5287	0.33715205397291037048290718303178
900	2425217	5307	0.33714612866365362142673234302492
