0	0	0	0.69314718055895352399886633065762
3	7767	42	0.69314678510507798936401968603604
6	15534	77	0.69314696149816290571266108599957
9	23301	118	0.69314970626283101129416763797053
12	31068	155	0.69315296929153014104940666584298
15	38835	187	0.69315196503042741937861137557775
18	46602	223	0.69315187432974523229489705045125
21	54369	273	0.69315322929863765200053649095935
24	62136	315	0.69315296932958636588750778173562
27	69903	350	0.69315278615351683111356351219001
30	77670	392	0.69315178576114788722151160982321
33	85437	429	0.69315169538344290067755082418444
36	93204	460	0.69315163548243952096328257539426
39	100971	496	0.69315141314362793689696218280005
42	108738	527	0.69314967426251505866474644790287
45	116505	563	0.69314869330610318076679732257617
48	124272	613	0.69314860531333177817714386037551
51	132039	655	0.69314854707585693560645268007647
54	139806	691	0.69314829591373106065788078922196
57	147573	723	0.69315101553286551094856804411393
60	155340	755	0.69315003087332327513792051831842
63	163107	791	0.69315121509261412580116257231566
66	170874	823	0.69315115415154648914608515042346
69	178641	858	0.69315089889849745841132744317292
72	186408	909	0.6931507975349470163095588759461
75	194175	952	0.69314981492850036293162929723621
78	201942	987	0.69315125735714966381806334538851
81	209709	1019	0.69315332520751393730051859165542
84	217476	1056	0.69315306694052825076113322211313
87	225243	1088	0.69315275122878594604713953231112
90	233010	1126	0.693151456794541931394348921458
93	240777	1173	0.69314727139734910732471462324611
96	248544	1215	0.6931472107077275568443042175204
99	256311	1251	0.69314291592778853878797917786869
102	264078	1293	0.69314287592978274243904479590128
105	271845	1327	0.69314242893706101700246335894917
108	279612	1369	0.69314362144338259597020623914432
111	287379	1405	0.69314180847268502816405089106411
114	295146	1447	0.69314157270652743125793904255261
117	302913	1483	0.69314148095456251663648572503007
120	310680	1524	0.69314056506274190905259047212894
123	318447	1560	0.69314048456276156073840866156388
126	326214	1591	0.69314003296602733072973023809027
129	333981	1627	0.69314428124816684917419706835062
132	341748	1678	0.69314418390483889531594741129084
135	349515	1719	0.69314326524358382819457347068237
138	357282	1756	0.69314318052297618777402021805756
141	365049	1797	0.69314484589388347668403866919107
144	372816	1833	0.69314652973634727217699946777429
147	380583	1875	0.69315062144186589954131250124192
150	388350	1916	0.69314969025501604882322226330871
