0	0	0	0.69314718055895352399886633065762
3	7767	35	0.6931471197253876725952181914181
6	15534	83	0.69314708175359274200388881581603
9	23301	122	0.69314689963704168018665541239898
12	31068	159	0.69314683319444991838054193067364
15	38835	200	0.69314804717593125893415617611026
18	46602	236	0.6931474577986546092844832855917
21	54369	278	0.69314741518021238952940166200278
24	62136	314	0.69314586891432927728828872204758
27	69903	356	0.69314536260579751036914331052685
30	77670	392	0.69314464324667557360015734957415
33	85437	428	0.69314649675643935644586690614233
36	93204	469	0.6931464555025396157006412067858
39	100971	504	0.69314627015916863150835069973255
42	108738	535	0.69314619811976252439222889734083
45	116505	572	0.69314569906322709424983941062237
48	124272	620	0.69314317871663966297290926377173
51	132039	662	0.69314313894218548828263237737701
54	139806	698	0.69314295638415568401313748836401
57	147573	741	0.69314288678960234157955255795969
60	155340	775	0.69314031394645447825553219445283
63	163107	818	0.69314088693646858096997220854973
66	170874	852	0.69314084906358508497703496686881
69	178641	894	0.69314067120467615090717572456924
72	186408	930	0.69314040846169566734147338138428
75	194175	971	0.69313971022140308253511875591357
78	201942	1007	0.69313965056286352961478769429959
81	209709	1049	0.6931408839765210716521437461779
84	217476	1083	0.69314070501750213448843851438141
87	225243	1115	0.69314084538932885237727532512508
90	233010	1151	0.69314031429285982710553071228787
93	240777	1200	0.69314025536588241838131807526224
96	248544	1242	0.69314021771068601296406086476054
99	256311	1279	0.69314104297438638990769277370418
102	264078	1311	0.69314097377562344792778503688169
105	271845	1347	0.69314027593720350939321406258387
108	279612	1398	0.69314021596164576699550252669724
111	287379	1440	0.69313861111627639299825887064799
114	295146	1476	0.69313838671850758199610709198168
117	302913	1517	0.693136961815758345650806404592
120	310680	1554	0.69313628038251018370630163190071
123	318447	1595	0.69313622393045193348370958119631
126	326214	1631	0.6931361885152215185357249538356
129	333981	1667	0.69313601723647244590154059551423
132	341748	1709	0.69313615064890676809028491334175
135	349515	1744	0.69313547047486923080583665068843
138	357282	1776	0.69313541409239409762932382363942
141	365049	1812	0.69313758342201292617090757630649
144	372816	1863	0.69313740972140847063087676360738
147	380583	1905	0.69313734491370238011143101175549
150	388350	1947	0.69313829470965804269155796646373
