0	0	0	0.69314718055895352399886633065762
3	7767	36	0.69314701847532800282891685128561
6	15534	78	0.69314691747390777543103013158543
9	23301	113	0.69315069009009266931542470047134
12	31068	149	0.69314631642462309901731032368843
15	38835	190	0.69314438704132153024062290569418
18	46602	225	0.69314421977186302381568339114892
21	54369	266	0.69314411176744716858166839301703
24	62136	301	0.6931437999570270180882403110445
27	69903	342	0.69314362067295909319852853514021
30	77670	377	0.69314392060651786042768662809976
33	85437	408	0.69314375011068052323537358461181
36	93204	443	0.69314538545945503233980389268254
39	100971	479	0.69315010817937172671321377492859
42	108738	521	0.69314990643839236028611594520044
45	116505	556	0.69314799169394059052962120404118
48	124272	592	0.69315291702231329740158116692328
51	132039	623	0.69315016040813937081566109554842
54	139806	657	0.69314965592986532705310764868045
57	147573	687	0.69315020884791722632911614709883
60	155340	723	0.6931530167876553960581986757461
63	163107	772	0.69315010817727384928588207912981
66	170874	812	0.69314998191728871557160118754837
69	178641	847	0.69314948304913193144471961204545
72	186408	878	0.69315009823067208483138301744475
75	194175	910	0.69316427526766810629510473518167
78	201942	946	0.69316910892340366512343052818323
81	209709	977	0.69317395403967174694059849571204
84	217476	1012	0.69317066271762117768417965635308
87	225243	1042	0.69317042620554303322677469623159
90	233010	1077	0.69316814997428577438398633603356
93	240777	1113	0.69316479252936946675589524602401
96	248544	1154	0.6931659330551210862481070762442
99	256311	1189	0.69316539684474021143500976904761
102	264078	1225	0.69316517133701904818110506312223
105	271845	1255	0.69316320915605411645543654231005
108	279612	1290	0.69316299802018455089580584171927
111	287379	1318	0.6931626330659798052025166725798
114	295146	1344	0.69316211407202721339615436590975
117	302913	1370	0.6931618934523426922567068686476
120	310680	1399	0.69315998877835194313945521571441
123	318447	1425	0.6931597808767102630866929757758
126	326214	1451	0.69315963340014963289803517909604
129	333981	1479	0.6931591236144819534459315946151
132	341748	1506	0.69315890766197973960061062825844
135	349515	1531	0.69315650681733576021770204533823
138	357282	1561	0.69315630585144094588656571431784
141	365049	1587	0.69315616202355145869518082690774
144	372816	1612	0.69315266173185097198228277193266
147	380583	1641	0.69316078426990990202227749250596
150	388350	1669	0.6931588889060393832153295079479
