0	0	0	0.69314718055914625871594125783304
3	2225	2	0.5099687645414320291692433784192
6	4451	5	0.42372307831674788092257699645415
9	6677	8	0.38009901270255430638655980146723
12	8903	10	0.35534025529787893749045224467409
15	11129	13	0.3396938613474030366212730314146
18	13355	16	0.32910871767531180154264802695252
21	15581	19	0.32148800173650421418969358455797
24	17807	21	0.31564249995291454586876511712035
27	20033	24	0.31104115988807584658459859383584
30	22259	27	0.30722868156482135981732994878257
33	24485	29	0.30396545264293656218868022733659
36	26711	32	0.30108740580178883217143948058947
39	28937	35	0.29850443583408098335851832416665
42	31163	37	0.2961344251212781331084045177704
45	33389	40	0.29392469020999417717021628959628
48	35615	42	0.29185621828836982860622129010153
51	37841	45	0.28989249670292294158713275464834
54	40067	47	0.28801742221491816176026645734964
57	42293	49	0.2862180743046973119270148799842
60	44519	52	0.28448130022031059560561061516637
63	46745	54	0.28280305796177962474047262730892
66	48971	57	0.28117832625753097497423027562036
69	51197	59	0.27959875677229362178621840939741
72	53423	62	0.27806506369190753247266911785118
75	55649	64	0.27657119701602739247903173236409
78	57874	67	0.27511508564872444448923261006712
81	60100	69	0.27369795067741514715820017045189
84	62326	73	0.27231762763490008349975823875866
87	64552	75	0.27097335389774068747925639399909
90	66778	78	0.26966237431284467707115481971414
93	69004	81	0.26838073808622331384299286582973
96	71230	84	0.2671321971528527461359203698521
99	73456	87	0.26591035353704889354631291098485
102	75682	89	0.26471930383492503491282832328579
105	77908	92	0.26356111328340803279246529200464
108	80134	95	0.26242737720355008290695764117118
111	82360	98	0.26132071395305606076320259489876
114	84586	100	0.26024257173212422822317080317589
117	86812	103	0.25918923284963968356464647513349
120	89038	106	0.25815893512980492285890932180337
123	91264	108	0.25715538851170011147573291054869
126	93490	111	0.25617324668334484627507663390134
129	95716	114	0.25521505771744007473600390767388
132	97942	118	0.25428077973631457719960735630593
135	100168	122	0.25336846644946636741835277462087
138	102394	126	0.25247747756808697205954672426742
141	104620	129	0.25160648783823175156371121374832
144	106846	133	0.25075645228579468426488574550604
147	109072	137	0.24992729392179410807806050343061
150	111298	141	0.2491166648835190233768344114651
153	113523	145	0.2483278660506886004188942251858
156	115749	149	0.24755490502378724171350654614798
159	117975	152	0.24679987022066235402562028866669
162	120201	156	0.24606735858371978076242214683589
165	122427	160	0.24534747580920432397100228172349
168	124653	164	0.24464753957405402373659342174506
171	126879	167	0.24396107791930982111594516936748
174	129105	170	0.24329110832872336001031499108649
177	131331	173	0.24263673481151501465369335619471
180	133557	176	0.24199632981880084270365216525533
183	135783	179	0.24137124690215827627071121241897
186	138009	183	0.24076024544724969334019704092498
189	140235	186	0.24016220718615488571856531052617
192	142461	189	0.239578086727608219330676320169
195	144687	193	0.23900839976379045781484933286265
198	146913	196	0.23844987955173138627351647755859
201	149139	199	0.23790385155757140522858605891088
204	151365	202	0.23737121800180957520431945795281
207	153591	205	0.23684992508697158553054862295539
210	155817	208	0.23633983468233385472068164290249
213	158043	211	0.23584110741773006703070336698147
216	160269	214	0.23535320901867104459448398756649
219	162495	217	0.23487665134086693763393327571976
222	164721	220	0.23441011943286133023534034691693
225	166947	223	0.2339541809811836181598465600473
228	169172	225	0.23350740208551226673172607206652
231	171398	228	0.23307036030189720587912916016649
234	173624	231	0.23264259076699034256563436429133
237	175850	234	0.23222381794142421540527720935643
240	178076	237	0.23181397811986684254215163036861
243	180302	239	0.23141316442289766586171140261285
246	182528	242	0.2310204132496181950173763652856
249	184754	245	0.23063639992587881000218885674258
252	186980	247	0.23025982452751281304159647334018
255	189206	250	0.2298912315891411539681143949565
258	191432	253	0.22953054644733267286582645283488
261	193658	256	0.22917695587344336094481889176677
264	195884	259	0.22883085801250788171579131358158
267	198110	262	0.22849200597783034250021216848836
270	200336	266	0.22815956879056786821280411459156
273	202562	269	0.22783434614550018837419997908
276	204788	272	0.2275158191863962675594024176462
279	207014	276	0.22720445519340837225996665438288
282	209240	279	0.22689772507395744582936458755285
285	211466	282	0.22659734325219765826986417778244
288	213692	285	0.22630313864457610173452906110469
291	215918	288	0.22601436703090976854113591798523
294	218144	292	0.22573174288231331874321483610402
297	220370	295	0.22545406152140887168222604941548
300	222596	298	0.22518225276434414294790542498959
303	224821	300	0.22491518343155239567643377540662
306	227047	303	0.22465367395026111796418888388871
309	229273	306	0.22439721097885037548458342371305
312	231499	309	0.22414527696724739769251755205914
315	233725	312	0.22389809853459347044335459031572
318	235951	314	0.22365559776754656562403056341282
321	238177	317	0.22341769827796970071531745816173
324	240403	320	0.22318443784210462155215282109566
327	242629	323	0.22295548388633024128324677803903
330	244855	326	0.22273097442866310324838252654445
333	247081	328	0.22251050867827323886949386633205
336	249307	331	0.2222940698289134764387142695341
339	251533	334	0.22208163562417421177386245290108
342	253759	336	0.22187282469937583129215852295602
345	255985	339	0.22166803124907782929220445566898
348	258211	342	0.22146682998204106351813891251368
351	260437	344	0.22126919651433912816784754795663
354	262663	346	0.22107534949343971009128040350333
357	264889	349	0.2208850830172866264167197414281
360	267115	352	0.22069784906318029582550366285432
363	269341	354	0.22051384664116152611867960331438
366	271567	356	0.22033344100432367129727140309114
369	273793	359	0.22015633018845051638301413277077
372	276019	361	0.21998214940324184452080658047635
375	278245	364	0.21981135425186351661785977285035
378	280470	366	0.21964333070150829363420541540108
381	282696	368	0.21947813911171276668454765967908
384	284922	371	0.21931565527685062400031767992914
387	287148	373	0.21915585059519618327250611855561
390	289374	376	0.21899884695993437899730338358495
393	291600	378	0.21884434228165411395750084011524
396	293826	380	0.21869249711529470392434859604691
399	296052	383	0.21854333510461376732791904942133
402	298278	385	0.21839644968725682727672676719521
405	300504	388	0.21825213705410020925690162130195
408	302730	390	0.21811006313713399151765770511702
411	304956	393	0.21797055807026596840891841111443
414	307182	396	0.21783318742155877156818633011426
417	309408	399	0.21769847993172128375327645244397
420	311634	401	0.21756580134865480258277159464342
423	313860	404	0.21743520105692146215936588760087
426	316086	407	0.21730680982230590747583676147769
429	318312	410	0.2171806144108514857737901593282
432	320538	413	0.21705624053209238155659477342851
435	322764	415	0.21693378701044549461407484614028
438	324990	418	0.21681331990247576513297644851264
441	327216	421	0.21669481662674150435066167119658
444	329442	424	0.216578119740346186627988345208
447	331668	427	0.21646331613343292032958231629891
450	333894	430	0.21635050949124526309397253953648
453	336119	432	0.21623930263179416688679168601084
456	338345	435	0.21612980705723680574514844465739
459	340571	437	0.21602208911417322689807463120815
462	342797	440	0.21591598614980833659160452953074
465	345023	442	0.21581156656669681082050260556571
468	347249	445	0.21570875849156040393594935267174
471	349475	447	0.21560758966310583639724995919096
474	351701	450	0.21550780245743830776383731517853
477	353927	452	0.21540959379549531882425128515024
480	356153	455	0.21531287898104967126755582285114
483	358379	457	0.21521778665916377337730125418602
486	360605	459	0.21512400251643834514503339505609
489	362831	462	0.21503163734326843914423932346835
492	365057	464	0.21494068286152190339066692104097
495	367283	467	0.21485102920230694789616165962798
498	369509	469	0.21476287715319497539923077056301
501	371735	472	0.21467585072138503643479623406165
504	373961	474	0.21459011748103867800452349001716
507	376187	477	0.21450569972897165493819215953408
510	378413	480	0.21442240641411638990554422434798
513	380639	483	0.21434048163437860456959072052996
516	382865	486	0.21425962458277889033375629423972
519	385091	488	0.21418017623673132887596182172274
522	387317	491	0.21410163838073270614614784790319
525	389543	494	0.21402430162663108048626270374371
528	391768	497	0.21394801105648636463385514616675
531	393994	499	0.21387281793411835884022309528518
534	396220	502	0.21379878257680867692513970723667
537	398446	505	0.21372576549691918446072236292821
540	400672	508	0.21365374856147634208269892042154
543	402898	511	0.21358281504197687561408258716256
546	405124	513	0.21351284557128524799196611638763
549	407350	516	0.21344387756133159639304608390376
552	409576	519	0.21337585126641434030148047895636
555	411802	522	0.21330878469593803070658566412021
558	414028	526	0.21324259631725459018802837363182
561	416254	530	0.21317734538657875931200180730229
564	418480	534	0.21311303450108454171640914864838
567	420706	537	0.21304956044114908841891065094387
570	422932	541	0.21298700469600453932805805834505
573	425158	545	0.21292531991719562678433419478097
576	427384	549	0.21286444584503233512506881197623
579	429610	553	0.21280437440268576421154023137206
582	431836	557	0.21274513106887774083197939489764
585	434062	561	0.21268671169431485612477672475507
588	436288	565	0.21262908169560668092401556350524
591	438514	568	0.21257222747739998314209231011773
594	440740	571	0.21251609853645545000766503562772
597	442966	575	0.21246073101315618436579768513184
600	445192	578	0.21240613843026479035103193382383
603	447417	582	0.21235225167217464115054781359504
606	449643	585	0.212299067808236180399106274308
609	451869	589	0.21224657830224938348528951337357
612	454095	592	0.21219475699503578813853721385385
615	456321	595	0.21214362813432346976938447369321
618	458547	599	0.21209317737954108684661491679435
621	460773	602	0.21204339771086200272520727594383
624	462999	605	0.21199424105877753832238852282899
627	465225	609	0.21194578751419665407773607057607
630	467451	612	0.21189790467743732649275045787363
633	469677	615	0.21185065805492828139300343082141
636	471903	618	0.21180398365477309807758388160437
639	474129	621	0.21175790097585944771196864166996
642	476355	624	0.21171243572034714741647576374817
645	478581	627	0.21166753320387723946716107548127
648	480807	630	0.21162322464987196046770634438872
651	483033	633	0.211579476487826517727697250848
654	485259	636	0.21153629595564485410541522014682
657	487485	639	0.21149364273824899917997299780836
660	489711	642	0.21145153683469339322975599770871
663	491937	644	0.21140994720021902275597369680327
666	494163	647	0.21136888441620285683519853137113
669	496389	650	0.21132833067963308071313122127322
672	498615	653	0.21128828533915164356038474124944
675	500841	656	0.21124875142003388117650786170998
678	503066	658	0.21120968427549918766672476522217
681	505292	661	0.21117106898796877967328100567102
684	507518	664	0.21113295514948071662786333035911
687	509744	666	0.21109528764369012154844540418708
690	511970	668	0.21105811482396971690000953003619
693	514196	671	0.21102139023572269449502414317976
696	516422	673	0.21098509894820174914720212200336
699	518648	676	0.21094925454099705541821663246083
702	520874	678	0.21091386013252111375493313971674
705	523100	681	0.21087890122335656295504691115639
708	525326	683	0.21084434430958234885089552790305
711	527552	685	0.21081022304763960550921808589919
714	529778	688	0.21077651551350837233478330290382
717	532004	690	0.21074320154356745993240451753081
720	534230	693	0.2107102802497118343438842202886
723	536456	695	0.2106777630384392696605289074796
726	538682	698	0.2106456407069164926681992255908
729	540908	700	0.21061384585151346482412293426023
732	543134	703	0.21058247711210989483454625315062
735	545360	705	0.21055147688721331800110192489228
738	547586	708	0.21052082879493397293835243999638
741	549812	711	0.21049053841515572016440671632154
744	552038	714	0.21046060941093897023179692951089
747	554264	717	0.21043101745798567514533772282448
750	556490	720	0.21040176545210453884493517762166
753	558715	722	0.21037286099805463379652792355046
756	560941	725	0.21034430283639099501513669565611
759	563167	728	0.21031607016293010770091598260478
762	565393	730	0.2102881534199652624472776096809
765	567619	733	0.2102605503058901925683699118963
768	569845	736	0.2102332842573673976627190995714
771	572071	738	0.21020633290713455765263972807588
774	574297	741	0.21017970344195469056813863062416
777	576523	744	0.21015336205261681001843498961534
780	578749	747	0.21012732014257015644709269963641
783	580975	750	0.2101015669947995101463078526649
786	583201	754	0.21007610799615411556473532073142
789	585427	758	0.21005093669751501161968576525396
792	587653	762	0.21002604199453869804337102777936
795	589879	766	0.21000142748643654821982806879532
798	592105	770	0.20997709864366767562593452112196
801	594331	773	0.20995305346230863641210362402489
804	596557	777	0.20992927598220176288457139435195
807	598783	781	0.20990574892498467529655670205102
810	601009	785	0.20988251325022330706637774255796
813	603235	789	0.20985952095954193974414181411703
816	605461	793	0.20983677514347548465067916367843
819	607687	797	0.20981429511440427559954002845188
822	609913	800	0.20979207203178970586598950376356
825	612139	803	0.20977009949429104018747693771729
828	614364	806	0.20974835823934706580118358942855
831	616590	809	0.20972685036721822049443630930909
834	618816	813	0.2097055727191887153360028150928
837	621042	816	0.20968453865720809714545680435549
840	623268	819	0.20966372728817084247765478721703
843	625494	822	0.209643144745181142507561844468
846	627720	826	0.20962279545063886021516452728974
849	629946	829	0.20960266214703338061298154570977
852	632172	832	0.20958273695911375233968954034935
855	634398	836	0.20956302806443269370895166048285
858	636624	839	0.20954353288544050326613898960204
861	638850	842	0.20952424897395949265899162128335
864	641076	845	0.20950517118761649570934935127298
867	643302	847	0.20948630348165864223375365327229
870	645528	850	0.2094676417033051463167936390164
873	647754	853	0.20944917706405727364504798515554
876	649980	856	0.20943089910257928210057798423804
879	652206	858	0.20941282724333046272313652025332
882	654432	861	0.209394954696873691890601776322
885	656658	864	0.20937725619312949620898223201948
888	658884	867	0.20935975883764140759168981276162
891	661110	869	0.20934244733996715259749521464983
894	663336	872	0.20932531934831657971507468118944
897	665562	875	0.20930837548592873265107527913642
900	667788	877	0.20929159723053925024061072690529
