0	0	0	0.69314718055914625871594125783304
3	2335	13	0.50809681990730137801648425011081
6	4666	26	0.42336897803647666194137855200097
9	6998	38	0.38019969537787218216706719431386
12	9329	50	0.35552745886925496421326897689141
15	11661	61	0.33985373434348847831998341462167
18	13992	73	0.3292062158529364124248672851536
21	16324	85	0.32156072046640399308969904268452
24	18656	97	0.31571299787804169012517263581685
27	20987	109	0.31111966698077142545741935464321
30	23319	121	0.30732113257722570853758270459366
33	25650	133	0.30405655080933358114236852998147
36	27982	144	0.30118098088088418595731354798772
39	30313	156	0.29859918170130544945450878913107
42	32645	168	0.29622466003170727644189241800632
45	34976	180	0.2940209228218782500086092568381
48	37308	191	0.29195056475152320052401933025976
51	39640	203	0.28998486675925277955556680353766
54	41971	215	0.28810806872437338954640040356026
57	44303	226	0.28630559056861709654739911457
60	46634	238	0.28456646504933347241461660814821
63	48966	250	0.28288627137077021478361871231755
66	51297	264	0.28125744799194518641627382748993
69	53629	278	0.27967548401486802545079513038218
72	55964	290	0.2781386759752865756034623245796
75	58296	304	0.27664317349591593941937617273652
78	60631	317	0.27518779851818575554744938926888
81	62962	331	0.27376936873148949302958499174565
84	65294	344	0.27238652541035507370636992163782
87	67625	358	0.27103743441732719432479825627524
90	69957	371	0.26972374488277073290021235152381
93	72288	385	0.26843995814494525653515211160993
96	74624	399	0.26718756453618419666184991001501
99	76955	412	0.26596626760741354233985589416989
102	79287	426	0.26477435748934297077283872567932
105	81618	439	0.26361047968316514422681962059869
108	83950	452	0.26247598033031566133743694990699
111	86281	466	0.26136957695894341702214092038048
114	88613	477	0.26028814910047498587530867553141
117	90944	489	0.25923190989459449218301756445726
120	93276	501	0.25820225645934452574081774400838
123	95608	513	0.25719653181383445028629353146243
126	97939	525	0.25621404845163481267533711616124
129	100271	536	0.25525596977156062017400017793989
132	102602	548	0.2543198730712879496174139148934
135	104934	560	0.25340591781965804418774723671959
138	107265	572	0.25251401754543140176778592831397
141	109597	584	0.25164362304220017074740667339938
144	111928	596	0.25079274388519717797763064481842
147	114260	608	0.24996334892757982037991837387381
150	116592	619	0.24915430031822097256544168430992
153	118923	631	0.24836273159169397484191676994669
156	121255	643	0.24759046162466546991964833068778
159	123586	655	0.24683690338927752327968789813895
162	125918	667	0.24609987120393334025791887142987
165	128249	679	0.24537912038228976152609561722784
168	130584	692	0.2446751674731306169796596350352
171	132916	706	0.24398871390852849838637439461309
174	135248	720	0.24331697410897076827573926038895
177	137579	733	0.24266142354437753025919732863258
180	139911	747	0.24202122854514446226303903131338
183	142242	760	0.24139594692490842775534076736221
186	144577	773	0.2407848338378844321727711985659
189	146909	787	0.24018679464550102276021448233223
192	149240	800	0.23960223788071682848865862069943
195	151572	813	0.23903147352994072449838824923063
198	153904	826	0.23847266280521092762789692187653
201	156235	839	0.23792778965248179146030338415585
204	158567	853	0.23739510093190285822117857605917
207	160898	867	0.2368730701012620176726386489463
210	163230	881	0.2363625229464166033199745697857
213	165561	894	0.23586272900147309261598138618865
216	167893	906	0.23537460742664240154198296295363
219	170225	917	0.23489816710308422664787997291569
222	172556	929	0.23443067096859154796462121339573
225	174888	940	0.23397373470400312234218631601834
228	177219	952	0.23352635937246143948975429793791
231	179551	964	0.23308896717728574965455834444583
234	181882	976	0.23266063753838781003047131434869
237	184214	988	0.23224125292734093539692707963695
240	186545	1000	0.23183139329642313275492426782876
243	188877	1013	0.23142983338624259492810608662694
246	191209	1025	0.2310368429494619735287130879442
249	193540	1037	0.23065271365357351007752129135042
252	195872	1049	0.23027580558433480284463712450815
255	198203	1060	0.22990661872914500141185101256269
258	200535	1072	0.22954527366254470766016027027945
261	202866	1084	0.22919157900353928636327793810779
264	205198	1095	0.22884485398112824894312211654324
267	207529	1107	0.22850505234296542012017994238704
270	209861	1121	0.22817226421382597045806051028194
273	212193	1134	0.22784620720847453823054706845141
276	214524	1148	0.22752698568738943807332475444127
279	216856	1161	0.22721368812640449497131100997649
282	219187	1175	0.22690673233686253773555563384434
285	221519	1189	0.22660613057326065011842786134366
288	223854	1203	0.22631117725887706093601536849746
291	226185	1216	0.22602228527767137533643904134806
294	228517	1230	0.22573880388972775157263583878375
297	230849	1243	0.22546098938195929806127537631255
300	233180	1257	0.2251887548743195799350047536791
303	235512	1271	0.22492191622539234319155809771473
306	237843	1284	0.22466011709256877848517319762323
309	240175	1298	0.22440328317622293408106770584709
312	242506	1311	0.224151394391146535634007364024
315	244838	1325	0.22390407348569535406213049100188
318	247170	1336	0.22366165735563534044949562940019
321	249501	1349	0.22342361595514703687115343200276
324	251833	1362	0.22318997316884622850174935138057
327	254164	1374	0.22296079683004532689949428458931
330	256496	1386	0.22273577299734262369135251447005
333	258827	1399	0.22251512149519214744941564276814
336	261159	1410	0.22229869996794512920779141040839
339	263490	1422	0.22208588083175070937436146323307
342	265822	1434	0.22187708145483123201024966419936
345	268154	1446	0.22167210526817096583052091318677
348	270485	1459	0.22147092342069812920257732002938
351	272817	1470	0.22127313043728771835283453128795
354	275148	1482	0.22107899391006877176657496875123
357	277480	1495	0.2208884890733921191330324518276
360	279811	1507	0.22070131517122135167419116896781
363	282143	1519	0.22051755509611878358633418883983
366	284474	1531	0.22033681063623958285013770819205
369	286806	1543	0.2201592243407375915076329420117
372	289138	1556	0.21998461127187610153477237417974
375	291469	1570	0.21981309643248322927000515392137
378	293801	1584	0.21964456057551098866476024795702
381	296132	1597	0.21947898610128768748239735941752
384	298464	1611	0.21931627340858736441298049157922
387	300799	1625	0.21915642537018306668095135592012
390	303130	1638	0.21899918481973007500229755351029
393	305462	1652	0.21884463126094788609776742305257
396	307794	1665	0.21869274821889289617260487830208
399	310125	1679	0.21854346177460998168484707093739
402	312457	1693	0.21839662096630868548530202133406
405	314788	1706	0.21825215460629251995605670799705
408	317120	1720	0.21811025146294732435237051504373
411	319451	1734	0.21797073787950774215183002979757
414	321783	1748	0.21783342219168547182484019231197
417	324118	1760	0.21769826333949290897429307278799
420	326450	1772	0.21756542269207163053934550589474
423	328781	1784	0.21743470168027903555163504734082
426	331113	1796	0.21730610387283103013267293590616
429	333444	1808	0.21717965060357788398270884044905
432	335776	1820	0.21705520684898491068359760447493
435	338107	1832	0.2169327301491635884289621571952
438	340439	1844	0.21681231794549390978765757154179
441	342771	1855	0.21669385612444971855872211108363
444	345102	1867	0.21657723076003174145220953050739
447	347434	1879	0.21646244808297857020740195821418
450	349765	1891	0.21634940302843302939450609301275
453	352097	1904	0.21623817268762324239617100829491
456	354428	1916	0.21612866730105800838757090787112
459	356760	1928	0.21602087016891333148826959131839
462	359091	1940	0.21591473554478077256923995719262
465	361423	1952	0.2158103089309184874355906913479
468	363755	1964	0.21570740073241378986779182014288
471	366086	1978	0.21560607338896273232897726757074
474	368418	1992	0.21550630250223559714051191349427
477	370749	2005	0.21540807179096291279485342329281
480	373081	2019	0.21531138846273450981883001986716
483	375412	2033	0.21521609092065038804086896107037
486	377744	2046	0.21512229112489306137590006073879
489	380075	2061	0.21502988080564150452644867073104
492	382407	2074	0.21493881711477569318446967372438
495	384739	2088	0.21484921338807602686493680721469
498	387070	2102	0.21476090179689322212652768939734
501	389402	2115	0.21467389910781900508318642550876
504	391733	2129	0.21458813615534341745494373299152
507	394065	2142	0.21450373331209557359322559477732
510	396396	2156	0.21442049892685538514669474352559
513	398728	2170	0.21433849489881351413345100809238
516	401060	2184	0.21425768885446680456219326060818
519	403391	2204	0.21417802581048298038446375812782
522	405723	2223	0.2140994879921319371529619957073
525	408054	2242	0.21402213038818376777960850176896
528	410386	2261	0.21394587064021913791478368693788
531	412717	2280	0.21387069453821444531271822597773
534	415049	2299	0.21379662554402520391327868765075
537	417380	2319	0.21372359371312263376374573908834
540	419712	2338	0.21365156240224719708109546445485
543	422044	2356	0.21358056494714713902105529541586
546	424375	2375	0.21351056247845290325670930542401
549	426707	2393	0.21344154093516104486738527157286
552	429038	2409	0.2133734730940792245768022894481
555	431370	2425	0.21330637915734904086484391427803
558	433701	2441	0.21324024987473855219377583125606
561	436033	2456	0.21317501812547018369414786320704
564	438364	2472	0.21311069248924321972715745232563
567	440696	2488	0.21304727153063179878600408301281
570	443028	2503	0.21298467476256768837750144029997
573	445359	2519	0.2129229616574491446012729056747
576	447691	2535	0.21286207974455578773032016215438
579	450022	2551	0.21280202565435765715839977474388
582	452354	2567	0.21274279897069089950711884284829
585	454685	2583	0.21268437656606048458129976097553
588	457017	2599	0.21262670901517516375278660234471
591	459349	2614	0.21256982289519588125159543778864
594	461680	2628	0.21251374038123796439414547876368
597	464012	2641	0.21245836210022583934176054754062
600	466343	2655	0.21240377029003768005743779667682
603	468675	2669	0.21234987272641470124057150314911
606	471006	2682	0.21229669577674795122312900730321
609	473338	2696	0.21224420530609997004312106128054
612	475669	2709	0.21219239294176722721019245909702
615	478001	2723	0.21214129617674540306815345047653
618	480336	2736	0.21209083421046626138917190473876
621	482668	2750	0.21204106150667248464891656567488
624	484999	2763	0.21199194116879105376227698798175
627	487331	2777	0.21194343452482933276570520320092
630	489662	2790	0.21189554667309998259305814372055
633	491994	2804	0.21184829563559307019637856228655
636	494325	2817	0.2118016424535647534987958806596
639	496657	2829	0.21175558638065644645465113171667
642	498989	2841	0.21171014770473511878989825163444
645	501320	2853	0.21166528136495596501553961843456
648	503652	2865	0.21162098360928005558179165745969
651	505983	2877	0.21157724305289013488895477621554
654	508315	2889	0.21153404900924130394024302859179
657	510646	2901	0.21149139944129610735323865355895
660	512978	2912	0.21144929109107329923133988813788
663	515309	2925	0.21140770227269681247328492190718
666	517641	2937	0.2113666415159433653592202517757
669	519973	2949	0.21132608212853001838915645294037
672	522304	2961	0.2112860323660280814639378377251
675	524636	2973	0.21124648664302808631632046854065
678	526967	2985	0.21120742956040186588673179812758
681	529299	2997	0.21116884665823615341295749203709
684	531630	3008	0.21113075964776029103120436047902
687	533962	3020	0.21109311840040512198157784951036
690	536294	3032	0.21105593094496624684275332128891
693	538625	3046	0.21101920929490342038192807194719
696	540957	3059	0.2109829263464217119494747976205
699	543288	3073	0.21094709668788189094179585936217
702	545620	3086	0.21091169975235826705706188022305
705	547951	3100	0.21087672615527239261545844328793
708	550283	3114	0.21084216977196584830167580548732
711	552614	3127	0.21080805185780651656024531348521
714	554946	3141	0.21077433409977988643113633315807
717	557278	3155	0.21074103416099027041852309594105
720	559609	3168	0.21070812040419212296527007310942
723	561941	3182	0.21067558739307429283016404042428
726	564272	3195	0.21064344961794936872401251548581
729	566604	3209	0.21061170273931917318321893617394
732	568935	3223	0.21058032648804050901425455322169
735	571267	3237	0.2105493219404656335402847844307
738	573598	3250	0.21051867368891966081356770246202
741	575930	3269	0.2104884052129754878901479742126
744	578262	3288	0.21045848858681195925335316587734
747	580593	3307	0.21042889638937581353594907795923
750	582925	3326	0.21039966702030571399362202100747
753	585256	3345	0.21037077854786845332313305334537
756	587588	3364	0.21034222005223293661124728259892
759	589919	3383	0.21031399199314584902431590762717
762	592251	3402	0.21028608710399837589122284953191
765	594583	3421	0.21025852235508823984133641715744
768	596914	3440	0.21023126160987606891872303549462
771	599246	3459	0.21020430722279948021480322495336
774	601577	3475	0.21017765633515497758487811097439
777	603909	3492	0.21015133075730407785641773443785
780	606240	3508	0.21012529578755329007222485415696
783	608572	3524	0.21009955725126794323642798190122
786	610903	3540	0.21007411696846370330327147257776
789	613235	3556	0.21004896029658504108539318622206
792	615567	3572	0.21002408194730040613684707295761
795	617898	3588	0.20999949171325807406596197779436
798	620230	3605	0.20997519167403760897983033828496
801	622565	3621	0.20995114849723300887163190964202
804	624896	3636	0.20992737918712034428381230100058
807	627228	3652	0.20990387391151582585635537725466
810	629559	3668	0.20988063031113446399444910639431
813	631891	3684	0.20985764618344912579850358724798
816	634223	3698	0.20983491537185761099948422270245
819	636554	3711	0.20981243151825121340259272528783
822	638886	3725	0.20979020239948151238529305828706
825	641217	3739	0.20976822632357394748936485484592
828	643549	3752	0.20974648464098835654034758135822
831	645880	3766	0.20972498198594588525445203686104
834	648212	3780	0.20970371706622109586604096875817
837	650543	3793	0.20968268727847808041708788096003
840	652875	3807	0.20966188712881636546647712293634
843	655207	3821	0.20964132195094173360949696416355
846	657538	3834	0.20962097619214845045654271871172
849	659870	3848	0.20960084590139171911715720852953
852	662201	3862	0.20958094060571627603728472877265
855	664533	3876	0.20956125298357969333196137995401
858	666864	3889	0.20954177295290857263587724901299
861	669196	3905	0.20952251049841172370058473006793
864	671528	3920	0.20950345635051736969955982203828
867	673859	3936	0.20948461073999108394971813140728
870	676191	3952	0.2094659608759803781641295472582
873	678522	3968	0.20944750960693089836262004155287
876	680854	3984	0.20942925251051386359435468875745
879	683185	3999	0.20941119053159484852955074529746
882	685517	4015	0.20939332564582840978673061727022
885	687848	4031	0.20937565156984305758669506758451
888	690180	4047	0.20935815759312778605583105218102
891	692512	4063	0.20934085966035576031885057091131
894	694843	4079	0.20932374028734496151926691709377
897	697175	4094	0.20930680609637483668983293227939
900	699506	4110	0.20929004382689092578218037488114
