0	0.35678558965717782625048926092859
164218	0.0028821559217225289906139096274273
328444	0.00062021519038701899972920728032477
492666	0.00062313471703756562192211276851594
656887	0.00063654206237112598287808395980392
821107	0.00063804114018040092304318022797816
985327	0.00063810811940223644000980129931122
1149550	0.00068348234922854800288405385799706
1313771	0.00058320114884885532191560741921421
1477994	0.00063660671651893929734455923608039
1642216	0.00059640988827552865458869746362325
1806439	0.0006372690628340671459284294542158
1970660	0.0006381279851245258427638873399701
2134876	0.00063825701697539649615009693661705
2299096	0.00058762892505864749992383622156922
2463316	0.00061397673958873966171267966274172
2627539	0.00063815733748218139709251772728749
2791761	0.00063821630018184860588803530845325
2955981	0.00063825847704856997211209090892226
3120201	0.0006048032905129896441565051645739
3284419	0.0006369366612434257390873426629696
3448640	0.00063820582257551050631150246772449
3612862	0.00063771713231625115625433863897342
3777077	0.00060396785962463228614183208264876
3941295	0.00060013772968553480424702684103977
4105516	0.00062866874049333221208257782564033
4269733	0.00060097324808489060998795139312278
4433950	0.00063426451548903584054528437263798
4598170	0.00063832319978812668281875630782451
4762386	0.00063825831513408814998911111615598
4926603	0.00061187620204161685677490822854452
