0	1.0000000827403709990903735160828e-10
4599	1.0000000827403709990903735160828e-10
9198	1.0000000827403709990903735160828e-10
13797	1.0000000827403709990903735160828e-10
18396	1.0000000827403709990903735160828e-10
22995	1.0000000827403709990903735160828e-10
27594	1.0000000827403709990903735160828e-10
32193	1.0000000827403709990903735160828e-10
36792	1.0000000827403709990903735160828e-10
41391	1.0000000827403709990903735160828e-10
45990	1.0000000827403709990903735160828e-10
50589	1.0000000827403709990903735160828e-10
55188	1.0000000827403709990903735160828e-10
59788	1.0000000827403709990903735160828e-10
64387	1.0000000827403709990903735160828e-10
68986	1.0000000827403709990903735160828e-10
73585	1.0000000827403709990903735160828e-10
78184	1.0000000827403709990903735160828e-10
82783	1.0000000827403709990903735160828e-10
87382	1.0000000827403709990903735160828e-10
91981	1.0000000827403709990903735160828e-10
96580	1.0000000827403709990903735160828e-10
101179	1.0000000827403709990903735160828e-10
105778	1.0000000827403709990903735160828e-10
110377	1.0000000827403709990903735160828e-10
114977	1.0000000827403709990903735160828e-10
119576	1.0000000827403709990903735160828e-10
124175	1.0000000827403709990903735160828e-10
128774	1.0000000827403709990903735160828e-10
133373	1.0000000827403709990903735160828e-10
137972	1.0000000827403709990903735160828e-10
142571	1.0000000827403709990903735160828e-10
147170	1.0000000827403709990903735160828e-10
151769	1.0000000827403709990903735160828e-10
156368	1.0000000827403709990903735160828e-10
160967	1.0000000827403709990903735160828e-10
165566	1.0000000827403709990903735160828e-10
170165	1.0000000827403709990903735160828e-10
174765	1.0000000827403709990903735160828e-10
179364	1.0000000827403709990903735160828e-10
183963	1.0000000827403709990903735160828e-10
188562	1.0000000827403709990903735160828e-10
193161	1.0000000827403709990903735160828e-10
197760	1.0000000827403709990903735160828e-10
202359	1.0000000827403709990903735160828e-10
206958	1.0000000827403709990903735160828e-10
211557	1.0000000827403709990903735160828e-10
216156	1.0000000827403709990903735160828e-10
220755	1.0000000827403709990903735160828e-10
225354	1.0000000827403709990903735160828e-10
229954	1.0000000827403709990903735160828e-10
234553	1.0000000827403709990903735160828e-10
239152	1.0000000827403709990903735160828e-10
243751	1.0000000827403709990903735160828e-10
248350	1.0000000827403709990903735160828e-10
252949	1.0000000827403709990903735160828e-10
257548	1.0000000827403709990903735160828e-10
262147	1.0000000827403709990903735160828e-10
266746	1.0000000827403709990903735160828e-10
271345	1.0000000827403709990903735160828e-10
275944	1.0000000827403709990903735160828e-10
280543	1.0000000827403709990903735160828e-10
285142	1.0000000827403709990903735160828e-10
289742	1.0000000827403709990903735160828e-10
294341	1.0000000827403709990903735160828e-10
298940	1.0000000827403709990903735160828e-10
303539	1.0000000827403709990903735160828e-10
308138	1.0000000827403709990903735160828e-10
312737	1.0000000827403709990903735160828e-10
317336	1.0000000827403709990903735160828e-10
321935	1.0000000827403709990903735160828e-10
326534	1.0000000827403709990903735160828e-10
331133	1.0000000827403709990903735160828e-10
335732	1.0000000827403709990903735160828e-10
340331	1.0000000827403709990903735160828e-10
344931	1.0000000827403709990903735160828e-10
349530	1.0000000827403709990903735160828e-10
354129	1.0000000827403709990903735160828e-10
358728	1.0000000827403709990903735160828e-10
363327	1.0000000827403709990903735160828e-10
367926	1.0000000827403709990903735160828e-10
372525	1.0000000827403709990903735160828e-10
377124	1.0000000827403709990903735160828e-10
381723	1.0000000827403709990903735160828e-10
386322	1.0000000827403709990903735160828e-10
390921	1.0000000827403709990903735160828e-10
395520	1.0000000827403709990903735160828e-10
400119	1.0000000827403709990903735160828e-10
404719	1.0000000827403709990903735160828e-10
409318	1.0000000827403709990903735160828e-10
413917	1.0000000827403709990903735160828e-10
418516	1.0000000827403709990903735160828e-10
423115	1.0000000827403709990903735160828e-10
427714	1.0000000827403709990903735160828e-10
432313	1.0000000827403709990903735160828e-10
436912	1.0000000827403709990903735160828e-10
441511	1.0000000827403709990903735160828e-10
446110	1.0000000827403709990903735160828e-10
450709	1.0000000827403709990903735160828e-10
455308	1.0000000827403709990903735160828e-10
459908	1.0000000827403709990903735160828e-10
