0	0	0	0.69314718055914625871594125783304
3	466	2	0.53452048180120825815464513652842
6	932	5	0.44114007093673712756043414628948
9	1398	8	0.3959149743985347358332660405722
12	1865	11	0.35374947204264567401921226519335
15	2331	14	0.33465050560674292068341628691996
18	2797	17	0.32471532357935478652066763061157
21	3264	20	0.31807903271503301656508710948401
24	3730	23	0.3130061141316440309623203575029
27	4196	27	0.30973179067036604728002657793695
30	4663	30	0.3057802402527344809435305705847
33	5129	33	0.30278932246183776211267968392349
36	5595	36	0.30024192017859746561825318167394
39	6062	40	0.29750210395751502945316246950824
42	6528	43	0.2951720990903523023085597287718
45	6994	46	0.29331311292350570330000891772215
48	7460	49	0.29165004664669696987644442742749
51	7927	53	0.28984237689786568337169114784047
54	8393	56	0.28768571654815933147375517364708
57	8859	59	0.28539232905006933771474564309756
60	9326	62	0.28408865443895914282279591134284
63	9792	65	0.28287606813910975978032524835726
66	10258	69	0.28133682078364141698756384357694
69	10725	72	0.27949759316872557768363094510278
72	11191	75	0.27733771834628101471409422629222
75	11657	78	0.27626949982711357378661887196358
78	12124	82	0.27527853091184811828995293581102
81	12590	85	0.27390560829882770743637365740142
84	13056	88	0.27231295289775198087411922642787
87	13523	91	0.27031577641917298171492234359903
90	13989	95	0.26938925084581333280198123247828
93	14455	98	0.26853980847143449350866717395547
96	14921	101	0.26731274581258895883806303572783
99	15388	104	0.26593786017074150240802055122913
102	15854	108	0.26414308219621268625232346494158
105	16320	111	0.2633201533302101937650263607793
108	16787	114	0.2625761034871616494967838661978
111	17253	117	0.26146804304707016441966516140383
114	17719	120	0.2602925028466013812611379307782
117	18186	123	0.25868616022593515779703920998145
120	18652	127	0.25794141928925490292456856877834
123	19118	130	0.25728671956572513046523908997187
126	19585	133	0.25628508023472768018180545368523
129	20051	136	0.25527013639833207037099782610312
132	20517	140	0.25384209139920521636213379679248
135	20984	143	0.25317271876760760740410205471562
138	21450	146	0.25259241312114483202222459112818
141	21916	149	0.25168799380368123141948899501585
144	22382	153	0.25082072362070378934717496122175
147	22849	156	0.24955270662784484470009260803636
150	23315	159	0.24894591634511117894668075223308
153	23781	163	0.24843052464698550663158016504894
156	24248	166	0.24761834941255256303804799244972
159	24714	169	0.24688029360153834756985702370002
162	25180	172	0.24575584851770476690902000882488
165	25647	175	0.24520372442856386285825465165544
168	26113	179	0.24474417880159152205443717775779
171	26579	182	0.24400646280458215819919587374898
174	27046	185	0.24337878062804743639624405204813
177	27512	188	0.24237612452144172148216227924422
180	27978	192	0.24187578151453470454157468338963
183	28445	195	0.24146598963062546050473144987336
186	28911	198	0.24079790968678291274152059031621
189	29377	201	0.24026600085569349563030527860974
192	29843	204	0.23937457012118892873964171030821
195	30310	208	0.23891455267466998879655193377403
198	30776	211	0.23854795919913257540301287917828
201	31242	214	0.23794548068218127068185197003913
204	31709	218	0.23749680588494029298551879492152
207	32175	220	0.23669077268861488105855528374377
210	32641	223	0.23627811604556761548856513854844
213	33108	226	0.23594970803049725160960292669188
216	33574	229	0.23540317007175767805016164402332
219	34040	232	0.2350155928008947070484424557435
222	34507	234	0.23429016684770179179686522275006
225	34973	237	0.23391561279239903026194724589004
228	35439	240	0.2336218540793453535275858712339
231	35906	243	0.23312132237170513082702427709592
234	36372	246	0.23280038671874089817315223172045
237	36838	248	0.23214417412807661356133337449137
240	37304	251	0.23180035805598173115349425188469
243	37771	254	0.23153615213566638986186774218368
246	38237	257	0.23107952669371639720097277859168
249	38703	259	0.23080600830768358000533169160917
252	39170	262	0.23021017402597204748460057999182
255	39636	265	0.22989219690014311980874595064961
258	40102	268	0.22965474802921004293665419027093
261	40569	271	0.22923832699168794624355882660893
264	41035	273	0.2290127861670810671679276993018
267	41501	276	0.22847371537176475175812129236874
270	41968	279	0.22817417457595678964565877322457
273	42434	282	0.22795985624261738689000367230619
276	42900	284	0.22757950351989353343640232196776
279	43367	287	0.22739521328005785072434719040757
282	43833	290	0.22690390339508759165454421236063
285	44299	293	0.22662378557431897552199018264218
288	44765	296	0.22643035695110522165229838265077
291	45232	298	0.22608103878555305121800245160557
294	45698	301	0.22593213786772733953078784452373
297	46164	304	0.22547976392309390658574841381778
300	46631	307	0.22522192834600898714292327440489
303	47097	310	0.22504695136317992565366807866667
306	47563	313	0.22472618226951690534320960068726
309	48030	315	0.22460471481593080600447365213768
312	48496	318	0.22418969389689619164940381779161
315	48962	321	0.22394742430003011790518030466046
318	49429	324	0.22378873901452656092203596926993
321	49895	326	0.22349506148929981774742259403865
324	50361	329	0.22339772433409446628083117047936
327	50828	332	0.2230171715157522605021966910499
330	51294	335	0.22278974321402622571497431636089
333	51760	338	0.22264499286203534578199025872891
336	52226	340	0.22237427397624787150931524593034
339	52693	343	0.22230418060655959822113914015063
342	53159	346	0.22195184378759469367992096522357
345	53625	349	0.22173668767124807277291154150589
348	54092	351	0.22160661183052424161310511863121
351	54558	354	0.22135807423527190107570561394823
354	55024	357	0.22131044068273553193648695014417
357	55491	360	0.22098356845574101958717960769718
360	55957	362	0.22077922967284177580005177787825
363	56423	365	0.22065882273279832648249509929883
366	56890	368	0.22042735136096144876738378570735
369	57356	371	0.22039940377010741601182530757796
372	57822	374	0.22009394523503716945000974192226
375	58289	376	0.21989967368947080372798552616587
378	58755	379	0.21978941825766729056823578503099
381	59221	382	0.21957523809585291485468871997
384	59687	384	0.2195534135380579066065820370568
387	60154	387	0.21927075338123325209949143754784
390	60620	390	0.2190881123836952715233650224036
393	61086	393	0.2189894251122677104604008491151
396	61553	396	0.21879311874229176448913847252697
399	62019	398	0.21878691580337944477818723498785
402	62485	401	0.21852383322476690019620093607955
405	62952	404	0.21834814953240283541546773449227
408	63418	407	0.21825667964310774271652348943462
411	63884	410	0.21807280474075735332561976065335
414	64351	412	0.21808136776483910690416223587818
417	64817	415	0.21783312635791704514609534726333
420	65283	418	0.21766484464588370384419135916687
423	65749	421	0.2175806536425009540813846342644
426	66216	424	0.21740914646685555178251547658874
429	66682	428	0.21743707920296825863992751237674
432	67148	431	0.2172030506566707264148874401144
435	67615	434	0.21703747919601087956742446749558
438	68081	438	0.21695918092853896941285540833633
441	68547	440	0.21679839524058622246549532519566
444	69014	444	0.21682512271187021068996614303614
447	69480	447	0.21660702662040498545081845804816
450	69946	450	0.21645336888003352537879209194216
453	70413	453	0.21638187964828001219608211158629
456	70879	456	0.21623380539904127339845274491381
459	71345	460	0.21626584938705845084783163656539
462	71812	463	0.21606269486545984226388839033461
465	72278	466	0.21591655975184806393052383555187
468	72744	469	0.21585131508009453016327938712493
471	73210	473	0.21571344576441253693133148772176
474	73677	476	0.21576018712938851984439736497734
477	74143	479	0.2155650159889369588128715804487
480	74609	483	0.21542009430380909540403422397503
483	75076	486	0.21535922128216050674964776590059
486	75542	489	0.21523046399596401645482046660618
489	76008	493	0.21527835496982439256186125930981
492	76475	496	0.21509489753570995573817015156237
495	76941	499	0.21496061567694416116758304724499
498	77407	502	0.21490519527744558758719506386115
501	77874	505	0.21478420154835281552507808555674
504	78340	509	0.21483861472475410114846283704537
507	78806	512	0.21466473604283958787064534590172
510	79273	515	0.21453302252106132286257889063563
513	79739	518	0.21448108165682538972518500486331
516	80205	522	0.21436769698724375543541498245759
519	80671	525	0.21442240546315610716376909294922
522	81138	528	0.21425898823948524851701336046972
525	81604	532	0.21413443622563124724145211530413
528	82070	535	0.21408762304307157875449263428891
531	82537	538	0.2139827424475298500716746730177
534	83003	541	0.21403978687669608649279950896016
537	83469	544	0.21388263465876419799904795127077
540	83936	547	0.21376328665390750827235422093509
543	84402	551	0.21372128165372270003352639378136
546	84868	554	0.2136239430022803809094966709381
549	85335	557	0.21368121276243268180650147769484
552	85801	560	0.21353121881430758843833928040112
555	86267	564	0.21341612511324281609148556526634
558	86734	567	0.21337792635247751493743351147714
561	87200	570	0.21328781746295752408393298082956
564	87666	574	0.21334411682436421608954901785182
567	88132	576	0.21320461284354697006904189038323
570	88599	580	0.2130933712649473732447802376555
573	89065	583	0.21305834180400820554446283949801
576	89531	586	0.21297303896941105483264777831209
579	89998	589	0.21303846658099809263653412472195
582	90464	593	0.21290294340793047833670925683691
585	90930	596	0.21279426574840332175853063745308
588	91397	599	0.21276144423846377051745548669714
591	91863	603	0.21268060542186970063305295752798
594	92329	606	0.21275199839907324439458591314178
597	92796	609	0.21262151960819397622515225521056
600	93262	612	0.21251472066430635021738737577834
603	93728	616	0.21248287274383068079508518621878
606	94195	619	0.21240609617589345514687693139422
609	94661	622	0.2124861329520486841193616101009
612	95127	625	0.21235872456501028726627566811658
615	95593	628	0.21225043642585209036077742439375
618	96060	631	0.21222018395489647413221234728553
621	96526	634	0.21214802477219987797418809805094
624	96992	637	0.2122337055620160950475394656678
627	97459	639	0.21211006482577299259162373346044
630	97925	642	0.21200403526697314537940997070109
633	98391	645	0.21197608620099417375826078568934
636	98858	648	0.21190804312517524943260127656686
639	99324	650	0.2119955182118013758962860038082
642	99790	653	0.21187718166425181798295795942977
645	100257	656	0.21177396899402553542834937161388
648	100723	659	0.21174747706238444822091082642146
651	101189	661	0.21168350669966182198145077109075
654	101656	664	0.2117751095641653147350069730237
657	102122	667	0.21166176171429498809040126161563
660	102588	670	0.21155780420749620285292280641443
663	103054	673	0.21153240100589892902505084748555
666	103521	675	0.21147156035580863542300278368202
669	103987	678	0.21156861895828990571821748289949
672	104453	681	0.21145651943115026383246402019722
675	104920	684	0.21135387829162169404106919046171
678	105386	686	0.21133014815807873998387833580637
681	105852	689	0.21127296325726713233095210853207
684	106319	692	0.21136850847299537559109694484505
687	106785	695	0.21126091818547595990729348613968
690	107251	698	0.21116144997919403247799152723019
693	107718	700	0.21113976867857450758769743970333
696	108184	703	0.2110868766989295319813635387618
699	108650	706	0.2111813156007261438329436487038
702	109117	709	0.21107619851708439573378939257964
705	109583	712	0.21098032444215278347066089281725
708	110049	714	0.21096027075427159491738393626292
711	110515	717	0.21091011066265052953383474232396
714	110982	720	0.21100854000881996697103204496671
717	111448	723	0.21090596426903063242974667446106
720	111914	725	0.21081118167213039327201329342643
723	112381	728	0.21079145697152057437051553279161
726	112847	731	0.21074336878388411076201691685128
729	113313	734	0.21084804467859175058919163348037
732	113780	737	0.21074814833560451265981328106136
735	114246	739	0.21065261468660409494013663334044
738	114712	742	0.21063354814747634047300550719228
741	115179	745	0.21058713557067970656433431031473
744	115645	748	0.21069136659742665473871170433995
747	116111	750	0.21059502890905018590572694847651
750	116578	753	0.21050131024175994243208265288558
753	117044	756	0.21048425989549779391296624453389
756	117510	759	0.21044030112259967668641991167533
759	117976	762	0.2105373296845731434512316582186
762	118443	765	0.21044427436749388315995190623653
765	118909	767	0.21035725724448428586299542075722
768	119375	770	0.21034240325878655886171486599778
771	119842	773	0.21030235312771289324373924500833
774	120308	776	0.21040192485045169923374430709373
777	120774	778	0.21031164314041883578454417147441
780	121241	781	0.21022468261854942994659722899087
783	121707	784	0.21020847244115886676141258249118
786	122173	787	0.21016941116511764220398106317589
789	122640	789	0.21027032974781009744269510974846
792	123106	792	0.21018192402373922500480318831251
795	123572	795	0.21009552572642600787311550902814
798	124038	798	0.21008156718181567046421776012721
801	124505	801	0.21004504082524835806289331685548
804	124971	804	0.2101490157751646492556574230548
807	125437	806	0.21006124386091493128070339935221
810	125904	809	0.20997633177657462622001105501113
813	126370	812	0.20996234881251776838162470539828
816	126836	815	0.20992750051150813050959698102815
819	127303	817	0.21002747796617057818302498617413
822	127769	820	0.20994273193770823793258273326501
825	128235	823	0.20986156842111766684944029748294
828	128702	827	0.20984975407027159355344281266298
831	129168	830	0.20981680451079079419152151331218
834	129634	833	0.20992475914337496711858932485484
837	130101	836	0.20983977707949774682560928340536
840	130567	839	0.20975463171555941421786428691121
843	131033	843	0.20974220105737942376755711393344
846	131499	846	0.20971068141197485301674419133633
849	131966	849	0.20981998789745998079681044146128
852	132432	852	0.20973653200642219940341703932063
855	132898	856	0.20965362758496158823717792074603
858	133365	859	0.20964135362788460792415889955009
861	133831	862	0.2096107016495432628921946616174
864	134297	865	0.20972382452294632826372833278583
867	134764	869	0.20963985242827543054033867520047
870	135230	872	0.20955875103538251780221912667912
873	135696	875	0.20954648098606751260852831819648
876	136163	878	0.2095169321900621772769568451622
879	136629	882	0.20963476174728321033136069218017
882	137095	885	0.20955234225426366823086254953523
885	137562	888	0.20946822049617067063032038731762
888	138028	891	0.20945638610732864037800027290359
891	138494	894	0.20942880291961940564249289309373
894	138960	898	0.20954214197778817108108739830641
897	139427	901	0.20946264531556077481688760144607
900	139893	904	0.20938207629084615302161864747177
