0	0	0	0.69314718055914625871594125783304
3	2212	1	0.50465496914123730842760551240644
6	4425	2	0.42317634244285473599234137509484
9	6638	3	0.38060870756704312523055477868184
12	8851	5	0.35600057817136893101306327480415
15	11063	6	0.34022154701015594469026837032288
18	13276	8	0.3296732337626328002144759921066
21	15489	9	0.32198874283064782275687321089208
24	17702	10	0.31616588121581368220347485475941
27	19914	12	0.31154252245997865466975440540409
30	22127	13	0.30772039308265153323418417130597
33	24340	15	0.30443172336267887434502199539565
36	26553	16	0.30153659806611476934534721294767
39	28765	18	0.29893940785709327556673997605685
42	30978	19	0.29656142017118158893396184794256
45	33191	21	0.29434828679690439034999371870072
48	35404	22	0.29226152491093265739507955913723
51	37616	23	0.29028906854158453842984499715385
54	39829	25	0.28840433360577949484238047261897
57	42042	26	0.28659952331375959655446195029072
60	44255	28	0.28485462770766317719406401920423
63	46467	30	0.28316724881206029040825455922459
66	48680	32	0.28153261183827971159132630418753
69	50893	34	0.27994888636268427939413072635944
72	53106	36	0.27840496974013900777222829674429
75	55319	38	0.27690541998490686426137585840479
78	57531	40	0.27544381094160474976462182894466
81	59744	42	0.27401947899100176364584058319451
84	61957	44	0.27263271470642297389375130478584
87	64170	46	0.27127733451999036518031971354503
90	66382	48	0.26996059125441163040193259803345
93	68595	50	0.26867289610833139379408862623677
96	70808	52	0.26743772431257706312379696100834
99	73021	53	0.26621261963369180492122723080683
102	75233	55	0.26501321572224101341674895593314
105	77446	57	0.26384329472780848613311377448554
108	79659	58	0.26270413512845997017208787838172
111	81872	60	0.26159112007092949481190657934349
114	84084	61	0.26050652396759482742893965223629
117	86297	63	0.25944519963882856083969841165526
120	88510	65	0.25840804888638108094411904858134
123	90723	66	0.25739593300553270660557814153435
126	92935	68	0.2564077428935764291217935806344
129	95148	70	0.25544519254967157362301577450125
132	97361	71	0.25450566307066335713926719108713
135	99574	73	0.2535881111287773825857527754124
138	101786	75	0.2526989219099569639048752378585
141	103999	76	0.25182368993622761266237830568571
144	106212	77	0.2509697487249623604199655346747
147	108425	79	0.25014035646786825228815587252029
150	110638	80	0.24932696458461539590345523720316
153	112850	82	0.24853126830812205527720948339265
156	115063	83	0.24775601230747043568491960741085
159	117276	84	0.24699775332150769591166294958384
162	119489	86	0.24625615287204366543605260631011
165	121701	87	0.24553114885070811967970882960799
168	123914	89	0.2448262643851397413197190644496
171	126127	90	0.24413653929166348466317515431001
174	128340	91	0.24346400255601555184803430620377
177	130552	93	0.24280488982325956759389384842507
180	132765	94	0.24216113041666165184295778090018
183	134978	96	0.24153434847990423728347764154023
186	137191	97	0.24091998547968221378035025281861
189	139403	99	0.2403191129262826075674297499063
192	141616	100	0.23973360713929064980121097505616
195	143829	102	0.23916048876692483360351104693109
198	146042	104	0.23860016205751508056032150761894
201	148254	105	0.23805119122293402766921133206779
204	150467	107	0.23751477219276723173990717441484
207	152680	109	0.23699008675369800935861519519676
210	154893	110	0.23647898584710771996419964580127
213	157105	112	0.23597905503563340601225206683011
216	159318	113	0.23549024752962105511144841329951
219	161531	115	0.23501119239009346517654819308518
222	163744	117	0.23454150499155693165853620030248
225	165957	118	0.23408373468249391025075567540625
228	168169	120	0.23363568291403613574885866910336
231	170382	122	0.2331967098408423422206681152602
234	172595	123	0.23276785963335056006684453677735
237	174808	125	0.23234816775123209864339912655851
240	177020	126	0.23193597346243186030356753235537
243	179233	127	0.23153368357990505854715479472361
246	181446	129	0.23113957705615392757003689894191
249	183659	130	0.23075285832596015289652768842643
252	185871	132	0.23037594664955324263999614231579
255	188084	133	0.2300062881248641777354180248949
258	190297	135	0.22964299033692717189047982628836
261	192510	136	0.22928725069010311155004444572114
264	194722	138	0.22893947603893827213994427438593
267	196935	139	0.22859878568362557160753567586653
270	199148	141	0.22826564613103564327367678288283
273	201361	142	0.22793947296348737729942968144314
276	203573	143	0.22761851651940379070993003551848
279	205786	145	0.22730406435762692818336461186846
282	207999	146	0.22699575530550536450746790251287
285	210212	148	0.22669412999147958709400541010837
288	212424	150	0.22639931349779485181272775662364
291	214637	151	0.22610925473358023385372916891356
294	216850	153	0.22582585414440589643980672462931
297	219063	155	0.22554712004570842687201093212934
300	221276	156	0.22527476139777813379794224601937
303	223488	158	0.22500653527492947558741320790432
306	225701	160	0.22474384175686318299014487820386
309	227914	161	0.22448683983558664900570533973223
312	230127	163	0.2242336592194127120603042158109
315	232339	164	0.22398538131708706222511295891309
318	234552	166	0.22374223088345951415689683017263
321	236765	168	0.22350315311998886214084336643282
324	238978	169	0.22326873261876153953231494142528
327	241190	171	0.2230384437547510145805063075386
330	243403	172	0.22281252930506709186708746983641
333	245616	174	0.22259097463111332526608521220624
336	247829	175	0.22237396201031034426165433615097
339	250041	176	0.2221613224017283949596190950615
342	252254	178	0.22195265628105903532585330140137
345	254467	179	0.22174651373369574924865332832269
348	256680	180	0.22154438470086773582679029459541
351	258892	182	0.22134594823945927255515186971024
354	261105	183	0.22115227946235466172097972048505
357	263318	184	0.22096187452500665182597572311352
360	265531	186	0.22077382557033947696467635068984
363	267743	187	0.22058912517320436452727960841003
366	269956	189	0.2204077193071133089485869049895
369	272169	190	0.22022958445393106541310146440082
372	274382	191	0.22005497647949939787892503773037
375	276595	193	0.21988293089057964202481798565714
378	278807	195	0.21971391939486503708245379584696
381	281020	196	0.21954783399914939989727713509637
384	283233	198	0.21938471871477802088712394379399
387	285446	200	0.219224162082097051573725821072
390	287658	202	0.21906760178197476340855587295664
393	289871	203	0.21891259735422990972963930289552
396	292084	205	0.21876001198811942383137818524119
399	294297	206	0.21861017262939436145430249780475
402	296509	208	0.21846289998687809519317681861139
405	298722	210	0.21831824233549371183649157046602
408	300935	212	0.21817667544294477854904812375025
411	303148	213	0.21803653806276432347566185399046
414	305360	215	0.21789900659526004189636694263754
417	307573	216	0.21776354307483797301259187406686
420	309786	218	0.21763018397143460425091632259864
423	311999	219	0.21749903329093003834238118088251
426	314211	221	0.21737015911005405643940946447401
429	316424	222	0.2172432921450210829839022608212
432	318637	223	0.2171184840142836303122919616726
435	320850	225	0.21699595675635341418541202074266
438	323062	226	0.21687502308835859832214509879122
441	325275	228	0.21675615676882328819452538937185
444	327488	229	0.21663903948357116080458695250854
447	329701	230	0.21652384268907223785483040501276
450	331914	232	0.21641052248960288006962571216718
453	334126	233	0.21629899693778809055544343209476
456	336339	235	0.21618943958898334534168839127233
459	338552	236	0.2160813056258382991448030452375
462	340765	237	0.21597489666937855212758279321861
465	342977	239	0.21587004432932327402383521075535
468	345190	241	0.21576684585307415176202994189225
471	347403	242	0.21566526435142335804684421418642
474	349616	244	0.21556521995996272278439676028938
477	351828	246	0.21546677174993184022966374868702
480	354041	247	0.21536967248166422050914547980938
483	356254	249	0.21527405449892081379381636452308
486	358467	251	0.21518007737336170004383006926219
489	360679	252	0.21508741412711313012451341819542
492	362892	254	0.21499613591022487257831130591512
495	365105	256	0.21490731355232092769647067598271
498	367318	257	0.21481875904163441615146723506768
501	369530	259	0.21473143419771362205850095961068
504	371743	261	0.21464549217513806400603471047361
507	373956	262	0.2145608824370643930024016299285
510	376169	264	0.21447738135282912175227920670295
513	378381	265	0.21439512890281414714266361443151
516	380594	266	0.21431408881778138408868983333377
519	382807	268	0.2142342768496280636103534789072
522	385020	269	0.2141555296103209438118852858679
525	387233	271	0.21407799594679330357216429092659
528	389445	272	0.21400155273274806821959259650612
531	391658	274	0.21392615723758851009606019033527
534	393871	275	0.2138519131169980547202413845298
537	396084	277	0.2137796621540791197624287178769
540	398296	278	0.21370754685068665823521882884961
543	400509	280	0.21363633378495305858990604974679
546	402722	281	0.21356626896082067657012260042393
549	404935	282	0.21349713379481000119497480227437
552	407147	284	0.21342890688656313002979914017487
555	409360	285	0.21336167978933945343911204872711
558	411573	287	0.21329545723438342319511207278993
561	413786	289	0.21323106881675427115574450454005
564	415998	290	0.21316662465367966494689255796402
567	418211	292	0.21310306071165402430622748397582
570	420424	294	0.21304034620054673743183570877591
573	422637	295	0.21297861454810526615766264058038
576	424849	297	0.21291859668547358230838995041267
579	427062	299	0.21285836968968271931679225872358
582	429275	300	0.2127990004897125919658407156021
585	431488	302	0.21274044009206435901226939222397
588	433700	303	0.21268267887592273712726864687284
591	435913	305	0.21262563176954379917660276078095
594	438126	307	0.21256937868811792702317120529187
597	440339	308	0.21251388131263632130796281671792
600	442552	310	0.21245913521431972204034366313863
603	444764	311	0.21240508831706547687723229955736
606	446977	313	0.21235183201963578336624038911395
609	449190	314	0.21229924481653064671782260575128
612	451403	316	0.21224741135290281501823983489885
615	453615	317	0.21219619699466013562627608735056
618	455828	319	0.21214568653521595487099205001869
621	458041	320	0.21209577982134714124740071383712
624	460254	322	0.21204652354566222438592149046599
627	462466	323	0.21199799163236460186610088385351
630	464679	324	0.21195000787975956657582798925432
633	466892	326	0.21190261921029318603615365645965
636	469105	327	0.2118558707473750524208355727751
639	471317	329	0.211809762783555455278872159397
642	473530	330	0.21176522628148258808877812953142
645	475743	331	0.21172025029426219666639497063443
648	477956	333	0.21167586159981677251806786443922
651	480168	335	0.21163202835806457779987965750479
654	482381	336	0.21158876008150123704254497170041
657	484594	338	0.21154607491767463134380022893311
660	486807	340	0.21150387976469531281509262043983
663	489019	341	0.21146223249708301361593498768343
666	491232	343	0.21142113389768396602974576126144
669	493445	345	0.21138050682283884840195753440639
672	495658	346	0.21134041384525209528177924767078
675	497871	348	0.21130085016516494955673977074184
678	500083	350	0.21126169838816213908394558984583
681	502296	351	0.21122302383430149874676828858355
684	504509	353	0.21118482188908357932710657678399
687	506722	355	0.21114708945489632507808153150108
690	508934	356	0.21110985198011569807796661280008
693	511147	358	0.2110730434665635257829308102373
696	513360	359	0.21103667566546113754100133519387
699	515573	361	0.21100074760140993812562726361648
702	517785	362	0.21096529391240892437053844332695
705	519998	363	0.21093024241563693155221415054257
708	522211	365	0.21089562696508687422713990144985
711	524424	366	0.21086142590594578183349483424536
714	526636	368	0.21082762734207030619337785992684
717	528849	369	0.21079424731296841910577199996624
720	531062	371	0.21076124647105184961581869629299
723	533275	372	0.21072868518694157224935281647049
726	535487	373	0.21069648805049900897046200043405
729	537700	375	0.21066467529688667759124598433118
732	539913	376	0.2106332599472578726018667794051
735	542126	378	0.21060219751142111865860329089628
738	544338	379	0.21057150216445191803771308514115
741	546551	381	0.21054116095294667099224739104102
744	548764	382	0.21051117869108104674324977167998
747	550977	384	0.21048154199064156300025274504151
750	553190	386	0.21045325392320946011892601745785
753	555402	387	0.21042433894267176253123352580587
756	557615	389	0.2103957389938675703877635214667
759	559828	391	0.2103674669163722588116627321142
762	562041	392	0.21033952704811698097842054266948
765	564253	394	0.21031188047582452527173302314623
768	566466	396	0.21028457258294833143175139866798
771	568679	398	0.21025757989885843213251348515769
774	570892	399	0.21023089136167411039579633325047
777	573104	401	0.21020451156896999278522741860797
780	575317	403	0.21017842504486464183521832183033
783	577530	404	0.21015264228711655336567787344393
786	579743	405	0.2101271441171810583359302881945
789	581955	407	0.21010196362204755504698994172941
792	584168	408	0.21007704253416695228118271643325
795	586381	410	0.21005240850767589733116835759574
798	588594	411	0.21002806738927889962376127641619
801	590806	413	0.21000398586809349010806613478053
804	593019	414	0.20998017244700178940419732498412
807	595232	416	0.20995662449058954956981892792101
810	597445	417	0.2099333594543803527265879438346
813	599657	418	0.20991033386523630377418214720819
816	601870	420	0.20988756462407406888637240172102
819	604083	421	0.20986506635627158456891550031287
822	606296	423	0.20984283771754702607736930985993
825	608509	424	0.20982081210693478978690507119609
828	610721	425	0.2097990374090368537185469222095
831	612934	427	0.20977750405753156637267409223568
834	615147	429	0.20975619997361630297838530623267
837	617360	431	0.20973514364680120869444124309666
840	619572	432	0.20971432526310423982707220602606
843	621785	434	0.20969370948784474273374200947728
846	623998	435	0.209673321813066138030734464337
849	626211	437	0.20965317371912273181067121186061
852	628423	439	0.20963324886080730857784715226444
855	630636	441	0.20961353453843542538059807611717
858	632849	442	0.2095940362528433686950535275173
861	635062	444	0.20957472986237229983785823606013
864	637274	446	0.20955563739390384303540315613645
867	639487	447	0.20953777169534831825714604747191
870	641700	449	0.20951910550685265421932967910834
873	643913	450	0.20950061737201769451743871286453
876	646125	452	0.2094823363636325042058672352141
879	648338	453	0.20946423582227413628942258583265
882	650551	454	0.20944634263125608275579736528016
885	652764	456	0.20942963098577777047992753978178
888	654976	457	0.20941210937754328735849185250117
891	657189	459	0.20939477269483419696882720018039
894	659402	460	0.20937762591167838333028328179353
897	661615	462	0.20936166832752511890447522091563
900	663828	463	0.20934489009669510206634868154651
