0	0	0	0.69314718055914625871594125783304
3	571	15	0.53744396324487231364486206075526
6	1143	31	0.43790236501888046838359969115118
9	1715	46	0.39264895244689135278548519636388
12	2287	62	0.3545269741576263511362299141183
15	2859	78	0.33648449357803011938727877350175
18	3431	94	0.3259631511042700990898879354063
21	4003	109	0.31888252109852954774282807193231
24	4575	125	0.31344527351096213019232550323068
27	5147	141	0.31008752715274634503828110609902
30	5719	157	0.30614666682200841751892994579975
33	6291	172	0.30301372054101771702505629946245
36	6862	187	0.30039229254826543824563600537658
39	7434	203	0.29758421933187190200342797652411
42	8006	219	0.29524263374463993736540601275919
45	8578	235	0.29337258965013968126100962763303
48	9150	251	0.29166468242537529897973058723437
51	9722	267	0.28984160938221686931726139846432
54	10294	283	0.2876713483770795276583953636873
57	10866	299	0.28537987680051341010667442787963
60	11438	314	0.28410175925814279418446517411212
63	12010	330	0.28287247196337239607544233876979
66	12582	346	0.28132706224296488706215768615948
69	13153	363	0.27947166299475301176613584175357
72	13725	379	0.27729127487983851185759931468056
75	14297	395	0.2762419674854532658514472132083
78	14869	411	0.27524229987939047292755390117236
81	15441	427	0.27387283423172192886596576499869
84	16013	443	0.27227430931572660366413174415356
87	16585	459	0.27027910762899221008837002955261
90	17157	474	0.26936137429730522274695658779819
93	17729	490	0.26851004977109454996408999249979
96	18301	504	0.2672777558385125984408148269722
99	18873	518	0.26589981652127958611231406393927
102	19445	532	0.26410179783997300706488431387697
105	20016	546	0.26329111891800904832194873961271
108	20588	560	0.26255008017278952392459245857026
111	21160	574	0.2614414244389243746624629238795
114	21732	587	0.26025497767817662442269011080498
117	22304	601	0.25865706060320264869645257022057
120	22876	615	0.25792345757893853086528679341427
123	23448	629	0.25726892853867205923634742248396
126	24020	642	0.25626631892277185187367649632506
129	24592	656	0.25525318582238704090414671554754
132	25164	670	0.25382989417029899748001753323479
135	25736	684	0.25316489105409756277254018641543
138	26307	697	0.25258482234930340615264299231058
141	26879	711	0.25168094428939902229558356339112
144	27451	725	0.25081727484102728231718515417015
147	28023	739	0.24955457278082088246051739588438
150	28595	753	0.24894568694981469847427035801957
153	29167	767	0.24842898977378191638365478866035
156	29739	781	0.24761392742471666217340953153325
159	30311	795	0.24687628561702845697567454408272
162	30883	809	0.24575602875810112490917447303218
165	31455	822	0.2452071276565151725090885292957
168	32027	836	0.24474880007229796174961222732236
171	32598	850	0.24401075169898447936311924877373
174	33170	864	0.24338109788120723675497458771133
177	33742	877	0.24238308420207829718684422459773
180	34314	891	0.24188598126203633698061423729087
183	34886	905	0.24147586677856397452401893133356
186	35458	919	0.2408083418378104412216345053821
189	36030	933	0.24027061255187248667297694737499
192	36602	947	0.23937941850941529819962738656614
195	37174	961	0.23892707461737378027422096238297
198	37746	974	0.2385602598771054128068414001973
201	38318	988	0.23795655719948302642130499862105
204	38890	1002	0.2374963991755890957424668386011
207	39461	1016	0.23669634284745752483836156443431
210	40033	1030	0.23628497343412624420722067952738
213	40605	1044	0.23595623329400183809667623791029
216	41177	1057	0.23540931635696404899960043621832
219	41749	1071	0.23502484706657528201745321894123
222	42325	1085	0.23430294995444864158962161582167
225	42896	1099	0.2339266221900301034875013783676
228	43468	1114	0.23363219285159442240029648019117
231	44040	1128	0.23313428981520520344439262316882
234	44612	1141	0.23281179563827675282894347219553
237	45184	1155	0.23215768797511446286385705661814
240	45756	1169	0.23180942175829100104778035529307
243	46328	1183	0.23154475315161043846856614436547
246	46900	1197	0.23109170251557722974844466534705
249	47472	1211	0.23082109212565338207667764436337
252	48044	1225	0.23023029653695878393726559352217
255	48616	1239	0.22990579611569125773051780470269
258	49187	1253	0.22966788149592268220011703760974
261	49763	1267	0.22925281947657352721314794052887
264	50335	1281	0.22902270624932602460788189091545
267	50907	1295	0.2284867605950037794393381318514
270	51479	1309	0.22819147362031128034587368347275
273	52051	1323	0.22797751625623605131742976936948
276	52622	1337	0.22759787243179629978584443961154
279	53194	1353	0.22740493515014365000226348456636
282	53766	1369	0.22691493615737817757249672467879
285	54338	1386	0.22664071057027326827615354432055
288	54910	1402	0.22644739247830505957104207936936
291	55482	1418	0.22609960994917654986124944116455
294	56054	1435	0.22594290797196392439616374758771
297	56626	1451	0.22549284617845952172210388653184
300	57198	1467	0.2252377205403921778259501706998
303	57770	1483	0.22506311702362638560437346768595
306	58342	1499	0.22474298880668497346846379514318
309	58913	1515	0.22461938303706358022182598688232
312	59485	1531	0.22420652299508650462378511747374
315	60057	1548	0.22396535419836785529845712972019
318	60629	1564	0.22380660233594723562688955098565
321	61201	1580	0.22351257176814848248724842960655
324	61773	1597	0.22341047133535718582919571417733
327	62345	1613	0.22303103700406212706042197169154
330	62917	1629	0.22280483486878660537300333999156
333	63489	1645	0.22266065107354418572960241817782
336	64061	1661	0.2223905090434781517405582462743
339	64633	1678	0.22231371903684857271876751383388
342	65205	1693	0.22196257313933204224909445656522
345	65776	1709	0.22174849734101928500074052408308
348	66348	1725	0.22161819395180901159925213050883
351	66920	1742	0.22137040835124713322734635312372
354	67492	1758	0.22131393068644905630648622718581
357	68064	1774	0.2209895330328856266621784243398
360	68636	1790	0.2207877826044558067231093900773
363	69208	1806	0.22066840226918452150250971044443
366	69780	1823	0.22043830452780160955583710347128
369	70352	1839	0.2204023222016763261521532513143
372	70924	1856	0.22010005600932464053798298664333
375	71496	1872	0.21990669456041339602236917016853
378	72067	1888	0.21979694036436714377202861214755
381	72639	1904	0.21958315175665449325848044281884
384	73211	1920	0.21956327082993401522692522576108
387	73783	1937	0.21928184499995723166776429025049
390	74355	1953	0.21909946133268995427378911244887
393	74927	1969	0.218999753177525569025618779051
396	75499	1985	0.21880178409543155071403930378438
399	76071	2001	0.21879253445549529111247011314845
402	76643	2017	0.21852979912333792000822541012894
405	77215	2033	0.21835651347555151691182118156576
408	77787	2050	0.21826486897542693443874384229275
411	78358	2065	0.21808028600370196747881834653526
414	78930	2082	0.2180878786755415521536605183428
417	79502	2098	0.21783948013040810298690530544263
420	80074	2114	0.21767257423376865088648912660574
423	80646	2130	0.21758890243416398324605154357414
426	81218	2147	0.21741823923322317613227028232359
429	81790	2163	0.21743545380138215583620819870703
432	82362	2179	0.2172037646155662582447831709942
435	82934	2193	0.21704449851875812216306371738028
438	83506	2207	0.21696777178304085809124046591023
441	84078	2221	0.21680782665333150904807268943841
444	84653	2235	0.21683235147861690261805733825895
447	85225	2249	0.21661528016662795481650505280413
450	85797	2263	0.21646325544379996230759388708975
453	86369	2277	0.21639220020625982154882649410865
456	86941	2291	0.21624409072668035469710900997597
459	87513	2305	0.21627671524600688979234064390766
462	88085	2320	0.21607201408486148563881101836159
465	88660	2333	0.21592462216498506388795419752569
468	89232	2347	0.21585999533448071985297644914681
471	89804	2362	0.2157223632707458427226754338335
474	90376	2376	0.2157612994541973361339870507436
477	90951	2390	0.21556775769516622887067569536157
480	91523	2404	0.21542675726085588894243016966357
483	92095	2418	0.21536749286296832939235912363074
486	92667	2432	0.215238703925311636311334950733
489	93239	2446	0.215288894167119632117035621377
492	93811	2459	0.21510472221009577231676246356074
495	94383	2473	0.21496633126719982831431821068691
498	94954	2486	0.21491035682037670784261251810676
501	95526	2499	0.21479030534609028224579674315464
504	96098	2513	0.21484770940413644435551532296813
507	96670	2527	0.21467316482893475382276449181518
510	97242	2541	0.21453871216861891690896868567506
513	97814	2555	0.21448646701057333396889248433581
516	98386	2569	0.21437358283613633380682017559593
519	98961	2584	0.21443912833217509961158953046834
522	99533	2597	0.2142723240927735250949126566411
525	100105	2611	0.21414169727572202051035787917499
528	100677	2625	0.21409286954660006196959898261412
531	101249	2639	0.21398662807862989243545825956971
534	101821	2653	0.21405651796781083318066407628066
537	102393	2667	0.21389669552089959903007354569127
540	102965	2681	0.21377213073130801879173645829724
543	103537	2695	0.21372771426712594555752389169356
546	104109	2709	0.2136281355099324263946414248494
549	104681	2722	0.21370273201436928989238595022471
552	105252	2736	0.21355002303981013289657653331233
555	105824	2750	0.21342815909618542691283948897762
558	106396	2763	0.21338603560330640651621081360645
561	106968	2777	0.21329310126103648292961167953763
564	107540	2791	0.21337448167896147510624871301843
567	108112	2805	0.21322767094370503881961553815927
570	108684	2819	0.21310724637544373183395407522767
573	109256	2833	0.21306783326050737770174237084575
576	109828	2847	0.21297858737342961754634984572476
579	110400	2861	0.21306994986574390171796267168247
582	110975	2875	0.21292848806071507095083461535978
585	111547	2889	0.21280994214173837297821023639699
588	112119	2903	0.21277057150841763299986553192866
591	112691	2917	0.21268600830320794070615875170915
594	113263	2931	0.2127727656291185098780260886997
597	113835	2945	0.21263924898889294268222727168904
600	114407	2959	0.21252561644460896128627780399256
603	114978	2973	0.21249164505691897630867970292456
606	115550	2987	0.21241380742143961546375408033782
609	116122	3001	0.21250178825896154366503765231755
612	116694	3015	0.21237316796134569907295031043759
615	117266	3032	0.21226196031362531968511575541925
618	117838	3048	0.212230138765398812505935666195
621	118410	3065	0.21215693000808105717069906859251
624	118982	3081	0.21224495816345387289025836707879
627	119554	3097	0.21212182605617302399991785932798
630	120129	3113	0.21201452251930144599079142153641
633	120701	3129	0.21198528726432663837897507619346
636	121273	3145	0.2119167501674942277745117280574
639	121845	3162	0.21200685703770244527888166885532
642	122417	3178	0.21188840577990425417809206010133
645	122989	3194	0.21178443965250010050382911686029
648	123561	3211	0.21175671411044988401428668112203
651	124133	3226	0.21169165561099473338302345837292
654	124704	3242	0.21178286520301034534519146745879
657	125276	3258	0.211668563156700961780387615363
660	125848	3275	0.2115658637336262359873728655657
663	126420	3291	0.21154041983246832381304614045803
666	126992	3307	0.21147976361378051368689057198935
669	127564	3323	0.21157543329747702243182061465632
672	128136	3339	0.21146307154990864884958057245967
675	128708	3356	0.21136160397302064528624043759919
678	129280	3372	0.21133725751059587172342446592666
681	129852	3388	0.21127974610423591594887682276749
684	130424	3404	0.21137389650928656292805385419342
687	130996	3420	0.21126602025758439706848434980202
690	131567	3436	0.21116862756625842667546066877549
693	132139	3452	0.21114674296768182193417828784732
696	132711	3469	0.2110924921150729161034576009115
699	133283	3485	0.21118805836855983337763120744057
702	133855	3501	0.21108401876045057576902763685212
705	134427	3517	0.21098848156115027063783884386794
708	134999	3533	0.210967345835185532409994380032
711	135571	3550	0.21091582250407789334012420567888
714	136143	3566	0.21101241529475098235302255034185
717	136715	3582	0.21091095351963931592287337934977
720	137287	3599	0.21081687552563616039336125140835
723	137858	3615	0.21079741783757319217862402638275
726	138430	3631	0.21074957864966450959975929890788
729	139002	3647	0.21084850578939215437479504089424
732	139574	3663	0.21074985615123770221757126819284
735	140146	3680	0.21065725699897192013665403464984
738	140718	3696	0.21063845078121412601745987558388
741	141290	3713	0.21059273155540314537148560702917
744	141862	3729	0.21069673600219371301101034532621
747	142434	3745	0.21059905779393353619788342712127
750	143006	3762	0.21050623198583007233963826365652
753	143578	3778	0.21048899332897827441080096377846
756	144149	3794	0.2104455576173152320240689050479
759	144721	3811	0.21054988262511339924820674696093
762	145293	3827	0.21045506377749514936859043245931
765	145865	3844	0.21036442041808170455574611423799
768	146437	3860	0.21034726934513600649090392380458
771	147009	3875	0.21030573294567120323783626645309
774	147581	3889	0.21041198771044511417471767344978
777	148153	3902	0.21032024677858485173231883891276
780	148725	3916	0.21022983679824747138553675540606
783	149297	3930	0.21021343771747091899726456176722
786	149869	3945	0.21017372686394900083151071612519
789	150441	3959	0.21028213229447248466819075929379
792	151012	3972	0.21019199387105561016575450139499
795	151584	3986	0.21010305608739671123785797135497
798	152156	4001	0.21008722082340242076625713707472
801	152728	4015	0.210049534924883096742576071847
804	153300	4029	0.21016195053530989378387516808289
807	153872	4043	0.210071982941983398385232817418
810	154444	4057	0.20998312898693952122108896674035
813	155016	4071	0.20996767440193078724242070620676
816	155588	4085	0.20993162010488430890831068609259
819	156160	4099	0.21004291603520344744460146557685
822	156732	4113	0.20995649026203283549207867508812
825	157303	4127	0.20986951009771512288715200611477
828	157875	4141	0.20985488067943808276893946640485
831	158447	4155	0.20982051908071508439235230980557
834	159019	4169	0.20993144353353795916738988580619
837	159591	4182	0.20984557895934055626874226163636
840	160163	4196	0.20976065482692105024220552422776
843	160735	4210	0.20974794861095505393855376041756
846	161307	4224	0.20971640096970986522073587821069
849	161879	4237	0.20982468299412332379816348293389
852	162451	4251	0.20974059032159744764278741513408
855	163023	4265	0.20965840875286986810799305658293
858	163594	4279	0.20964623297192871986815987384034
861	164166	4292	0.20961626379221892646498304202396
864	164738	4306	0.20972789962968318988600913144182
867	165310	4320	0.2096448099840608481070347579589
870	165882	4334	0.20956335652659305313072479748371
873	166454	4348	0.20955105943240256993753689584992
876	167026	4362	0.20952206103946149906569473841955
879	167598	4375	0.20963547601175444579091333707765
882	168170	4389	0.2095548288513500445606752009553
885	168742	4403	0.20947325478313719160361472404475
888	169314	4418	0.20946070375140279917758334704558
891	169886	4432	0.20943276058341597778422737974324
894	170457	4446	0.20954790856196744974759837987222
897	171029	4460	0.20946845383408699281524434354651
900	171601	4474	0.20938694987911898870436289143981
