0	0	0	0.69314718055914625871594125783304
3	501	61	0.68185981634657666372589801540016
6	1005	122	0.66885283419094054835341012221761
9	1508	186	0.65663960865475290429316146401106
12	2011	247	0.64044144477115427793734170336393
15	2513	309	0.629138676421432507801512201695
18	3016	373	0.62004152957928837519574472025852
21	3518	435	0.60955707972344985723367472019163
24	4020	497	0.59957103501221731267634140749578
27	4523	557	0.58706466738154361451051954645663
30	5024	617	0.57827179013783747141275171088637
33	5526	681	0.5706985108422231167679683494498
36	6030	743	0.56246666109520893073181468935218
39	6532	803	0.55493659919931270785298238479299
42	7033	863	0.5453617842967941609089166377089
45	7535	923	0.53814589393955947205228085294948
48	8037	984	0.53199658078615164047420194037841
51	8538	1053	0.5255223798696736503544002516719
54	9041	1122	0.51867597918877117457725489657605
57	9543	1194	0.51101127599271090051757937544608
60	10046	1266	0.5051033816301830903228164970642
63	10550	1339	0.49988034480051285468604760353628
66	11053	1408	0.49415466918901362891602957461146
69	11554	1483	0.48885301263525682280430828541284
72	12058	1553	0.48298846376894238874299958297343
75	12560	1623	0.47829018365203679330477370967856
78	13063	1694	0.47425712116856344469084660886438
81	13564	1764	0.46959977011381398570577516693447
84	14066	1834	0.46539792863444889858826059025887
87	14568	1905	0.4612319874086966420279054545972
90	15069	1976	0.45722391725272665263801741275529
93	15571	2049	0.45340994164711551084323559734912
96	16074	2122	0.44961479696629252922335240327811
99	16577	2192	0.44591627769462022223834196665848
102	17078	2265	0.44242928098587958052334556668939
105	17581	2335	0.43906370860905336028778833679098
108	18083	2407	0.43579956658585200512945334594406
111	18586	2477	0.43220715321649944007376120680419
114	19087	2549	0.42882989945193528136258009908488
117	19589	2619	0.42578024006908393728210171502724
120	20090	2692	0.42259321273335626045764001901262
123	20593	2763	0.41985052502601588608754923370725
126	21095	2834	0.41712056167351652113950422062771
129	21596	2906	0.41425545270490210514324758150906
132	22098	2977	0.41160775882905314970727772561077
135	22600	3047	0.40922795088132407625991504573904
138	23102	3117	0.40649586313287033867425179778365
141	23604	3188	0.40394789509710615771354014214012
144	24107	3252	0.40117402916941569124276156799169
147	24609	3312	0.39920706136666567198645338976348
150	25110	3374	0.39713681548270329813021817244589
153	25613	3435	0.39502316455250141569166544286418
156	26115	3497	0.39280163084240110604739015798259
159	26617	3557	0.39091633992290442112249593265005
162	27119	3619	0.38947505109932883948786752625892
165	27621	3679	0.38766307609957656454824359570921
168	28124	3741	0.38575165305662861836566435158602
171	28626	3802	0.38408556992023412668402215786045
174	29129	3863	0.38248041722776987549892169226951
177	29631	3929	0.38126441380072956244262627478747
180	30138	3993	0.37956662228767124034334301541094
183	30641	4055	0.37798271434112018507534003219916
186	31143	4115	0.37640774568080581641282833516016
189	31645	4178	0.37483221140353667477640442484699
192	32149	4239	0.37382564081080943418911033404584
195	32651	4300	0.37242318987036926447586893118569
198	33154	4359	0.3709554851569962230506405376218
201	33655	4421	0.36944558729865156765370670655102
204	34158	4482	0.36815147328553482486412917751295
207	34660	4542	0.36729734532193736296079578096396
210	35161	4603	0.36607551330282700474683110769547
213	35663	4665	0.36478063200505222996028464876872
216	36166	4726	0.36354630488360917262014027073747
219	36667	4787	0.36222920805147995615413947234629
222	37169	4849	0.36150923873611723324827948999882
225	37672	4911	0.360510287049610189669124338252
228	38175	4971	0.35927995993676981045794605051924
231	38676	5032	0.35821510897021324737465874932241
234	39179	5093	0.35685984692089139924675578185997
237	39681	5156	0.35634854688728484495285897537542
240	40184	5219	0.35528541261378993043607010804408
243	40688	5281	0.3542539389534052340913206080586
246	41191	5343	0.35326067852179804384959993512894
249	41692	5406	0.35228215762373610298041626265331
252	42195	5469	0.35183731454697303453471590728441
255	42698	5540	0.35111317399891533996836301412259
258	43201	5612	0.35007660519865957393648159268196
261	43704	5683	0.34919716194009808862830368525465
264	44205	5754	0.3483687335543283469796449480782
267	44708	5823	0.34790871780352439213146453766967
270	45210	5895	0.34698733706476386773331910262641
273	45713	5970	0.34611740479486857724467085972719
276	46217	6041	0.3454779027342902986141837118339
279	46719	6113	0.34467879549074531553287670249119
282	47222	6188	0.34426649339198261978722825915611
285	47724	6258	0.34354967077009423981337477016496
288	48226	6328	0.34264105010073775403611762158107
291	48729	6399	0.34178966376113528724545176373795
294	49230	6472	0.3409998389735776624931418155029
297	49733	6542	0.34064187388424527203056868529529
300	50236	6612	0.34015204337072213469639336835826
303	50738	6683	0.33929816560694131544195784044859
306	51239	6755	0.33857278819034325456627243511321
309	51741	6826	0.33783912267997595613167050032644
312	52243	6897	0.33740863543266014223931392734812
315	52747	6967	0.3369233426981999013349877714063
318	53248	7038	0.33614635502266038136198744723515
321	53751	7108	0.33553115713856479507271046713868
324	54254	7180	0.33494395780806818230246335588163
327	54757	7249	0.33466641195761487326265637420875
330	55259	7321	0.33415831032621839957741372018063
333	55760	7393	0.33354961412506473061867495744082
336	56263	7470	0.3329623927089547796853707950504
339	56770	7541	0.33233437641798058148623340457561
342	57271	7614	0.3319862217095781442566249097581
345	57774	7686	0.33159518905011631240142833121354
348	58277	7750	0.33098383247876062007719610846834
351	58781	7812	0.33039011021622050057189312610717
354	59284	7877	0.32984958979389505939749938079331
357	59788	7937	0.32970198190281957417724356673716
360	60290	7998	0.32930546336481325564449207377038
363	60792	8061	0.32878673209639230901046857979964
366	61295	8123	0.32828936595309760049232750134252
369	61796	8185	0.3277313760959125188421126040339
372	62299	8246	0.3274902080695383799202602403966
375	62801	8305	0.32710250881750985163520795140357
378	63302	8364	0.32664199466655829962036250435631
381	63804	8428	0.32628133564364053542661281426263
384	64307	8489	0.32582162321895530299187271339179
387	64808	8550	0.32553458959454933951960242666246
390	65310	8611	0.32522842750277969336991645832313
393	65813	8672	0.32475066942467567532304428823409
396	66314	8734	0.32442000001963661182102782731818
399	66817	8797	0.32405141126857667233096549352922
402	67319	8857	0.32372005744540288674215844366699
405	67820	8921	0.32333993530924004522475456724351
408	68325	8984	0.32291624690695119870298412934062
411	68827	9045	0.32257433007555236237351437011966
414	69329	9105	0.322128319233568716217774863253
417	69831	9169	0.32195717474525964441056657960871
420	70336	9230	0.32163868079550206324768168997252
423	70838	9290	0.32120442593884807047643903388234
426	71339	9352	0.32074785739677880158637890417594
429	71842	9414	0.32034726814755265511536208578036
432	72345	9478	0.32020421546814320512552853870147
435	72848	9539	0.3198968772486452394332445692271
438	73351	9600	0.31949997356351617083802807428583
441	73852	9661	0.31917726570611471004212944535539
444	74355	9725	0.31884655974642162057364203064935
447	74859	9786	0.31866970446659104165831877253368
450	75362	9850	0.31841658790136950774041224576649
453	75864	9914	0.31797017763300577941620872479689
456	76366	9984	0.31764875691387656209130341267155
459	76867	10057	0.31727268048070128569904113646771
462	77369	10128	0.31710760788369302121125770099752
465	77870	10198	0.31677072749097057169365143636242
468	78372	10269	0.31645869712824570285647496348247
471	78873	10339	0.31616880830058141649274716655782
474	79375	10409	0.31583645787538644489345074362063
477	79877	10481	0.31575946740037191817762618484267
480	80378	10555	0.3154769799963387799657255072816
483	80880	10624	0.31519324000811932418031346969656
486	81381	10696	0.31497197985355918081751269710367
489	81883	10767	0.31456404074137850335191046724503
492	82386	10840	0.31438654573578383999432617201819
495	82889	10911	0.31410852515886916735965428415511
498	83390	10981	0.31387875640460299875300620442431
501	83892	11053	0.31364015994597754799499966793519
504	84395	11125	0.31333427775971461892723368691804
507	84898	11199	0.31320035467123441552672602483653
510	85399	11271	0.31299701268936996889635793195339
513	85901	11343	0.31277588124997435237162335397443
516	86404	11416	0.3125598348341276366824104115949
519	86907	11486	0.3122909189205936852928857661027
522	87410	11560	0.31214817592354160424861220235471
525	87912	11634	0.31195399512583082968220082875632
528	88415	11707	0.31166291927378414472471490626049
531	88920	11781	0.31145189908766002240270154288737
534	89422	11852	0.31117177863851530617012031143531
537	89924	11925	0.31103800834270994846164626324025
540	90428	11997	0.31086966959113215835941446130164
543	90930	12067	0.31062350645697900386466017152998
546	91431	12134	0.31038986212918567852980800125806
549	91933	12199	0.31017284073650658315912664875214
552	92436	12261	0.31002782459177347096357379996334
555	92937	12323	0.30990854747298240967623428332445
558	93439	12382	0.30968327385024813080960370825778
561	93941	12443	0.3094739885966709680431563356251
564	94442	12507	0.30923915041138416714971981491544
567	94945	12571	0.30908270482838756665344703833398
570	95451	12632	0.30888330102153604972414768781164
573	95952	12692	0.30865856188020823758222377364291
576	96454	12755	0.30837859740071393854776715670596
579	96955	12817	0.30814971739235119674304996806313
582	97458	12879	0.30802205785444591867872077273205
585	97961	12941	0.30782354556957319813292883736722
588	98463	13003	0.30760472941174016314747063916002
591	98966	13063	0.3073775560395285433301637567638
594	99467	13128	0.30713678929941590212138180504553
597	99971	13189	0.30696869467573761891543426827411
600	100473	13251	0.30680288785026904596620056508982
603	100975	13312	0.30657608574079481256191570537339
606	101476	13373	0.30643329651451656214788954457617
609	101979	13436	0.30622221688717732313023134338437
612	102483	13495	0.30609439646783248578643110704434
615	102985	13560	0.30592421780718692669864822164527
618	103489	13623	0.30574842841401506099430207541445
621	103991	13684	0.30566084345776750597067916714877
624	104492	13743	0.30545055272016741199081479862798
627	104994	13805	0.30535981183966220964265403381432
630	105497	13869	0.30518744053135482552363555441843
633	106001	13929	0.30499856082865006712268041155767
636	106502	13991	0.30483422767065310177159176419082
639	107004	14054	0.30464004526653182258755236944125
642	107508	14118	0.30452907105761778394636962730146
645	108011	14179	0.30443135086983930115422936069081
648	108513	14244	0.30433491297229270378110754791123
651	109014	14306	0.30417485934548349479911166781676
654	109516	14375	0.3040025534682160857080646110262
657	110019	14447	0.30384422090955343076501549148816
660	110520	14521	0.30371374977595327893098442473274
663	111023	14590	0.30358040927235935280137368863507
666	111525	14661	0.30337187237943297191122837830335
669	112026	14732	0.30322621110378727982137547769526
672	112528	14804	0.30313496408341705778966002071684
675	113030	14877	0.30298940929589179837932988448301
678	113531	14950	0.30283971769678869057074166448729
681	114033	15022	0.30266548711390572901080986412126
684	114534	15098	0.30246556225628246084013994732231
687	115037	15170	0.30234521143562925749037617606518
690	115539	15241	0.30220626126303751224355664817267
693	116040	15318	0.30208856086459334733262949157506
696	116546	15390	0.3019079589343887648489328512369
699	117047	15461	0.30173208273653945310499580045871
702	117549	15535	0.30160240882923894378819795747404
705	118051	15611	0.30147808026029543349011419195449
708	118555	15685	0.30126288456438482521448918305396
711	119058	15759	0.30110290412020801475989628670504
714	119561	15831	0.30094419119345960922373706125654
717	120062	15903	0.3008432603548709671770211571129
720	120564	15975	0.30072167173532715622741307015531
723	121065	16048	0.30049567610319571908661373527138
726	121568	16121	0.30035835287033185725391604137258
729	122070	16194	0.30015504754966609857191883747873
732	122571	16268	0.30002684270408241928862480563112
735	123073	16343	0.29990344659122797343897559585457
738	123577	16418	0.29974386771785566097037190047558
741	124080	16492	0.29957790751255453098877978845849
744	124583	16564	0.29939851588546750882358082890278
747	125086	16627	0.29935144314884148952771170115739
750	125587	16691	0.29926017852359798609995777951553
753	126092	16753	0.29914118658204813527845544740558
756	126594	16815	0.2990440857902679216984154209058
759	127097	16880	0.29888801481777904633929665578762
762	127602	16942	0.29875017857443297852881869403063
765	128104	17005	0.29857362033221707120489440967503
768	128607	17069	0.29844703762398572255420958754257
771	129113	17133	0.29834323938918461127656200915226
774	129616	17196	0.29820295984719796811290848381759
777	130119	17259	0.29809710698996588762454962306947
780	130620	17323	0.2979980748244535626589879484527
783	131123	17385	0.29785826833565026694472521739954
786	131625	17447	0.2977371294395665946019846614945
789	132126	17509	0.29760282862533660175330396668869
792	132628	17570	0.29747781266300094005217147241638
795	133129	17632	0.29733454909679496447338920006587
798	133631	17694	0.29719269332844994169207097911567
801	134133	17757	0.29706987765363457310030526059563
804	134634	17822	0.29691352176384722127977511263452
807	135138	17884	0.29680330236726687465065310789214
810	135641	17948	0.29671237268873251746725827615592
813	136144	18012	0.29658591373501280719082728865033
816	136648	18074	0.29641435113472752727048487031425
819	137151	18137	0.29629493002951345914652847568505
822	137654	18200	0.29616816519773364602130527600821
825	138156	18262	0.29608785399005010940953752651694
828	138657	18324	0.29597867280703121783957953994104
831	139160	18385	0.29589202173003426032948937063338
834	139662	18446	0.29573745027901338078279991350428
837	140163	18507	0.29558832230609705105095486032951
840	140665	18571	0.29550244901361077953794165296131
843	141168	18633	0.29538606721680998878909463201126
846	141669	18696	0.29526882934432163718696529031149
849	142171	18759	0.29512779822933710160981490844279
852	142674	18830	0.29501260378308030718486065779871
855	143175	18902	0.29492401473807011713645920281124
858	143677	18979	0.2947915094050296835881397328194
861	144181	19056	0.29464733578454432860738165800285
864	144685	19126	0.29447096953206236547018193050462
867	145187	19199	0.29435496782940195892308565817075
870	145689	19274	0.2942437396624464907013418724091
873	146191	19348	0.29415546093823558004842766422371
876	146693	19422	0.29405764484233587463535286588012
879	147195	19495	0.29393522978887498542377443300211
882	147696	19568	0.29381982764124925378013131194166
885	148198	19643	0.29377612127691149490615885042644
888	148701	19716	0.29366691652510379384466432384215
891	149202	19789	0.29355594125891876222667065121641
894	149704	19864	0.2934012415909753590526065636368
897	150207	19938	0.29324746125660788864664141328831
900	150710	20011	0.29317092387288973265313529736886
