0	0	0	0.69314718055914625871594125783304
3	439	0	0.69966725236460414194539225718472
6	879	0	0.69584289037313906689519171777647
9	1319	0	0.71324136128180304350365759091801
12	1759	0	0.69316490358391724679876233494724
15	2199	0	0.69176126170358553935102463583462
18	2639	0	0.66280711869318031936870738718426
21	3079	1	0.66517331963927595062102682277327
24	3519	1	0.63970999840958009396985062267049
27	3959	1	0.62594634712507413176751924765995
30	4399	1	0.61122476094279487579541410013917
33	4839	1	0.60780137917543763936834011474275
36	5279	1	0.61246102132584212540677981451154
39	5719	1	0.60428805619756209566162397095468
42	6159	2	0.60804340570489345818572246571421
45	6599	2	0.6067851648374423811915789883642
48	7039	2	0.60590587758810587892810417542933
51	7479	2	0.622103864064805667233315489284
54	7919	2	0.60885342088562732776324537553592
57	8359	2	0.61494819642279874294388264388544
60	8799	3	0.60542370440383375118642561574234
63	9239	3	0.59271693350207133033080708628404
66	9679	3	0.59359014315465330469123728107661
69	10119	3	0.57612216693733564465418339750613
72	10559	3	0.56574487882819446404880636691814
75	10999	3	0.54215943522126475162536962670856
78	11439	3	0.53414984773132734297007573331939
81	11879	4	0.54114514543320235695489373028977
84	12319	4	0.53952196786611017476076312959776
87	12759	4	0.52509818947412312262201794510474
90	13199	4	0.51762332755846518494990959879942
93	13639	4	0.51819166628936352836376499908511
96	14079	4	0.51013944119344789562831010698574
99	14519	5	0.50497210540082793084337708933163
102	14959	5	0.50596572265818495761635631424724
105	15399	5	0.50657702102698798363178411818808
108	15838	5	0.4993118524761467336148257345485
111	16278	5	0.50029545870290825781978583108867
114	16718	5	0.49093649885061707571765055035939
117	17158	6	0.48162982773729279273311476572417
120	17598	6	0.47392272102135724054505772073753
123	18038	6	0.46513366219375729126994656326133
126	18478	6	0.46841734078431296328659527716809
129	18918	6	0.45406779963384014120464371444541
132	19358	6	0.44734284431490245470541822214727
135	19798	7	0.44718576045858493550611001410289
138	20238	7	0.4352432419924948669986974891799
141	20678	7	0.43450515519325966229402524731995
144	21118	7	0.42484845119806763369396662710642
147	21558	7	0.42347220944735058933972027261916
150	21998	7	0.42048256307154707744899724275456
153	22438	8	0.41649258326429788867883985403751
156	22878	8	0.4100754630470770378813938350504
159	23318	8	0.40224680859481815042855146202783
162	23758	8	0.40267603439749066751573991496116
165	24198	8	0.39857856927924895096282398299081
168	24638	8	0.39794667110952969268922174705949
171	25078	8	0.3903096079374809845852212220052
174	25518	9	0.39401047969945995896878798703256
177	25958	9	0.39376276959576961278486351147876
180	26398	9	0.39787964798754327233609728864394
183	26838	9	0.39474022354340160267938131255505
186	27278	9	0.39229741472220003295490187156247
189	27718	9	0.39469417873874118596333460118331
192	28158	10	0.39321058165262268158102187953773
195	28598	10	0.39701992095072857757998008310096
198	29038	10	0.39626910039521218154234816211101
201	29478	10	0.3997203951394189269663570485136
204	29918	10	0.39518836024923120753271632565884
207	30358	10	0.39739451719555274333828265298507
210	30798	11	0.39893994379281189077701696987788
213	31238	11	0.38787038684154429013517528801458
216	31677	11	0.38522349563647784176367849795497
219	32117	11	0.38460660275944469344011622524704
222	32557	11	0.38383394057081143824206037606928
225	32997	11	0.38694391486748536124196107266471
228	33437	11	0.38388006829937348918235784367425
231	33877	12	0.3787996860241800711754933672637
234	34317	12	0.3757575874133062265869398288487
237	34757	12	0.37342704989708019880367828591261
240	35197	12	0.3706306775422269494946192480711
243	35637	12	0.36370264536958035739289130106044
246	36077	12	0.365844281197382215076174816204
249	36517	13	0.36668922659648384154706945992075
252	36957	13	0.3646835058280628039106829874072
255	37397	13	0.3609861976834600194585789267876
258	37837	13	0.35707190393266968753138712600048
261	38277	13	0.35450400763301848083841605330235
264	38717	13	0.35260880615481671185307277482934
267	39157	14	0.35091423081458178456770724551461
270	39597	14	0.34712968745260086578241498500574
273	40037	14	0.34673476541287845398287004172744
276	40477	14	0.34823613274028325514919401939551
279	40917	14	0.34651151907753230396735943941167
282	41357	14	0.34446904128237210152008174190996
285	41797	14	0.34267932939721734708626854626345
288	42237	15	0.34172689750338292036246912175557
291	42677	15	0.34118491070453577096444064409297
294	43117	15	0.34088962161280739193713884560566
297	43557	15	0.34164288259352437737703667153255
300	43997	15	0.34185346695646717796179814286006
303	44437	15	0.34008167073094064392080326797441
306	44877	15	0.33996325414131073339163435775845
309	45317	16	0.33742972627839457055998195755819
312	45757	16	0.33554654473760381350189163640607
315	46197	16	0.33532118633285651343456379436248
318	46637	16	0.33396668145929903070978639334498
321	47077	16	0.33251004330579009282686797632778
324	47516	16	0.32982629618703285245828737970442
327	47956	16	0.32909770142395644576538416004041
330	48396	17	0.32864903312915710875685704195348
333	48836	17	0.32799529784690656386558771373529
336	49276	17	0.32830816828906039805957561839023
339	49716	17	0.32625957043989101125092133770522
342	50156	17	0.32472703714825457144144138510455
345	50596	17	0.32546863241471629679679722357832
348	51036	17	0.32590783463014283416470107113128
351	51476	18	0.3242936741926731869511968398001
354	51916	18	0.32571831946722290540563449212641
357	52356	18	0.32306023460539501357402514258865
360	52796	18	0.32130416726705085528337235700747
363	53236	18	0.32027420884294605096798136401048
366	53676	18	0.31934363347483701867091099302343
369	54116	18	0.31957238167576679233050640505098
372	54556	19	0.31949918056722359516186315886443
375	54996	19	0.31818952021847562994238955980109
378	55436	19	0.31954200070614113826650282135233
381	55876	19	0.31895820119512485746327001834288
384	56316	19	0.31894689940870879496515044593252
387	56756	19	0.31942506867168662942901846690802
390	57196	19	0.31773324191717172704230165436456
393	57636	20	0.3202500886192286011500129916385
396	58076	20	0.32186280347747830976601335351006
399	58516	20	0.32091754819460421854770970639947
402	58956	20	0.32225442252548885946339396468829
405	59396	20	0.32331151949041803117523841137881
408	59836	20	0.32557146374753687112502120726276
411	60276	20	0.3240675332173557632309268683457
414	60716	21	0.32359906143658462296386346679355
417	61156	21	0.3239895258238031927611189075833
420	61596	21	0.32153425261886686703505233708711
423	62036	21	0.32510071414369284825696126972616
426	62476	21	0.32453014504780058890887062261754
429	62915	21	0.32385755353569622982945475087035
432	63355	21	0.32366484906944031907372050227423
435	63795	22	0.323321337320035484541591586094
438	64235	22	0.32117283697445792034486089505663
441	64675	22	0.32390873073212433919110253555118
444	65115	22	0.32280739435674388193575623517972
447	65555	22	0.32265219929097233020343082898762
450	65995	22	0.32049512963858606262590456026373
453	66435	23	0.31913187443636725770801376711461
456	66875	23	0.31939612561143621016768179288192
459	67315	23	0.31969191443853056666668521756947
462	67755	23	0.31727928466468474644202046874852
465	68195	23	0.31533516102730774210982644945034
468	68635	23	0.31538005153160370008791346663202
471	69075	23	0.31498183459186490651404710661154
474	69515	24	0.31428223907703300987748207262484
477	69955	24	0.31352620632529704103319545538398
480	70395	24	0.31245661545158465166593941830797
483	70835	24	0.31350189705845354914970357640414
486	71275	24	0.31393258413361141423436606601172
489	71715	24	0.31564493829450684936333004770859
492	72155	24	0.31581691661581257069002504067612
495	72595	25	0.31519209830887939816079779120628
498	73035	25	0.31542360939052271895377543842187
501	73475	25	0.31832523485230646009824795328313
504	73915	25	0.31735886642747496155791964156379
507	74355	25	0.31895131574029073062703787400096
510	74795	25	0.32314484304147600424172992461536
513	75235	25	0.32100951347766965016106155417219
516	75675	26	0.32290628795917603044429711189878
519	76115	26	0.32077570258300108774207615169871
522	76555	26	0.32081637827637199400498957402306
525	76995	26	0.32047928807012204810433786406065
528	77435	26	0.32137537183948328145532968846965
531	77875	26	0.32121129625614563973812209951575
534	78315	26	0.32337075829038730567788206826663
537	78754	27	0.32155835465318521881883384594403
540	79194	27	0.32231963299758031871178332039563
543	79634	27	0.32236640080201955926852974698704
546	80074	27	0.32359836612359499374846905084269
549	80514	27	0.32697385077281321263953373090771
552	80954	27	0.32766496191928717873764753676369
555	81394	27	0.32934465703648746481846387723635
558	81834	28	0.3292108539484698281896157823212
561	82274	28	0.33099565015760035180392151232809
564	82714	28	0.33049482640508320852035240022815
567	83154	28	0.32911175444086970820478654786712
570	83594	28	0.32881219584365556363181326560152
573	84034	28	0.32915484334671113453296698025952
576	84474	28	0.32903540354330479411615328899643
579	84914	28	0.32656386381847640754116923744732
582	85354	29	0.32264523478175166637527127022622
585	85794	29	0.3204088833156447102545882898994
588	86234	29	0.3204349204287944008484600999509
591	86674	29	0.31802696231134724991207463062892
594	87114	29	0.3185025645023170093317332884908
597	87554	29	0.3198704980641768336191432808846
600	87994	29	0.32232344829813813769092689653917
603	88434	30	0.31863773677712403653572437178809
606	88874	30	0.31814946993459031210349508000945
609	89314	30	0.32219222141526299152403112202592
612	89754	30	0.31846099304537273111392892133154
615	90194	30	0.32118954860936010931027340120636
618	90634	30	0.32280226430630903911023210639542
621	91074	31	0.32597464528777714276586152664095
624	91514	31	0.32557009495612942995279581737122
627	91954	31	0.32654603947842347766439274892036
630	92394	31	0.3235241662321841071836558967334
633	92834	31	0.32930047936410167253029612766113
636	93274	31	0.32840084732562063729588430760487
639	93714	31	0.32788743386798196999265542217472
642	94154	32	0.32590016918152381331097444672196
645	94593	32	0.32683326989273392415569219338067
648	95033	32	0.32537466077743532055777109235351
651	95473	32	0.32442169958816996500061691222072
654	95913	32	0.32752728390391333546105556706607
657	96353	32	0.33376072882185581214287140028318
660	96793	32	0.33247717157510442431700425913732
663	97233	32	0.33191749768422401656309261852584
666	97673	32	0.33086761936081315882418607543514
669	98113	33	0.33362687638922089439219575979223
672	98553	33	0.3304827254182625129175221445621
675	98993	33	0.33022965366738948889135940589767
678	99433	33	0.32848608958082731179572988366999
681	99873	33	0.32741508144734754459648229385493
684	100313	33	0.33093511047494927890255667080055
687	100753	33	0.33377479803489629173185448962613
690	101193	34	0.33251637922708104921909466611396
693	101633	34	0.32679352939161421254254946688889
696	102073	34	0.32694524836952093549413689288485
699	102513	34	0.32764748141159272254441248151124
702	102953	34	0.32710926258839900793162769332412
705	103393	34	0.32690457957909074826474693509226
708	103833	34	0.32990996158394930715118675834674
711	104273	34	0.33078613649030214061141919046349
714	104713	35	0.32827465759744289819366258598166
717	105153	35	0.32728190907682053190086435279227
720	105593	35	0.32675864388383346614830315957079
723	106033	35	0.32390747129657387892720521449519
726	106473	35	0.32289080633443917323077698711131
729	106913	35	0.32148066839399153105105710892531
732	107353	35	0.32080675066375707871202394017018
735	107793	36	0.32266098944701115946998015715508
738	108233	36	0.32406139744101430943956643204729
741	108673	36	0.32875281427585162363769200055685
744	109113	36	0.32970573972609862334337549327756
747	109553	36	0.33323857692287950360565673690871
750	109993	36	0.33260512761163990580470795066503
753	110432	36	0.32934641121162283594614450521476
756	110872	37	0.32621488584081415051940666671726
759	111312	37	0.325430893711766533460405526057
762	111752	37	0.32657191350368203197618299782334
765	112192	37	0.3252101955770556052094377719186
768	112632	37	0.32497632241509172290605533817143
771	113072	37	0.3240903962988338493644846494135
774	113512	37	0.322021151562936203127662793122
777	113952	38	0.32196810543241388691271254174353
780	114392	38	0.32450103952632280979173629020806
783	114832	38	0.32273971817283497731665420360514
786	115272	38	0.32610639133158419999958255175443
789	115712	38	0.32278698926290705362163180325297
792	116152	38	0.32395471925589097716979836150131
795	116592	38	0.321727167679072667549888819849
798	117032	38	0.32160528187234976860153778943641
801	117472	39	0.31900324017737485826629040275293
804	117912	39	0.32093392470969078766884763354028
807	118352	39	0.32016756029062348742897370357241
810	118792	39	0.32141611829739019645657549517637
813	119232	39	0.31990948219348203096501492836978
816	119672	39	0.32244289695756972458084987920302
819	120112	39	0.31840275883244600896304632442479
822	120552	40	0.31864249499123797892963239064557
825	120992	40	0.32113857596161288210367956708069
828	121432	40	0.32227578118882921343058001184545
831	121872	40	0.32397571701225563733927970133664
834	122312	40	0.31917009851418715049575780540181
837	122752	40	0.31718777611312493069917195498419
840	123192	41	0.31688907972080893049593441901379
843	123632	41	0.31876488667147157007875080125814
846	124072	41	0.31905514785862976179231509377132
849	124512	41	0.31698829528693672763495214894647
852	124952	41	0.3159998907047769645117796244449
855	125392	41	0.31144875934829635566458705397963
858	125831	41	0.31248526309622814967070780767244
861	126271	42	0.31119298942712758648809767692001
864	126711	42	0.30872600935979449543467012517795
867	127151	42	0.30974559707213611403631148277782
870	127591	42	0.30792094322295604502670585134183
873	128031	42	0.30539269773524624351779266362428
876	128471	42	0.3039208650518570031806575570954
879	128911	42	0.30242340175264448287606455778587
882	129351	43	0.30112869409731440883959407983639
885	129791	43	0.30040229797422718371890937305579
888	130231	43	0.30009266695777231381825345124525
891	130671	43	0.30037418995294096202286482366617
894	131111	43	0.30068715586652683402490993103129
897	131551	43	0.3011422133840597759046886494616
900	131991	44	0.30203622455424289361403111797699
