0	0	0	0.69314718055914625871594125783304
3	443	4	0.68123932620855653929936579515925
6	887	9	0.67023483911115322442242359102238
9	1331	14	0.65923678683763275998330755101051
12	1775	18	0.63907240025823519591341437262599
15	2218	23	0.62727905258112204300857683847426
18	2662	27	0.61753809256748715128537696728017
21	3106	32	0.60715390283236336799177479406353
24	3550	36	0.59645850274782763467129598211613
27	3993	39	0.58530015832477400028466263393057
30	4437	43	0.57662069845784313937286924556247
33	4881	48	0.56602821251300172722409342895844
36	5325	51	0.55712943923501334619885483334656
39	5768	55	0.55102495848157140301282197469845
42	6212	59	0.54251791221630152328714302711887
45	6656	64	0.53538752437439440790001299319556
48	7100	67	0.52784364991579801884569178582751
51	7543	71	0.52099238221862620434876589570194
54	7987	75	0.51580591137194908846197449747706
57	8431	79	0.50788204930282687676879049831768
60	8875	83	0.50180952337473139213130934876972
63	9318	87	0.49786845003329438519301675114548
66	9762	91	0.49327220899421425626130144337367
69	10206	95	0.48913949260505962257639112067409
72	10650	99	0.48602184762407141249695996521041
75	11093	103	0.48103207392065167047334739436337
78	11537	107	0.47612860238430548820431909007311
81	11981	111	0.47088139007676649283595793349377
84	12425	114	0.46686301597563351073461035412038
87	12868	118	0.46218395370213910533507828404254
90	13312	122	0.45902179909615936637123922992032
93	13756	126	0.45549653221261021673882396498811
96	14200	130	0.45300250622347892903718502566335
99	14643	134	0.45014070851436710496429327577061
102	15087	137	0.44737164846974719623062810569536
105	15531	141	0.44578424982922715269495483880746
108	15975	145	0.44243431705779917573195803015551
111	16418	149	0.43782990167727253716378754688776
114	16862	153	0.43587626154626069041597702380386
117	17306	157	0.43265453416935228947437508395524
120	17750	160	0.42940870145961790305122462996223
123	18193	164	0.42713792180559084776803047134308
126	18637	168	0.4250205633252056025561671503965
129	19081	172	0.42160758009525328704469870899629
132	19525	176	0.41957311999224872200997538129741
135	19968	180	0.41709488785984699665831954007444
138	20412	184	0.41580593433453671980970511867781
141	20856	187	0.41301161926666396517759949347237
144	21300	191	0.41104997866165665643123361405742
147	21743	195	0.40930981314938713611084608601232
150	22187	199	0.40761777751684302728563125128858
153	22631	203	0.4050483434920862935157970241562
156	23075	207	0.40313200940405174987901659733325
159	23518	211	0.40082497176700460084219912459957
162	23962	216	0.39956816939953354594905476915301
165	24406	220	0.39714218080508273400752727866347
168	24850	223	0.39476222249653930562729442499403
171	25293	227	0.39297265754155275008230319144786
174	25737	231	0.39064419815719469974979460857867
177	26181	235	0.38945416582926040138801226930809
180	26625	240	0.38860058845556388895658983528847
183	27068	243	0.38619839775808378901089668033819
186	27512	247	0.3848250303880615397211784056708
189	27956	251	0.38210389323518650916966521435825
192	28400	255	0.3810072182384952599321081834205
195	28843	259	0.37994428180968292663166607781022
198	29287	263	0.37902722911805925010142459541385
201	29731	266	0.37752723382141856189875284144364
204	30175	270	0.37653634889177151068295756886073
207	30618	274	0.37570289850745691717648355734127
210	31062	278	0.37357156746646030809344551926188
213	31506	282	0.37226245319028411495665409347566
216	31950	286	0.37045153345611309125828825017379
219	32393	291	0.36845198055589223340433591147303
222	32837	295	0.3686430187660686974560064754769
225	33281	299	0.36781538787873779838832888344768
228	33725	302	0.36614857534620931511781805056671
231	34168	306	0.36479184050514107395812857248529
234	34612	310	0.3635685828458798951601238513831
237	35056	314	0.3625595491412325621638501615962
240	35500	318	0.36111749094287864947361299527984
243	35943	322	0.35970002129019201797532900855003
246	36387	326	0.35878157372099234168061343552836
249	36831	329	0.35784756426420238906160875558271
252	37275	333	0.35740098164860550911114955852099
255	37718	336	0.35608886697724850822766029523336
258	38162	340	0.35438907203741554230447263762471
261	38606	343	0.35271622346914177636989506936516
264	39050	346	0.35152994311976859531654326929129
267	39493	350	0.3509404114523467232977793628379
270	39937	353	0.35075312248256973468585329101188
273	40381	357	0.34965389300498173064113416330656
276	40825	360	0.34852569343609873797618092794437
279	41268	364	0.34787939476135937288958643875958
282	41712	367	0.3472271662188158858342035273381
285	42156	371	0.34680257431559230463236076502653
288	42600	374	0.34582496179212723896867487383133
291	43043	378	0.34545621835422740675269892562937
294	43487	381	0.3441678450327366189931410644931
297	43931	384	0.34403699452953517834430385846645
300	44375	387	0.34304882017329013654816094458511
303	44818	390	0.34211326734237551550066314121068
306	45262	394	0.34163384731631307733579205887509
309	45706	397	0.34091992220782779687837660276273
312	46150	400	0.34088819907626149996460185320757
315	46593	404	0.34025579826381607828622577471833
318	47037	407	0.33931776969085580830665094254073
321	47481	410	0.33824646110681333421865701893694
324	47925	413	0.33747148435695289991897993786552
327	48369	416	0.33700676134710588760512450789975
330	48812	420	0.33664543736439800358795082502184
333	49256	423	0.33615383709459123462437446505646
336	49700	427	0.33515466771645807675383821333526
339	50144	430	0.33489812866807139313252150714106
342	50587	434	0.33464323852174387985414227841829
345	51031	437	0.33399843841872112193414068315178
348	51475	440	0.33340812083401616394695565759321
351	51919	444	0.33289863934714952753424199727306
354	52362	447	0.33243722656288610117769621865591
357	52806	451	0.33254987750662862167061462059792
360	53250	454	0.33194680262292175498828328272793
363	53694	458	0.33138366236308008927480273086985
366	54137	461	0.33102603140757153044049232448742
369	54581	465	0.33024235665324441768575525202323
372	55025	468	0.33011106620825836355237470343127
375	55469	472	0.32939770183570687978047430988227
378	55912	475	0.32862350548850394194033697203849
381	56356	478	0.32811951882754109011131049555843
384	56800	481	0.32744689263856047167777774120623
387	57244	485	0.32722923112745250229238536121557
390	57687	488	0.32693628949128694660686278439243
393	58131	492	0.32669943878439366979904434629134
396	58575	496	0.32622765181206397899771332049568
399	59019	499	0.32574024793992573112433319693082
402	59462	502	0.32598765133447010766687412797182
405	59906	505	0.32520054374208501313248120823118
408	60350	509	0.32492339344204446138775210783933
411	60794	512	0.32430091850828901556269556749612
414	61237	516	0.32433851649878003842175644422241
417	61681	519	0.32426015990134676725276108300022
420	62125	522	0.3239471980189338462530201923073
423	62569	526	0.32330303449687053385375179459515
426	63012	529	0.32289241102716442766151772048033
429	63456	533	0.32254060580174009897902465127117
432	63900	536	0.32212266755195712031323296287155
435	64344	540	0.32198485116845543263508488962543
438	64787	543	0.32159344949318741102572971612972
441	65231	547	0.32125290811487278164193526208692
444	65675	550	0.3208241807296983161279513296904
447	66119	553	0.32049978978228860215793361021497
450	66562	556	0.3202547951384853153200538145029
453	67006	560	0.31995682042675327449998690099164
456	67450	563	0.31956031155439446056476526791812
459	67894	567	0.31922866262073179566272074225708
462	68337	570	0.31917792708213288399576867959695
465	68781	573	0.31887609472860856119069694614154
468	69225	576	0.31860997611448937938405379100004
471	69669	580	0.31819046950229595838166574139905
474	70112	583	0.31783861237366339835830331139732
477	70556	587	0.31778387314666023399922778480686
480	71000	590	0.31746208228834504883053568846663
483	71444	594	0.31704722200239277007938198948978
486	71887	597	0.31680240398655767908309144331724
489	72331	600	0.31641024937409262252074881871522
492	72775	604	0.31628946822998305066221291781403
495	73219	607	0.31598404247614753082018523855368
498	73662	611	0.3155216073999763115587313677679
501	74106	615	0.31520643241408102808165381247818
504	74550	619	0.31503696635789368851732206167071
507	74994	623	0.31485000043330829688770222674066
510	75437	627	0.3148535628235901717708600244805
513	75881	631	0.31470990359209932707429402398702
516	76325	635	0.31454440325609661632810798437276
519	76769	639	0.31436382061050449632233494412503
522	77212	643	0.31427928471777799579456313949777
525	77656	647	0.31384472703015164896100941405166
528	78100	651	0.31325737579014972800095506499929
531	78544	655	0.31313184058572024470734618262213
534	78987	659	0.31287797908154213466502824303461
537	79431	663	0.31275126884121673409566710688523
540	79875	667	0.31260410911285507751244949758984
543	80319	671	0.31216639214875130381443568694522
546	80762	675	0.31204692668255196164039944051183
549	81206	678	0.31169153765155660495977940627199
552	81650	682	0.31152731930198940268894602922956
555	82094	686	0.31126358617447380527920586246182
558	82537	690	0.31091383811367678813297743545263
561	82981	694	0.31058378168800099272672810002405
564	83425	698	0.31017554356871190890387879335321
567	83869	702	0.31009805617509267339215739411884
570	84312	706	0.30981068934485722632388160491246
573	84756	709	0.30950715667723166513169985591958
576	85200	713	0.30883176811674395434437201402034
579	85644	717	0.30869860047768676869495152459422
582	86087	721	0.30864969385592450068500625093293
585	86531	725	0.30840363467921233509017042706546
588	86975	728	0.3083600831683295240281950100325
591	87419	732	0.30825292310935542561267652672541
594	87862	736	0.30818448432448408702555298077641
597	88306	740	0.30781080911455616089256182021927
600	88750	744	0.30769391555883607303201188187813
603	89194	748	0.30757145739197888634208766234224
606	89638	751	0.30736121815995576245228448897251
609	90081	755	0.30718286315248832796243050324847
612	90525	759	0.30695440828573505864795833986136
615	90969	763	0.3066389109905868770589165706042
618	91413	767	0.30646342584899383121310734168219
621	91856	771	0.30618455811278927347629519317707
624	92300	775	0.30577829794770505777989910711767
627	92744	780	0.3056404327110688878832434056676
630	93188	784	0.30556375361233623078049959076452
633	93631	787	0.30550949400752747120435515171266
636	94075	791	0.30554866732254243322230990997923
639	94519	795	0.30534509026306289047880682119285
642	94963	799	0.30529181316616715857747976770042
645	95406	802	0.30502360479038109764005071156134
648	95850	807	0.30474514660336388116590455865662
651	96294	810	0.30467288412836029953822958304954
654	96738	814	0.30422526886791423361700026362087
657	97181	818	0.3041187716150760000921593473322
660	97625	823	0.30397104252396878187880702171242
663	98069	826	0.30382571204219643856703214623849
666	98513	830	0.30380797660973241081094897708681
669	98956	834	0.30372535253639643126888358892757
672	99400	838	0.30352295369430404292643288499676
675	99844	841	0.30340739689519907740233861659362
678	100288	845	0.30361555707248921720520229428075
681	100731	849	0.30355744768515890985582927896758
684	101175	853	0.30335107868291960597773027075164
687	101619	857	0.30343475268743447248454003783991
690	102063	861	0.30349526792960085375128187479277
693	102506	864	0.30337075597647228386577467063034
696	102950	868	0.30313825349625644900442011930863
699	103394	872	0.30303704972592426791777597827604
702	103838	876	0.30297760823053426770812279755773
705	104281	880	0.30304820233472767876392595098878
708	104725	883	0.30292227833978907503009736501554
711	105169	887	0.30283403024448046769734332883672
714	105613	891	0.30278454988847597340040351809876
717	106056	895	0.30266766184352794644141226854117
720	106500	898	0.3025468545854156920960065235704
723	106944	903	0.30236263522862155683768037306436
726	107388	908	0.3021802223524946429122906010889
729	107831	914	0.30212805292750150032432543412142
732	108275	919	0.30197387226819971672853171185125
735	108719	925	0.30181094741726444130591744396952
738	109163	930	0.30162144358054521209311360507854
741	109606	935	0.3014468599041771335045325486135
744	110050	941	0.30117247509452310660904572614527
747	110494	946	0.30100648470625684938184463135258
750	110938	952	0.30076620772647683077494207282143
753	111381	957	0.30060599007674310145787899273273
756	111825	963	0.30056425441601358761189999313501
759	112269	968	0.30047040802328689457212362867722
762	112713	973	0.30055443783284069292349727220426
765	113156	978	0.30028349853199115537805141684657
768	113600	984	0.30002347404442031297833182179602
771	114044	990	0.29986061218949289219892762048403
774	114488	995	0.29977542208629986975054748654657
777	114931	1001	0.29985992027233732137858623900684
780	115375	1007	0.29981106618262781671191419263778
783	115819	1012	0.29971586953186712953822734561982
786	116263	1017	0.29936433417708885329489021387417
789	116706	1023	0.29907696839565550694928219854773
792	117150	1028	0.29916133716051407365199565902003
795	117594	1033	0.29906446425976257463830165761465
798	118038	1039	0.29904827523713795045523511362262
801	118481	1043	0.29863426322898706244401978437963
804	118925	1049	0.29852506650919852226877537759719
807	119369	1054	0.29853301420755268269502380462654
810	119813	1059	0.29850592517897572841789610720298
813	120256	1065	0.29863294608171042643363080060226
816	120700	1070	0.29850480864897577237826453711023
819	121144	1076	0.2984781376813475661791130733036
822	121588	1081	0.29828916259143606337644882842142
825	122031	1087	0.29840031399434124859126882256533
828	122475	1093	0.29812595598591612455763311118062
831	122919	1098	0.29802282976481897502907258967753
834	123363	1104	0.2979778959313539865583209120814
837	123806	1109	0.29780924138367848019726125130546
840	124250	1115	0.29782862389710540451659426253173
843	124694	1120	0.29772787859180044334195258670661
846	125138	1126	0.29752767683559866451759035044233
849	125581	1131	0.29749877375439098825538053461059
852	126025	1137	0.29725430578347949994721943767217
855	126469	1142	0.29723307462878828522079288632085
858	126913	1148	0.29710198768311990580315296028857
861	127356	1154	0.29691763032963452983992169720295
864	127800	1160	0.2966558723121517915366496254137
867	128244	1165	0.29662749921289965904236396454507
870	128688	1171	0.29645472017923768515146321078646
873	129131	1176	0.29630503022984899796909985525417
876	129575	1182	0.29598583289885505021032940931036
879	130019	1187	0.29590447605939618203052532408037
882	130463	1193	0.29569432676338841536889390226861
885	130906	1197	0.29561883699899332844651667073776
888	131350	1202	0.29549587639302637986915556211898
891	131794	1206	0.29535562425656153306974260885909
894	132238	1210	0.29528096133221298780213714962883
897	132681	1215	0.29520462002708414139817705290625
900	133125	1219	0.29507157592879407204122799157631
