0	0	0	0.69314718055895352399886633065762
3	180	50	0.69314718055895352399886633065762
6	360	101	0.69314718055895352399886633065762
9	540	151	0.69314718055895352399886633065762
12	720	201	0.69314717702863160031512279601884
15	900	251	0.69314717703534933779252469321364
18	1080	301	0.69314717704206707526992659040843
21	1260	353	0.6931471770487841466135137125093
24	1440	403	0.6931471770555033273808476224076
27	1620	452	0.69314717706222073179134213205543
30	1800	503	0.69314717706893791415723171667196
33	1980	553	0.69314717079928744869476986423251
36	2160	604	0.69314717082239063472570705926046
39	2340	654	0.69314717084549426484585410435102
42	2520	704	0.69314717086859456429692727397196
45	2700	754	0.69314717089169786135016693151556
48	2880	804	0.69314717091479838284584502616781
51	3060	855	0.69314717093790167989908468371141
54	3240	905	0.69314717096100142423864554075408
57	3420	956	0.69314717098410416618037288571941
60	3600	1006	0.69314717100720735221131008074735
63	3780	1057	0.69314717103030687450626601275872
66	3960	1107	0.69314716607457638186673420932493
69	4140	1157	0.69314716610328663826123829494463
72	4320	1209	0.69314716613199756078955715565826
75	4500	1259	0.69314716616070648491643169109011
78	4680	1310	0.69314716618941929482389241456985
81	4860	1360	0.69314716621812999530760635025217
84	5040	1411	0.69314716624683947454599319826229
87	5220	1461	0.6931471662755499529851022089133
90	5400	1511	0.69314716630425932120118659440777
93	5580	1562	0.69314716633296946657338821751182
96	5760	1612	0.69314716636168072216861446577241
99	5940	1661	0.69314716639038886913937176359468
102	6120	1712	0.693147166419099569623085699277
105	6300	1762	0.69314716644780782761614545961493
108	6480	1812	0.69314716114589969286896575795254
111	6660	1863	0.69314715489557165994938259245828
114	6840	1913	0.69314715492796585838419787251041
117	7020	1963	0.69314715496035883557368606489035
120	7200	2014	0.69314715499275314503080380745814
123	7380	2064	0.69314715502514778755482893757289
126	7560	2115	0.69314715505754043167740974240587
129	7740	2165	0.69314715508993385295610778484843
132	7920	2215	0.69314715512232616401178120213444
135	8100	2266	0.69314715515471947426817678206135
138	8280	2316	0.69314715518711278452457236198825
141	8460	2366	0.69314715521950609478096794191515
144	8640	2417	0.69314715525189918299275859681075
147	8820	2468	0.69314715528429160507073447661242
150	9000	2519	0.69314715531668380510410543138278
153	9180	2569	0.69314715534907567207056899860618
156	9360	2620	0.69314715538146831619314980343916
159	9540	2671	0.6931471554138615154272429208504
162	9720	2721	0.69314715544625304932679910052684
165	9900	2772	0.69314714922683973163941573147895
168	10080	2823	0.69314714926271248085498655200354
171	10260	2873	0.69314714929858345371371797227766
174	10440	2924	0.69314714933445631395159125531791
177	10620	2974	0.69314714937032606556499558791984
180	10800	3024	0.69314714940619914784747379599139
183	10980	3075	0.69314714944207089786232245387509
186	11160	3125	0.69314714947794098254263417402399
189	11340	3175	0.69314714951381428686971730712685
192	11520	3226	0.69314714954968481563923887733836
195	11700	3278	0.69314714958555434520803828490898
198	11880	3328	0.69314714962142498499986231763614
201	12060	3378	0.69314714965729640194780358797288
204	12240	3428	0.69314714969316737480653500824701
207	12420	3479	0.6931471497290372374422418033646
210	12600	3529	0.69314714247711040062682741336175
213	12780	3579	0.69314714252165754437839950696798
216	12960	3630	0.69314714256620191257241003768286
219	13140	3680	0.69314714261074816814556243116385
222	13320	3730	0.69314714265529497883022713722312
225	13500	3781	0.69314713736915223307732958346605
228	13680	3832	0.6931471374137176955088079921552
231	13860	3882	0.69314713745828382407410117593827
234	14040	3932	0.69314713750285084081781405984657
237	14220	3983	0.69314713754741241746870628048782
240	14400	4033	0.6931471375919787680786043893022
243	14580	4084	0.69314713763654267619784832277219
246	14760	4134	0.6931471315494860396810850033944
249	14940	4184	0.69314711157969799426581403167802
252	15120	4234	0.6931471116273267840668381722935
255	15300	4285	0.69314711167495945964844850095687
258	15480	4335	0.69314711172259269034157114219852
261	15660	4385	0.6931471117702229234325272955175
264	15840	4436	0.69314711181785493288032284908695
267	16020	4486	0.69314711186548683130581594014075
270	16200	4537	0.69314710065613227563119380647549
273	16380	4588	0.6931471007038069176431349660561
276	16560	4638	0.69314710075147778489679240010446
279	16740	4689	0.69314710079914876317275229666848
282	16920	4739	0.69314709459550716275089143891819
285	17100	4790	0.69314709464320067855425122615998
288	17280	4840	0.69314709469089430537991347591742
291	17460	4891	0.69314705258500974860425003498676
294	17640	4942	0.69314705265235876385787605613586
297	17820	4992	0.69314705271970766808919961476931
300	18000	5042	0.69314705278705324165144929793314
303	18180	5093	0.69314705285440225690507531908224
306	18360	5143	0.69314705292174882966804716488696
309	18540	5193	0.69314705298909418118569192301948
312	18720	5244	0.69314705305644119803787361888681
315	18900	5294	0.69314705312378899204617255236371
318	19080	5347	0.69314705319113356640770007288666
321	19260	5397	0.6931470532584795840591596061131
324	19440	5447	0.69314705332582582375522406437085
327	19620	5498	0.69314705339317117527286882250337
330	19800	5548	0.69314705346051597167900126805762
333	19980	5598	0.69314705352786276648657803889364
336	20160	5648	0.69314705359520567551356862168177
339	20340	5699	0.69314705366254925067437397956382
342	20520	5750	0.69314705372989526832583351279027
345	20700	5801	0.69314705379723717815210193293751
348	20880	5852	0.69314705386458197455823437849176
351	21060	5902	0.69314705393192477256292249876424
354	21240	5953	0.69314705399926690443379584394279
357	21420	6004	0.69314705406661147879532336446573
360	21600	6055	0.69314705413395349964389424712863
363	21780	6106	0.69314705420129618662627990488545
366	21960	6156	0.69314705426863731929643108742312
369	22140	6207	0.69314705433597978423421182014863
372	22320	6258	0.69314705440332191610508516532718
375	22500	6309	0.69314705447066204957451418522396
378	22680	6360	0.6931470545380037373561776803399
381	22860	6411	0.69314705107568397313144714644295
384	23040	6461	0.69314705114303853950019629337476
387	23220	6512	0.69314705121039221769052574018133
390	23400	6562	0.69314705127774645099236749956617
393	23580	6613	0.69314704781605307459813047898933
396	23760	6664	0.69314704788341818808561356490827
399	23940	6714	0.69314704795078418975151635095244
402	24120	6764	0.69314704801814752688216003662092
405	24300	6815	0.69314704808551497183799483536859
408	24480	6866	0.69314704815287775385712620845879
411	24660	6916	0.69314704822024175712158466922119
414	24840	6967	0.69314704828760698163137021765579
417	25020	7018	0.69314704835497176205194591602776
420	25200	7070	0.69314704842233354487035512647708
423	25380	7121	0.69314704848969865835783821239602
426	25560	7172	0.69314704855706066322085234787664
429	25740	7223	0.69314704862442166888314432071638
432	25920	7274	0.69314704869178622725911509405705
435	26100	7325	0.69314704875914678883219721683417
438	26280	7375	0.69314704882650968187363105244003
441	26460	7426	0.69314704889387201980355257546762
444	26640	7477	0.69314704896123346955505439836998
447	26820	7528	0.69314704902859503032885868378798
450	27000	7578	0.69314704909595692416957035675296
453	27180	7629	0.69314704916331537631890569173265
456	27360	7680	0.69314704923067860242724691488547
459	27540	7732	0.69314704929803838684421180005302
462	27720	7782	0.69314704936539872637268899779883
465	27900	7833	0.69314704943275828874504895793507
468	28080	7883	0.69314704950011840622892123064958
471	28260	7933	0.69314704956747763553437380323885
474	28440	7984	0.69314704963483497746068451306201
477	28620	8035	0.6931470497021934296100198480417
480	28800	8087	0.69314704976955265891547242063098
483	28980	8138	0.69314704983691222128783238076721
486	29160	8189	0.69314704990426823094651354040252
489	29340	8239	0.69314704997162812638578088808572
492	29520	8290	0.69314704414957795108875870937482
495	29700	8340	0.69314704421786388355286590012838
498	29880	8391	0.69314691860387478428151553089265
501	30060	8442	0.69314691867264066615916817681864
504	30240	8492	0.69314691874140643701451836022898
507	30420	8543	0.69314691881017309604828824376455
510	30600	8593	0.69314691887893831179212611459661
513	30780	8643	0.69314691894770430469208122303826
516	30960	8693	0.6931469190164674110121723060729
519	31140	8744	0.69314691908523395902363972709281
522	31320	8795	0.69314691915399662125452096006484
525	31500	8846	0.69314691922276228108756868095952
528	31680	8896	0.69314691929152483229614745141589
531	31860	8947	0.69314691936028882679465823457576
534	32040	8997	0.6931467938498945269287787596113
537	32220	9048	0.69314679391939315600268400885398
540	32400	9098	0.69314679398889122996507694551838
543	32580	9149	0.69314679405838974801667973224539
546	32760	9200	0.69314679412788571255532588111237
549	32940	9251	0.69314679419738478571844098041765
552	33120	9301	0.69314679426688119434629697934724
555	33300	9351	0.69314679433638004546480715362122
558	33480	9402	0.69314679440587778636029270273866
561	33660	9454	0.69314679447537297374282161399606
564	33840	9505	0.69314679454486971543758500047261
567	34020	9556	0.69314679461436368157478682405781
570	34200	9607	0.69314679468386175553717976072221
573	34380	9658	0.69314679475335572167438158430741
576	34560	9709	0.693146794822852130302237583237
579	34740	9760	0.69314679489234587439483448179089
582	34920	9811	0.69314679496184139484427078059525
585	35100	9862	0.69314678919780414734219675665372
588	35280	9913	0.69314678343489155576406801628764
591	35460	9963	0.69314677761826504198694465230801
594	35640	10015	0.6931467776882228593038348662958
597	35820	10066	0.69314677775818012150921276770532
600	36000	10118	0.69314677054061757388581099803559
603	36180	10169	0.69314677061059992713154542798293
606	36360	10220	0.69314677068058416775642172069638
609	36540	10270	0.69314677075056618793524876309675
612	36720	10321	0.69314677082054909629249550562236
615	36900	10372	0.69314677089053111647132254802273
618	37080	10423	0.69314676471275094016277762420941
621	37260	10474	0.69314676478250181190787770901807
624	37440	10525	0.69314676485225223956376794376411
627	37620	10576	0.6931467649220027782419606410258
630	37800	10628	0.69314676499175453816548042595969
633	37980	10680	0.69314676506150463275446327315876
636	38160	10730	0.69314675888436683148796646491974
639	38340	10782	0.69314675895413968564895412782789
642	38520	10832	0.69314675274950088290637495447299
645	38700	10883	0.69314675281929771788469452076242
648	38880	10934	0.6931467528890929985507796118327
651	39060	10984	0.69314675295888639183772284013685
654	39240	11035	0.69314675302867967410236360592535
657	39420	11086	0.69314675309847528783535608454258
660	39600	11137	0.69314675316826868112229931284674
663	39780	11188	0.69314675323806174134233515360393
666	39960	11239	0.69314675330785346929474144417327
669	40140	11290	0.69314675337764797280470929763396
672	40320	11341	0.69314675344743936769020820065634
675	40500	11391	0.69314675351723220586563911638223
678	40680	11442	0.69314674630145189926366811050684
681	40860	11493	0.69314674637127127176938756747404
684	41040	11544	0.69314674644108720258373068645597
687	41220	11595	0.69314674651090535384412305575097
690	41400	11646	0.69314674658072439328293512517121
693	41580	11697	0.69314674665054021307497578163748
696	41760	11749	0.69314674672035681002313367571332
699	41940	11801	0.69314674679017362901589649482048
702	42120	11854	0.6931467468599893377856346887711
705	42300	11905	0.69314674692980560166688519529998
708	42480	11956	0.6931467469996227537265554019541
711	42660	12006	0.69314674094503037071746121000615
714	42840	12057	0.69314674101486850599229683211888
717	43020	12107	0.69314674108470708535634230429423
720	43200	12158	0.69314674115454499858657300137565
723	43380	12209	0.69314674122438246772759384839446
726	43560	12260	0.69314674129421927073479992031935
729	43740	12311	0.69314674136405751703193800494773
732	43920	12362	0.69314674143389498617295885196654
735	44100	12413	0.69314674150373190020246738640708
738	44280	12464	0.6931467415735669268528340580815
741	44460	12514	0.69314674164340372986004013000638
744	44640	12566	0.69314674171323853446580187664949
747	44820	12617	0.69314674178307378316077347335522
750	45000	12669	0.69314674185291025310107215773314
753	45180	12720	0.69314674192274605690755606701714
756	45360	12771	0.69314674199258119458022520120721
759	45540	12822	0.69314674206241355669533277250594
762	45720	12873	0.69314660209328970985609430499608
765	45900	12924	0.69314660216391377201006207542378
768	46080	12975	0.69314660223453683496330768321059
771	46260	13026	0.69314660230515912076043605338782
774	46440	13076	0.69314660237578240575828658620594
777	46620	13128	0.69314660244640446951081003135187
780	46800	13179	0.69314660251702775450866056416999
783	46980	13230	0.6931466025876481529266470715811
786	47160	13281	0.69314660265826966156765820414876
789	47340	13331	0.69314659810500445225045496044913
792	47520	13382	0.69314659464768424435021643148502
795	47700	13433	0.69314659471833650616900968088885
798	47880	13484	0.69314659478898732469787091758917
801	48060	13534	0.69314659485963947549436170447734
804	48240	13587	0.69314659493029129322394510381855
807	48420	13638	0.69314658872899193031713593882159
810	48600	13689	0.69314658879966439819497736607445
813	48780	13739	0.69314658887033719913972618087428
816	48960	13790	0.6931464490301472158861884054204
819	49140	13841	0.69314644327318819527761206700234
822	49320	13893	0.69314644334441632977927838510368
825	49500	13944	0.69314644341564679574929641603376
828	49680	13995	0.69314644348687504127326519665075
831	49860	14047	0.69314644355810350884183890229906
834	50040	14097	0.69314644362933186538811014543171
837	50220	14147	0.69314644370055888966675183837651
840	50400	14198	0.69314644377178680212381323144655
843	50580	14249	0.69314644384301404844705984942266
846	50760	14300	0.69314644391424196090412124249269
849	50940	14351	0.69314644398546698678131861015572
852	51120	14401	0.69314644405669234572542336536571
855	51300	14452	0.69314644060029551031476557909627
858	51480	14502	0.69314644067153419193516583618475
861	51660	14553	0.6931464407427734286670784058515
864	51840	14604	0.6931464408140113331313614253304
867	52020	14654	0.6931464408852494596402493698406
870	52200	14705	0.69314644095648847432755701447604
873	52380	14755	0.6931464410277267118587474215019
876	52560	14806	0.69314644109896406121151812840253
879	52740	14857	0.69314644117019996727435682259966
882	52920	14908	0.69314644124143742764942999201594
885	53100	14959	0.69314644131267499904680562394788
888	53280	15011	0.69314644138391157124345909323893
891	53460	15062	0.69314644145514814344011256252998
894	53640	15114	0.69314642882780652666241394399549
897	53820	15165	0.69314642889908850698077458218904
900	54000	15216	0.69314642897037226365597462063306
