0	0	0	0.69314718055895352399886633065762
3	900	250	0.69314718055895352399886633065762
6	1800	505	0.69314716726063341223351699227351
9	2700	756	0.69314716729836689523835957515985
12	3600	1005	0.69314716733610048926550462056184
15	4500	1254	0.69314716411527022010830023646122
18	5400	1504	0.69314716416359445361194957513362
21	6300	1756	0.69314716421191546746882750085206
24	7200	2006	0.69314716155320688084628955039079
27	8100	2255	0.69314716069186244062905188911827
30	9000	2505	0.69314715978158847331513925382751
33	9900	2755	0.69314715885090505409493744082283
36	10800	3006	0.69314715891660017010877936627367
39	11700	3258	0.69314715898229450896650405411492
42	12600	3509	0.69314715904798940293574105453445
45	13500	3760	0.69314715671939830521353087533498
48	14400	4019	0.69314715532613380144510983882356
51	15300	4267	0.69314715539231885887971884585568
54	16200	4519	0.69314715545850547062656232810696
57	17100	4771	0.69314715552468741943670238470077
60	18000	5020	0.6931471555908726989159163167642
63	18900	5270	0.69314715327139198031147770961979
66	19800	5522	0.69314715333758347703962954255985
69	20700	5770	0.69314715340377641705771338820341
72	21600	6021	0.69314715247378666518329737300519
75	22500	6271	0.69314715253998293587045509411837
78	23400	6522	0.69314715260617865144610050265328
81	24300	6774	0.69314715267237470008865329873515
84	25200	7027	0.69314715273856852828515684450394
87	26100	7278	0.69314715162620765820378210264607
90	27000	7528	0.69314715169293961150032146179001
93	27900	7777	0.69314715175967056559613865829306
96	28800	8025	0.69314714772895646976991201881901
99	29700	8275	0.69314714679960598431307516875677
102	30600	8525	0.69314714589101977804119769643876
105	31500	8777	0.69314714595777149330757538336911
108	32400	9027	0.69314714476787531172163880910375
111	33300	9278	0.69314714390846388081257600788376
114	34200	9528	0.69314714271859778627060677536065
117	35100	9778	0.69314714278536126990104548895033
120	36000	10029	0.69314714285212541966529897763394
123	36900	10282	0.69314714291888723796120075348881
126	37800	10533	0.69314714172909785983023311928264
129	38700	10789	0.69314714179586711662039988368633
132	39600	11059	0.69314714079627959275597959276638
135	40500	11307	0.69314713969555086237051000352949
138	41400	11561	0.69314713976232666947652205635677
141	42300	11811	0.69314713982910181044871933409013
144	43200	12063	0.69314713918955128679755262055551
147	44100	12313	0.69314713800588867442797891271766
150	45000	12565	0.69314713734020549917858033950324
153	45900	12816	0.69314713505147795835625856852857
156	46800	13065	0.69314713511984693550260772099136
159	47700	13314	0.69314713518821513549283963584458
162	48600	13563	0.69314713525658477877300356340129
165	49500	13814	0.69314713281760509389073376951274
168	50400	14065	0.69314713288598117646444052297738
171	51300	14318	0.69314713195843080661973090172978
174	52200	14568	0.69314713202681188519704846839886
177	53100	14820	0.69314712840395664716908186164801
180	54000	15071	0.69314712847234960513276291749207
183	54900	15319	0.69314712854074211900723412327352
186	55800	15569	0.69314712736553774075076717053889
189	56700	15816	0.69314712620754637129039110732265
192	57600	16063	0.69314712627601837713342547431239
195	58500	16310	0.69314712379961551658169582879054
198	59400	16561	0.69314712313454573955340265456471
201	60300	16818	0.69314712213718510103177550263354
204	61200	17068	0.69314712103868203474377196471323
207	62100	17315	0.69314712110751086626692085701507
210	63000	17568	0.69314711833508058091979364689905
213	63900	17818	0.6931471159931515968466442245699
216	64800	18068	0.6931471153556602038392497888708
219	65700	18318	0.6931471154245113508451936468191
222	66600	18570	0.69314711549336160967271780464216
225	67500	18822	0.69314711301738707316388854451361
228	68400	19072	0.69314711308624443741877030333853
231	69300	19322	0.69314711315510457723121362505481
234	70200	19573	0.69314711176511467627392448775936
237	71100	19826	0.69314711183397892391155892255483
240	72000	20076	0.69314711190284228337077365722507
243	72900	20327	0.69314711126541306285275823029224
246	73800	20582	0.69314711133427808764650990269729
249	74700	20834	0.69314711023594399730285431360244
252	75600	21087	0.69314710957101510757638607174158
255	76500	21339	0.69314710767990850293074345245259
258	77400	21589	0.69314710774878696142309308925178
261	78300	21839	0.69314710781766464275932548844139
264	79200	22090	0.69314710788654421147469975039712
267	80100	22340	0.69314710795542155974402476203977
270	81000	22592	0.6931471068571377625033846925362
273	81900	22843	0.69314710692601977370941312983632
276	82800	23095	0.69314710699490122980392925455817
279	83700	23345	0.69314710706378257487614291676437
282	84600	23595	0.69314710374146049076671260991134
285	85500	23846	0.69314710381035282704687006116728
288	86400	24100	0.69314710387924705070616937518935
291	87300	24350	0.69314710394814016414244406405487
294	88200	24600	0.69314710255826672558043810568051
297	89100	24853	0.69314710217094466226939175612642
300	90000	25106	0.69314710223984354886539449580596
303	90900	25359	0.69314709980943089995264472236158
306	91800	25609	0.69314709987833966753356662593433
309	92700	25863	0.69314709824781883806821269899956
312	93600	26114	0.69314709640189164918666619996657
315	94500	26366	0.69314709647081318433237129283953
318	95400	26618	0.69314709653973349823274929804029
321	96300	26871	0.69314709554273090663656375909341
324	97200	27121	0.69314709561165566142904026492033
327	98100	27369	0.69314709475474622912827271647984
330	99000	27619	0.69314709482367320436679847261985
333	99900	27871	0.69314709372556904121154275344452
336	100800	28124	0.69314703215240580647105161915533
339	101700	28376	0.69314703222157292294980379665503
342	102600	28627	0.69314703229074048351776582421735
345	103500	28879	0.69314703235990726692961061417009
348	104400	29130	0.69314703117872267235100025573047
351	105300	29384	0.69314703124789434074415339637198
354	106200	29638	0.69314703025126878088713056058623
357	107100	29890	0.69314702906456227005094206106151
360	108000	30139	0.69314702813824935478947963929386
363	108900	30389	0.69314702820743145927906425640685
366	109800	30644	0.69314702475778156021135600894922
369	110700	30897	0.69314702482697576613190904026851
372	111600	31149	0.69314702390071925020009757645312
375	112500	31402	0.69314702396991678678972448324203
378	113400	31652	0.69314702165258357258181831639376
381	114300	31903	0.6931470204961103220853146922309
384	115200	32155	0.69314701933966038627232819635537
387	116100	32407	0.69314701940905265598047435560147
390	117000	32657	0.69314701877238382721202469838317
393	117900	32910	0.69314701884177953861154719561455
396	118800	33161	0.69314701891117469489955738026765
399	119700	33413	0.69314701898056896300914786479552
402	120600	33667	0.69314701904996378623025066190166
405	121500	33917	0.69314701911935650002760667121038
408	122400	34168	0.69314701918875121222640700580087
411	123300	34417	0.69314701925814570238060241536004
414	124200	34667	0.69314701932753863822256334970007
417	125100	34919	0.69314701814671708657300541744917
420	126000	35171	0.69314701821611401921785500235274
423	126900	35423	0.69314701757947638771639731203322
426	127800	35673	0.69314701764887520774038875970291
429	128700	35925	0.69314701672293654866052747820504
432	129600	36176	0.69314701572670089912975299739628
435	130500	36431	0.6931470145459964760092930191604
438	131400	36681	0.69314701415935620065766897823778
441	132300	36933	0.6931470127705382511251741561864
444	133200	37185	0.69314701041755799604260346313822
447	134100	37438	0.69314701048698446061990807720576
450	135000	37689	0.69314699609378549460814156191191
453	135900	37940	0.69314699518863243099531246116385
456	136800	38189	0.69314699284868941386861251885421
459	137700	38439	0.69314699041817928737430065666558
462	138600	38692	0.69314699048768158018418716892484
465	139500	38945	0.6931469905571828737933515185432
468	140400	39200	0.69314692901529706414720521934214
471	141300	39453	0.69314692908503483526061472730362
474	142200	39703	0.6931469291547728284186291602964
477	143100	39958	0.69314692798186283706485255606822
480	144000	40210	0.69314692688507151263621608450194
483	144900	40463	0.69314692695481749940000781862182
486	145800	40719	0.69314692584700965394262084373622
489	146700	40975	0.69314692591675841626397414074745
492	147600	41225	0.69314692473660199922846913977992
495	148500	41476	0.69314692410040201764331868616864
498	149400	41728	0.69314692417015899561505420933827
501	150300	41979	0.6931469235339976497911607111746
504	151200	42230	0.69314692360375529389671100943815
507	152100	42482	0.69314692367351360413607608279563
510	153000	42733	0.69314692157948976092285420236294
513	153900	42985	0.69314692164925550965648426426924
516	154800	43240	0.69314692065366489970301699941047
519	155700	43493	0.69314691955699081482578094437486
522	156600	43744	0.69314691962676333591986121973605
525	157500	43995	0.69314691969653530190242918251897
528	158400	44248	0.6931469197663087111749291580054
531	159300	44500	0.69314691983608034409058973324136
534	160200	44751	0.69314691990585286518467000860255
537	161100	45001	0.69314691997562427605572565880721
540	162000	45260	0.69314692004539457670375668385532
543	162900	45512	0.69314691912008064011985197794274
546	163800	45764	0.69314691918985604779379627871094
549	164700	46017	0.69314691925962923502169132916606
552	165600	46269	0.69314691932940442065103070490295
555	166500	46522	0.6931469193991770527674134427798
558	167400	46772	0.69314691946895035101761095575057
561	168300	47027	0.69314691953872409335701831878396
564	169200	47281	0.69314691868316502532110234824358
567	170100	47535	0.69314691875294121015116388662136
570	171000	47789	0.69314691808935369188304775889264
573	171900	48040	0.69314691815913176409225116003654
576	172800	48298	0.69314685385371654913200245573535
579	173700	48552	0.69314685346773241558793188232812
582	174600	48803	0.69314685228251005089106229206664
585	175500	49072	0.69314685089492023006840781818028
588	176400	49324	0.69314684973967521930404700469808
591	177300	49576	0.69314684980971452699094470517593
594	178200	49828	0.69314684865449793793601429570117
597	179100	50109	0.69314684872454168651501049680519
600	180000	50361	0.69314684879458632327242639803444
603	180900	50614	0.69314684760948253039458677449147
606	181800	50869	0.6931468476795320521333110264095
609	182700	51122	0.69314678618815694921551084917155
612	183600	51375	0.69314678435902610242891341840732
615	184500	51626	0.69314678442931665358628379181027
618	185400	51880	0.69314678324454137570143075208762
621	186300	52136	0.693146783314836922862411938695
624	187200	52390	0.6931467833851312487780660376302
627	188100	52640	0.69314678345542479753760289895581
630	189000	52895	0.69314678352571967856476931046927
633	189900	53148	0.69314678253094719195814832346514
636	190800	53400	0.69314678134620444360791680082912
639	191700	53661	0.69314678017437247881105122360168
642	192600	53919	0.69314676696594756943881066035829
645	193500	54171	0.69314676703630351273233145548147
648	194400	54422	0.69314676463956936824928334317519
651	195300	54673	0.69314676354391280277411624410888
654	196200	54926	0.69314676361428295692235224123579
657	197100	55176	0.69314676368465200084756361320615
660	198000	55434	0.6931467625055718340121302389889
663	198900	55687	0.69314676257578722307073348929407
666	199800	55940	0.69314676264582331111085977681796
669	200700	56194	0.69314676271568043119941648910753
672	201600	56444	0.69314676278553721822106581385015
675	202500	56699	0.69314676141639741668853957889951
678	203400	56951	0.69314676148625897766919479181524
681	204300	57201	0.693146761100154829016162238986
684	205200	57452	0.69314676046423273625407546205679
687	206100	57702	0.69314676053409840505992178805172
690	207000	57952	0.6931466978308056248181401315378
693	207900	58203	0.6931466959184848786179600210744
696	208800	58456	0.69314669598859657284606328175869
699	209700	58709	0.69314669605870982138640101766214
702	210600	58964	0.69314669612882096050299196576816
705	211500	59215	0.69314669619893309882030507651507
708	212400	59473	0.69314669581305621282041329322965
711	213300	59724	0.69314669464135436616203378434875
714	214200	59978	0.69314669354558378078223768170574
717	215100	60227	0.69314669215866053786356815180625
720	216000	60477	0.69314669222878622090178168946295
723	216900	60736	0.69314669229891212598460015215096
726	217800	60987	0.69314668986509309078769547340926
729	218700	61240	0.69314668698016534964523316375562
732	219600	61488	0.69314667377799643599445289510186
735	220500	61737	0.69314667384819261819473013019888
738	221400	61986	0.69314667391838835630579751523328
741	222300	62236	0.6931466722780211808796479999728
744	223200	62486	0.69314666767664323554498650992173
747	224100	62746	0.69314666774720001818366199586308
750	225000	62998	0.69314666665203217288393489070586
753	225900	63246	0.69314666672259206414707932708552
756	226800	63495	0.69314666679315173336561883843387
759	227700	63745	0.69314666463331076062814872784656
762	228600	63995	0.69314666279418069017026482470101
765	229500	64243	0.69314666213178310893994193975232
768	230400	64500	0.69314666220235987559306067851139
771	231300	64751	0.69314666109625566736696100633708
774	232200	65006	0.69314665994221469347280617512297
777	233100	65256	0.69314666001279912066479482746217
780	234000	65510	0.69314665890672866321864376004669
783	234900	65760	0.69314665897731853050345307565294
786	235800	66011	0.69314665788230933607394490536535
789	236700	66262	0.69314665672831732301517604355467
792	237600	66511	0.69314665430849042859762221269193
795	238500	66766	0.6931466543790959500270787430054
798	239400	67016	0.69314665444970136043423281080322
801	240300	67266	0.69314665275013376266599607333774
804	241200	67521	0.69314665282074472418827326691826
807	242100	67777	0.69314665289135601877745784804574
810	243000	68029	0.69314665296196753541124735420453
813	243900	68278	0.69314665303257749773280238514417
816	244800	68529	0.69314665087306259749766468303278
819	245700	68780	0.69314664832160166607621931689209
822	246600	69031	0.69314664480696097648149134329287
825	247500	69281	0.69314664417210292146620531639201
828	248400	69532	0.69314664231285383344527417648351
831	249300	69781	0.6931466414098059747317392975674
834	250200	70030	0.69314664148045956881816209715907
837	251100	70287	0.69314664155111227472616519662552
840	252000	70537	0.69314664162176586881258799621719
843	252900	70788	0.69314663977353818680171571031678
846	253800	71037	0.69314663730356829152157160933712
849	254700	71288	0.69314663620890626383186372549972
852	255600	71539	0.69314663505526852294025275114109
855	256500	71792	0.69314662185543562955558627436403
858	257400	72041	0.69314662192616427471847373453784
861	258300	72296	0.69314662074266586433424208735232
864	259200	72548	0.69314662081339817323311081054271
867	260100	72798	0.69314662088413014906507214618614
870	261000	73046	0.69314662095486245796394086937653
873	261900	73297	0.69314662102559232437215541722253
876	262800	73546	0.69314661984216752177445641791564
879	263700	73796	0.69314661866426274805519369692774
882	264600	74049	0.69314661642944852548708922768128
885	265500	74298	0.69314661650019648853060516557889
888	266400	74549	0.69314661657094378544030632838258
891	267300	74796	0.69314661664169108235000749118626
894	268200	75049	0.69314661619931039471254052841687
897	269100	75302	0.69314661627023776979683589161141
900	270000	75555	0.69314661634116436772501401719637
