0	0	0	0.69314718055914625871594125783304
3	2225	3	0.68075288328307470564482173358556
6	4451	6	0.6688755105864447880748002717155
9	6677	9	0.65747208815391033898123396284063
12	8903	12	0.6464938629370403644358589190233
15	11129	15	0.63594220051571814789070913320757
18	13355	18	0.62583422497666019168605089362245
21	15581	20	0.6161205096807379488765832320496
24	17807	23	0.60676856954245195208130780883948
27	20033	26	0.59778167938830395478078116866527
30	22259	29	0.58913281114897719792367070112959
33	24485	32	0.58081736592757504666906243073754
36	26711	34	0.57283948844402798883379546168726
39	28937	37	0.56516756148819469185440311775892
42	31163	40	0.5577661985125555998976665250666
45	33389	43	0.55063751301993302256221340940101
48	35615	45	0.54378286727476143891379933847929
51	37841	48	0.53717434349497339418633146124193
54	40067	51	0.53081098993132691532537137391046
57	42293	54	0.52467346062864506084366666982532
60	44519	57	0.51876608391219780624936674939818
63	46745	59	0.51306462540508768199742917204276
66	48971	63	0.50758149852669198764942848356441
69	51197	66	0.50228182609601501606988449566416
72	53423	69	0.49717071568920478963349296464003
75	55649	72	0.49223333984025302578757532501186
78	57874	75	0.4874612155109736000291320578981
81	60100	79	0.48285057386741292440035522304242
84	62326	82	0.47839212488231191988674595449993
87	64552	85	0.47408392081895617264919451372407
90	66778	88	0.46992327429322822140989046602044
93	69004	91	0.46589955307130276329630191867182
96	71230	95	0.46200834237392068848393478219805
99	73456	98	0.45824232595976877036036967183463
102	75682	101	0.4546005538493008146794238655275
105	77908	104	0.45107332039620035013527399314626
108	80134	108	0.44765490454377826479159807604447
111	82360	110	0.44434336185098655125358391160262
114	84586	113	0.4411353447078688594373829801043
117	86812	116	0.43802638570970992004660615748435
120	89038	119	0.43501184374140794419716371521645
123	91264	121	0.43209159411194847377757355388894
126	93490	124	0.42925708248629218521941197650449
129	95716	127	0.42650575108624405595847406402754
132	97942	130	0.42383668171925614753803301937296
135	100168	132	0.42124781533271138389551424552337
138	102394	135	0.41873389684024309165266686250106
141	104620	138	0.41629056033016481608299841354892
144	106846	141	0.41391653331760336342881601012778
147	109072	143	0.41161002046855438285533068665245
150	111298	146	0.40936776560213411491062629465887
153	113523	149	0.40718694208717920446360949426889
156	115749	152	0.40506710642012072609574602211069
159	117975	155	0.40300601896702092918900461882004
162	120201	158	0.40099987277517307182606032256444
165	122427	161	0.39904951986134806762862581308582
168	124653	164	0.39714958524643562132183660651208
171	126879	168	0.39530108537233665799703885568306
174	129105	171	0.39349979648469424198253818758531
177	131331	174	0.39174589709653473423855984947295
180	133557	177	0.39003855325289521482901022864098
183	135783	181	0.38837469236847954601188348533469
186	138009	184	0.38675230998152076988816361335921
189	140235	187	0.38517147811323521056081631286361
192	142461	190	0.38362923257960324097126658671186
195	144687	193	0.38212513303952194698709377007617
198	146913	197	0.38065803151822974470519511669409
201	149139	200	0.37922652627670017100314225899638
204	151365	203	0.37783011479542916166707300362759
207	153591	205	0.37646651515576379232186354784062
210	155817	208	0.37513509386756432872900290931284
213	158043	211	0.37383602197049486948188246060454
216	160269	214	0.37256691088548743451269729121123
219	162495	216	0.37132778794184390092070202626928
222	164721	219	0.37011686412420513603294125459797
225	166947	222	0.36893388817085775999160546234634
228	169172	225	0.36777781939775355812827228874085
231	171398	228	0.36664780124148260709304736337799
234	173624	230	0.36554286669868857329035449765797
237	175850	233	0.36446258571576400919767024788598
240	178076	236	0.36340607909891248228362314875994
243	180302	239	0.36237230977736667458799502128386
246	182528	241	0.36136111862765357694016188361275
249	184754	244	0.36037168867248109416223655898648
252	186980	247	0.35940330175988910443862778265611
255	189206	250	0.35845544593973621694260600634152
258	191432	253	0.35752792730298749157569204726315
261	193658	257	0.35661932003867180540623849083204
264	195884	260	0.35572979100991380940754993389419
267	198110	263	0.35485850911503902249677366853575
270	200336	266	0.35400490957644525913394772942411
273	202562	269	0.35316828005182682170826069523173
276	204788	272	0.35234909284149706909516908126534
279	207014	276	0.35154613511365945255349174658477
282	209240	279	0.35075894477092689482944365408912
285	211466	282	0.34998698150372309356725963880308
288	213692	285	0.34923017509442144667985985506675
291	215918	289	0.34848774285775696579747773284907
294	218144	292	0.34775979255371713971811686860747
297	220370	295	0.34704573084021800299936444389459
300	222596	298	0.34634497537169406378154690173687
303	224821	301	0.34565749580390792150552670136676
306	227047	303	0.34498267362023232740497746817709
309	229273	306	0.34432049361075056648218151167384
312	231499	309	0.34367032257152863028437650427804
315	233725	312	0.34303204600419007208600419289724
318	235951	315	0.34240529141650538624830346634553
321	238177	318	0.34178987671041261009463596565183
324	240403	321	0.34118509880789404942191822556197
327	242629	323	0.3405910644190836555900148141518
330	244855	326	0.34000741346497781458779741114995
333	247081	329	0.33943409123477902289423013826308
336	249307	331	0.33887071366102811120768478758691
339	251533	334	0.33831672869413220716694468137575
342	253759	337	0.33777225544462818884738908309373
345	255985	340	0.33723696801013214319198141311062
348	258211	343	0.33671087121671433584069177413767
351	260437	346	0.33619337182192654545076493377564
354	262663	350	0.33568422388599278294307737269264
357	264889	353	0.33518366117723769059821847804415
360	267115	356	0.33469109120450879490960005568922
363	269341	359	0.33420657710850437682736924216442
366	271567	363	0.33372979333408714364139768804307
369	273793	366	0.33326049323484485675805899518309
372	276019	369	0.33279863088786126867901771220204
375	278245	372	0.33234389791928570234702533525706
378	280470	376	0.33189622698727794247730571441934
381	282696	379	0.33145550406587248604139972485427
384	284922	382	0.33102160491976484468779062808608
387	287148	385	0.33059428507892046900096261197177
390	289374	389	0.33017337159936754886757626081817
393	291600	391	0.32975866731157438271893056480621
396	293826	394	0.32935013006261232293425678108179
399	296052	397	0.32894752654888553822232211132359
402	298278	399	0.32855094729698319788724347745301
405	300504	402	0.32815999567964221350635511953442
408	302730	405	0.32777468185118519006238102520001
411	304956	407	0.32739487482048096333997477813682
414	307182	410	0.32702046632741976761593605260714
417	309408	413	0.32665126406349936916129195196845
420	311634	416	0.32628711661924875153673042404989
423	313860	419	0.32592815779482070537298454837583
426	316086	422	0.32557404692274249935479701889562
429	318312	424	0.32522477324067816661923302490322
432	320538	427	0.32488022758680007440190706802241
435	322764	430	0.32454021109498698560713592087268
438	324990	433	0.32420478395181978603645234215946
441	327216	436	0.3238738225440160878321194104501
444	329442	439	0.323547102505072126099605611671
447	331668	442	0.32322460091623267386395923495002
450	333894	445	0.32290634588611411004421825055033
453	336119	449	0.3225921440659165750908243808226
456	338345	452	0.32228194792973335891517194795597
459	340571	455	0.32197562706224563955359485589724
462	342797	458	0.3216731443328150197302761625906
465	345023	461	0.3213743690850366374611724040733
468	347249	465	0.32107924559562384114741462326492
471	349475	468	0.32078775709941925731172318592144
474	351701	471	0.32049975933114033255222352636338
477	353927	475	0.32021527340371008785169237853552
480	356153	478	0.31993410297522351104504423346953
483	358379	481	0.3196562125495592820989543270116
486	360605	485	0.31938153521608553253585682796256
489	362831	487	0.31911007716399975020493684496614
492	365057	490	0.31884179950347385501530084184196
495	367283	493	0.31857650663317937933527446148219
498	369509	496	0.31831432338418003125113386886369
501	371735	498	0.3180550024916594109569700776774
504	373961	501	0.3177986667841395385103453463671
507	376187	504	0.31754503118381977033735097393219
510	378413	507	0.31729419275958936630388507182943
513	380639	509	0.31704615316124107327055980931618
516	382865	512	0.31680066812745560911324105290987
519	385091	515	0.31655785618409482129465004618396
522	387317	517	0.31631762765630994094223638057883
525	389543	520	0.31607996409290506356626337947091
528	391768	523	0.31584472110303207781356604755274
531	393994	526	0.31561188379635152223556815442862
534	396220	528	0.31538147717486791909990984095202
537	398446	532	0.31515339428001276633750649125432
540	400672	535	0.31492758541896442858742943826655
543	402898	538	0.3147040610682914629769868497533
546	405124	541	0.31448273069432636228626165575406
549	407350	544	0.31426359210734389204588978827815
552	409576	548	0.31404658869154916667199017865642
555	411802	551	0.31383158646972536542918419399939
558	414028	554	0.31361872978777638465430754877161
561	416254	557	0.31340789962030562998407390296052
564	418480	560	0.31319905445499568452660810180532
567	420706	563	0.31299215367560745404418298676319
570	422932	567	0.31278712326085411632448085583746
573	425158	570	0.31258398864715530862667947076261
576	427384	573	0.31238269810679530902319811502821
579	429610	576	0.31218321087651706990939715069544
582	431836	579	0.31198550883277664791393135601538
585	434062	582	0.31178951060663634420322409823711
588	436288	584	0.31159531518097688396196076610067
591	438514	587	0.31140281289911125872649222401378
594	440740	590	0.31121193982326234017676824805676
597	442966	593	0.31102266371192976990300849138293
600	445192	595	0.3108349986158515099177179763501
603	447417	598	0.31064890208420614658990643874859
606	449643	601	0.3104644202022786569905576925521
609	451869	604	0.31028136834165509494454227024107
612	454095	607	0.31009988007174849045100017974619
615	456321	609	0.30991992162422798973153703627759
618	458547	612	0.30974133749367810386488031326735
621	460773	615	0.30956422527620991447250275996339
624	462999	617	0.3093884668346464361654568619997
627	465225	620	0.30921412089138938794619093641813
630	467451	623	0.30904112043333542558798399113584
633	469677	626	0.30886942165564401641120184649481
636	471903	630	0.3086990895137672885617519114021
639	474129	633	0.30853004182065768556952889412059
642	476355	636	0.30836226292413493332844609540189
645	478581	639	0.30819567703333988761826844893221
648	480807	642	0.30803035839226594605477771438018
651	483033	646	0.30786623583491556921387655165745
654	485259	649	0.30770326038167039595094820469967
657	487485	652	0.30754147875698761849250217892404
660	489711	655	0.30738088482774345022718875952705
663	491937	658	0.30722142393006568461544247838901
666	494163	662	0.30706298699086681525116659940977
669	496389	665	0.30690565037007139226332697035105
672	498615	668	0.30674942257314713467408751057519
675	500841	671	0.30659429379878988530805372647592
678	503066	674	0.30644023669678532861837538803229
681	505292	676	0.30628716996057908650286094598414
684	507518	679	0.30613513868294889297416716544831
687	509744	682	0.30598409624926059535710010095499
690	511970	685	0.3058340275843495770224933494319
693	514196	688	0.30568492360399324159203615636216
696	516422	691	0.30553678284581875512770920977346
699	518648	693	0.30538956876400469298005191376433
702	520874	696	0.30524328168598108268483315441699
705	523100	699	0.30509790013699178423678404215025
708	525326	701	0.30495344450496714161502609385934
711	527552	704	0.30480986652244473900097432306211
714	529778	707	0.3046671393810561068171693932527
717	532004	709	0.30452529512846804315984172717435
720	534230	712	0.30438424922039808429019558388973
723	536456	715	0.30424404863320902991929983727459
726	538682	718	0.30410467273882829664088944809919
729	540908	722	0.30396610193423462265016610217572
732	543134	725	0.30382831819705624631922091793967
735	545360	728	0.30369131213238559352518564082857
738	547586	731	0.3035550821494671369649154257786
741	549812	735	0.30341960087059161033096188475611
744	552038	738	0.30328490503216509743822371092392
747	554264	741	0.3031509191591365559581561228697
750	556490	744	0.30301767739907842225122180934704
753	558715	747	0.30288515304900337499205420499493
756	560941	751	0.30275334030477957236726638257096
759	563167	754	0.30262222766417540276151498801482
762	565393	757	0.30249177282255984566816664482758
765	567619	760	0.30236202497933356569959073567588
768	569845	763	0.30223294169999531666448433497862
771	572071	766	0.30210452019253830613365607860032
774	574297	769	0.30197676516933263934916453763435
777	576523	772	0.3018496430734752267177611884108
780	578749	774	0.30172318628151451047614273193176
783	580975	777	0.30159730690341490788597411665251
786	583201	780	0.30147206915654850556407495787425
789	585427	783	0.30134743570197408679689488053555
792	587653	786	0.30122340268154534914657460831222
795	589879	788	0.30109997980890651492202891859051
798	592105	791	0.3009770999548383452193434095534
801	594331	794	0.3008547887831982126094487739465
804	596557	797	0.3007330544422760487677237506432
807	598783	800	0.30061188281229977992126123353955
810	601009	802	0.30049127190034624623748982230609
813	603235	805	0.30037119649780186225740408190177
816	605461	808	0.30025166224623162092299821779307
819	607687	811	0.30013265959711787900232593528926
822	609913	814	0.30001419225137132551495255938789
825	612139	817	0.2998962087395285469604289119161
828	614364	821	0.29977875782912760671550245206163
831	616590	824	0.29966181805303043761412595813454
834	618816	827	0.29954534931430959465714636280609
837	621042	830	0.29942937955126902593860904744361
840	623268	834	0.29931390479967301399000234596315
843	625494	837	0.2991989087947819481172473388142
846	627720	840	0.29908438052402702700405257019156
849	629946	843	0.29897030937994711896621424784826
852	632172	846	0.29885671148846554290301469336555
855	634398	850	0.29874354822756776783876375702675
858	636624	853	0.29863085908366698850713305546378
861	638850	856	0.29851861356406345082703523985401
864	641076	859	0.29840681054082107692693170974962
867	643302	862	0.29829544010592246028323870632448
870	645528	865	0.29818448719236262389742364575795
873	647754	867	0.29807399927745203971340970383608
876	649980	870	0.2979639055424269100669221188582
879	652206	873	0.29785422719975118699409222244867
882	654432	876	0.29774495170954190514933657141228
885	656658	878	0.29763608176890438139494676761387
888	658884	881	0.29752760359709956583529333329352
891	661110	884	0.2974195193156954908353384325892
894	663336	887	0.29731183195999583146473810302268
897	665562	889	0.2972045117047684703592835830932
900	667788	892	0.29709757703264366712758715038945
