0	0	0	0.69314718055914625871594125783304
3	2331	8	0.58921618315088308825977492233505
6	4663	16	0.51861769913902588946541527548106
9	6994	24	0.46911202636912313623795967032493
12	9326	33	0.43457762387668485981606636414654
15	11661	41	0.40895711689191860394032573822187
18	13992	49	0.38963079390231591947468814396416
21	16324	57	0.37473809330772533954245773202274
24	18656	66	0.3630500089475834357699568499811
27	20991	74	0.35370637274483079925957440536877
30	23322	83	0.34608958090680042030129470731481
33	25654	91	0.33979257321807238012567609075631
36	27985	99	0.33449885619057334595893848927517
39	30317	108	0.32999846268076549193892788025551
42	32648	116	0.32613671069669991631201355630765
45	34980	124	0.32277031245233617218204358323419
48	37312	132	0.31980677078359914800032015591569
51	39643	140	0.31717759571977444110757460293826
54	41975	148	0.31483058616039716337553500125068
57	44306	157	0.31270504018542916169209888721525
60	46638	165	0.31076320611275065619594215604593
63	48969	173	0.30897966545352550937764135596808
66	51301	182	0.30732416866958578438584481773432
69	53632	190	0.30578393912015688904659782565432
72	55964	198	0.30433917977719426861682450180524
75	58296	206	0.30297602948035312619978753900796
78	60627	214	0.30168441796968820112212483763869
81	62959	223	0.30045507565817280992703786068887
84	65290	231	0.29928185967239373521664447252988
87	67622	239	0.2981552096897511217044041131885
90	69953	247	0.29707126006027306797108167302213
93	72285	256	0.29602467355120848369054442628112
96	74620	264	0.29501167264488764585550484298437
99	76952	272	0.2940273443308333845003232909221
102	79283	280	0.29306922029928406114862582398928
105	81615	289	0.29213664632111191465924093790818
108	83946	297	0.2912263436805253014050265392143
111	86278	306	0.29033581856572637791558122444258
114	88609	314	0.28946408941983220453053604614979
117	90941	322	0.28861026624649011029788425730658
120	93272	330	0.28777293805005860205525891615252
123	95604	339	0.28695083216316008556390215744614
126	97936	347	0.28614225714042745840615111774241
129	100267	355	0.28534741537812868816814670935855
132	102599	363	0.28456537657735647695034231219324
135	104930	371	0.28379424452088880537203863241302
138	107262	380	0.28303486972596553217229597976257
141	109593	388	0.28228627292521790703716533244005
144	111925	396	0.28154823566708570004024636546092
147	114257	405	0.28082045576457592694907816621708
150	116588	413	0.28010205850997449417150164663326
153	118920	421	0.27939305120596347187245100940345
156	121251	429	0.2786924160636023439785446953465
159	123583	437	0.27800099463948224620679638974252
162	125914	446	0.27731823298029578683809859285248
165	128246	454	0.2766435650712847915677627952391
168	130581	462	0.27597711078304099086011547115049
171	132913	470	0.27531891025785837356920637830626
174	135244	479	0.27466823497849623958444453819538
177	137576	487	0.27402535156211271782922267448157
180	139907	496	0.27338957548902370620069746109948
183	142239	505	0.27276122231239202653441111579014
186	144570	514	0.27214026297763660444672950688982
189	146902	523	0.27152591138940862514061791443964
192	149237	531	0.27091863388024162162537322728895
195	151569	540	0.2703186361716550245581913713977
198	153900	549	0.2697251834076523357985877282772
201	156235	557	0.26913825198346463807297368475702
204	158567	565	0.26855756682686493519440773525275
207	160898	574	0.26798393863959935057295069782413
210	163230	582	0.26741635958899984126801996353606
213	165565	590	0.26685511366789993470405306652538
216	167896	599	0.26629975842703679234091396210715
219	170228	607	0.26575109633502630446244552331336
222	172560	615	0.26520800910126918203957302466733
225	174891	623	0.26467123516064833266270284184429
228	177223	632	0.26414022463331021661758768459549
231	179554	640	0.2636155999771247482321712141129
234	181886	648	0.26309602229536283024557974385971
237	184217	656	0.2625824158278269870869792157464
240	186549	664	0.26207428011876776619004658641643
243	188881	673	0.26157205624388013553982546000043
246	191212	681	0.2610748185226208772924394452275
249	193544	689	0.2605830875285166658983371235081
252	195875	698	0.26009707781012086913463576820504
255	198207	707	0.25961631428315584679822336511279
258	200538	715	0.25914074315112967106244923343183
261	202870	723	0.25867034012006373533409941956052
264	205201	732	0.25820510683456188161244426737539
267	207533	740	0.25774492590795800017744454635249
270	209865	749	0.25728978579662248327153406535217
273	212196	757	0.25683969582274651655140473849315
276	214528	766	0.25639447116321356645585183287039
279	216859	774	0.25595392317920762081939756171778
282	219191	782	0.25551811950027319975120576600602
285	221522	790	0.255087039355890332625875771555
288	223854	798	0.25466075763059237146990199107677
291	226185	807	0.2542389112049799893000567863055
294	228517	815	0.25382199450417541886082517521572
297	230849	823	0.25340955326166914041152722347761
300	233180	832	0.2530015583980713689271624389221
303	235515	840	0.25259769034682300059557746862993
306	237847	848	0.25219870660647880633575823594583
309	240178	856	0.25180389705980876779989330316312
312	242510	864	0.25141318546802637889925335912267
315	244841	873	0.25102681901349599424833058947115
318	247173	881	0.25064458457042615435739207896404
321	249505	890	0.25026669376719601345371302159037
324	251836	899	0.24989289264119368683125799179834
327	254168	907	0.24952265401152656787431283191836
330	256499	915	0.2491564044963650303987634515579
333	258831	924	0.24879443684811852754990013636416
336	261162	932	0.24843624076646134146706401679694
339	263494	940	0.24808163959143861299061484260164
342	265826	948	0.24773105019932986636810312575108
345	268157	957	0.24738424319647950300193883776956
348	270489	965	0.24704116380784055251318420687312
351	272820	973	0.24670185187100432400164606860926
354	275152	982	0.24636587903512124908544933532539
357	277483	990	0.24603352634063865855829078554962
360	279815	998	0.24570471798887677516987082526612
363	282146	1006	0.2453795608924271287598628532578
366	284478	1014	0.24505769241327035601329953351524
369	286810	1023	0.24473926229201187210193779719702
372	289141	1031	0.24442430837833434287276190843841
375	291473	1039	0.24411256800397493349485955604905
378	293804	1047	0.24380404812763215027793251010735
381	296136	1056	0.24349901977469820546495782309648
384	298467	1064	0.24319710680923795065311310281686
387	300799	1073	0.24289823738510499251397334319336
390	303130	1081	0.24260272166527038772976254676905
393	305462	1090	0.2423101466682549554043646367063
396	307794	1098	0.24202074533180023552247916995839
399	310125	1106	0.24173447758852970035370333334868
402	312457	1115	0.24145102586740077588167707745015
405	314788	1123	0.24117054849394009563567919940397
408	317120	1131	0.24089300657794382454213177879865
411	319451	1139	0.24061832530046936562406756365817
414	321783	1148	0.24034658950755521944486758911808
417	324115	1156	0.24007766462455404354869870076072
420	326446	1164	0.23981140104235373899932426411397
423	328778	1173	0.23954795115710986186385866858473
426	331109	1181	0.23928717164700064046201077871956
429	333441	1190	0.23902895135904708712182298313564
432	335772	1198	0.23877367199437785072468898306397
435	338104	1206	0.23852094445611485284963748654263
438	340435	1214	0.2382706310088562873250594975616
441	342767	1223	0.23802328768884689624840689248231
444	345099	1231	0.23777819386437559767699667645502
447	347430	1239	0.23753542315219611236187802205677
450	349762	1248	0.23729526358885663639419760784222
453	352093	1256	0.23705755165124497985118523502024
456	354425	1264	0.23682212790957987702533671381389
459	356756	1273	0.2365893862952978821123650732261
462	359088	1281	0.23635875477935158750497635082866
465	361419	1290	0.23613047782913301753104917679593
468	363751	1298	0.23590438777100652956164594797883
471	366083	1306	0.23568065664349349686013113114313
474	368414	1315	0.23545923235033036635677206049877
477	370746	1323	0.23524007679908123802370312205312
480	373077	1331	0.23502294087156810897809577909356
483	375409	1339	0.23480822438569004528829964328906
486	377740	1348	0.2345954831651960448279936599647
489	380072	1356	0.23438486758157239808753047327627
492	382404	1364	0.2341763256639413648407810342178
495	384735	1372	0.23396982468624580309146665513254
498	387067	1381	0.2337653783993255962592172636505
501	389398	1389	0.23356288075020537053916314107482
504	391730	1397	0.23336259486138111185482557630166
507	394061	1405	0.23316418719144946236632165437186
510	396393	1413	0.23296760195488730449397962729563
513	398724	1422	0.23277307518311729506166329883854
516	401056	1430	0.23258039943363303936330055421422
519	403388	1438	0.23238964453489940886754538951209
522	405719	1447	0.23220060380580420655860507395118
525	408051	1455	0.23201339739385731797405298948433
528	410382	1464	0.23182802988337258831563758576522
531	412714	1472	0.2316445483156822637837990441767
534	415045	1480	0.23146282665638792663820311190648
537	417377	1488	0.23128282226022875422977165271732
540	419708	1496	0.23110456984347829689774300732097
543	422040	1505	0.23092797397734182718309625670372
546	424372	1513	0.2307530433104313105641125503098
549	426703	1521	0.2305797671801550485781717725331
552	429035	1529	0.23040814606281204146576158109383
555	431366	1537	0.23023827955817738333266220251971
558	433698	1546	0.23006989232874747175472407434427
561	436029	1554	0.22990311941661270567216490690043
564	438361	1562	0.22973791571183363457997472778516
567	440693	1571	0.22957435224439529108941826507362
570	443024	1579	0.22941227719871704060494721488794
573	445356	1587	0.22925172370398186338924517713167
576	447687	1595	0.2290926559555445107818627548113
579	450019	1603	0.22893507303838969701992311911454
582	452350	1612	0.22877898398370541399593491860287
585	454685	1620	0.2286242968714033985122568992665
588	457017	1628	0.22847113868471768949319766761619
591	459349	1637	0.22831928201447257431588866438688
594	461680	1645	0.2281688829620407976683793549455
597	464012	1653	0.22802004518179644354525237304188
600	466343	1661	0.22787245498338534743787420211447
603	468675	1669	0.22772617431532837795060686403303
606	471006	1678	0.22758132608370748584114551249513
609	473338	1686	0.22743776381421831889184659303282
612	475669	1694	0.22729554971678678221280733851017
615	478001	1703	0.22715453983840275253847096337267
618	480333	1711	0.22701485207823579592911755753448
621	482664	1719	0.22687640451701229782344171326258
624	484996	1728	0.22673920048151519068824200076051
627	487327	1736	0.2266033369493289928442436576006
630	489659	1744	0.22646867545008217414981288584386
633	491990	1752	0.22633517793143637097941223146336
636	494322	1761	0.22620284614806401846109906728088
639	496653	1769	0.226071743369514133181752413293
642	498985	1777	0.22594182804767459771255744271912
645	501317	1785	0.22581306273412410368095493140572
648	503648	1794	0.22568541033926445282808970205224
651	505980	1802	0.22555895998270564239973623443802
654	508311	1810	0.22543358062478957570817783562234
657	510646	1819	0.22530938205839803889496408828563
660	512978	1827	0.22518625207872250415519488342397
663	515309	1835	0.22506425493586623698405446702964
666	517641	1843	0.22494331371367448646481079777004
669	519973	1851	0.22482341227273619499449353043019
672	522304	1860	0.22470459998269612378329895818752
675	524636	1868	0.2245867378526086588497179263868
678	526967	1876	0.22446997669598658942113900138793
681	529299	1884	0.22435418382304042617114703261905
684	531630	1893	0.22423942321187151360817324530217
687	533962	1901	0.22412567756501727833651216315047
690	536294	1909	0.22401292350309021106369300468941
693	538625	1917	0.22390112789779817448199139562348
696	540957	1926	0.22379030243675823719229356356664
699	543288	1934	0.22368040357619919933362950814626
702	545620	1943	0.2235714707992788041757137307286
705	547951	1951	0.22346347155079163138147180234228
708	550283	1959	0.22335644793538519947695419887168
711	552614	1967	0.22325030764547176831413821673777
714	554946	1975	0.2231450464635891806075562726619
717	557278	1984	0.2230406813440750091181996594969
720	559609	1992	0.22293721002871780267895474025863
723	561941	2000	0.22283460569485818991708470093727
726	564272	2008	0.22273287809916578194879832608422
729	566604	2017	0.22263205352260179159529229764303
732	568935	2025	0.22253204366519691026482519191632
735	571267	2034	0.22243289196796761642005435533065
738	573598	2042	0.22233457539688447623937861408194
741	575930	2050	0.22223706214375463230403795478196
744	578262	2058	0.22214035545799434845370967650524
747	580593	2067	0.22204445049240123521983036880556
750	582925	2075	0.2219493773990794394102010755887
753	585256	2083	0.22185506716349995270931572122208
756	587588	2091	0.22176157680351613055158566112368
759	589919	2100	0.22166886180039294118593318216881
762	592251	2108	0.22157690449993594494770832170616
765	594583	2116	0.22148570780859477835633697395679
768	596914	2125	0.22139527228282968041028766492673
771	599246	2133	0.22130557872878345304634706280922
774	601577	2141	0.22121661127451341943839224768453
777	603909	2149	0.22112835538130629076114530562336
780	606240	2158	0.22104080434079839689864854790358
783	608572	2166	0.22095397079460157852004442702309
786	610903	2174	0.22086785403690692430878073082567
789	613235	2182	0.22078242035582990032693828652555
792	615567	2190	0.22069772953148222849328874417552
795	617898	2199	0.22061372132444634353021228889702
798	620230	2207	0.22053039180138181429846611081302
801	622561	2215	0.2204477476263627389041488413568
804	624893	2223	0.22036572169813231636403827451431
807	627224	2232	0.22028439588676537730371762791037
810	629556	2240	0.22020369034870579394436163056525
813	631887	2249	0.22012361942546618265303948192013
816	634219	2257	0.22004421238994248399833963958372
819	636551	2265	0.21996541772962599492480251228699
822	638882	2273	0.21988724316182045592782401399745
825	641214	2281	0.21980967645702129131812796458689
828	643545	2289	0.21973277747248728952733642927342
831	645877	2298	0.21965644954903215668728932996601
834	648208	2306	0.21958072525531976970647463076602
837	650540	2314	0.21950560581949118965638945155661
840	652872	2322	0.21943108709319100735335439367191
843	655203	2330	0.21935715109852291226921749967005
846	657535	2338	0.21928379157808344790403509705357
849	659866	2347	0.21921096091602459976499517324555
852	662198	2355	0.21913873701000299853980379793938
855	664529	2363	0.21906706985658414010842420793779
858	666861	2371	0.21899598857002913754321582473494
861	669192	2380	0.21892545405806512759383508637256
864	671524	2388	0.21885543968051299201782455838838
867	673856	2396	0.21878597842249472571474200321973
870	676191	2404	0.21871703671048958739220324787311
873	678522	2413	0.21864863511953530617049068496272
876	680854	2421	0.21858074203932614798517874987738
879	683185	2429	0.21851340230361715466500527327298
882	685517	2437	0.21844656022921521421054080747126
885	687848	2446	0.21838022401438050845712268710486
888	690180	2454	0.2183143862634376597409158193841
891	692512	2462	0.21824904753748511354594086242287
894	694843	2470	0.21818421816520991440846444220369
897	697175	2478	0.21811989360450290131865358489449
900	699506	2487	0.21805605007588413357666468073148
