0	0	0	0.69314718055914625871594125783304
3	2212	1	0.68076962188977407919310280703939
6	4425	2	0.66889177680878608711623201088514
9	6638	4	0.65748430414691605427890408464009
12	8851	5	0.64649539169503278390749301252072
15	11063	7	0.63594949046554172245038216715329
18	13276	8	0.62582164735691714341214719752315
21	15489	10	0.61610419673315197641727536392864
24	17702	11	0.60674617950458686888026704764343
27	19914	12	0.59776973492702556445266282025841
30	22127	14	0.58914289877037318010621902431012
33	24340	15	0.58083999368400440754811597798835
36	26553	17	0.5728386893832175807972362235887
39	28765	18	0.56515086878029563433045723286341
42	30978	20	0.55775173568838765092436915438157
45	33191	22	0.55062678231659856198376701286179
48	35404	24	0.54376645865263950607726428643218
51	37616	26	0.53716485238033129245849295330117
54	39829	28	0.53080177720976284838627634599106
57	42042	30	0.52466452533329199781064744456671
60	44255	32	0.51875577607643841293594277885859
63	46467	34	0.51305292063312790684648234673659
66	48680	36	0.50756738778165477743442579594557
69	50893	38	0.50226577475377287562707806500839
72	53106	40	0.49714754247343317938856444015983
75	55319	42	0.49220932727060384692663319583517
78	57531	44	0.48744029828674290127921153725765
81	59744	45	0.48283176965225643728629734141578
84	61957	47	0.47837894693079302532723318108765
87	64170	49	0.47407494350181395015297880490834
90	66382	50	0.46991405031107225109821001751698
