0	0	0	0.69314718055914625871594125783304
3	440	0	0.60552755510377165304447544258437
6	880	0	0.53208633170886254770692858073744
9	1320	0	0.48521351003305623894590326017351
12	1760	0	0.4340479803579153084136521556502
15	2201	1	0.40711899767418152640274797704478
18	2641	1	0.38766391730199689646951810573228
21	3081	1	0.37325575488351514508167383610271
24	3521	2	0.36213116727026795071964215821936
27	3961	2	0.35452650800382634610485865778173
30	4402	2	0.34686275683651685008968001966423
33	4842	2	0.34013481702455333754997468531656
36	5282	3	0.33446354260365229738027892381069
39	5722	3	0.32985493682604521969992106278369
42	6162	3	0.32755546660893047894447249746008
45	6603	4	0.32428468603736887443389491636481
48	7043	4	0.32014830142629990827884967075079
51	7483	4	0.31778382552470046951142990110384
54	7923	4	0.31520626519119887554154502140591
57	8364	5	0.31431223240460604007040501528536
60	8804	5	0.31237810106292857037502130879147
63	9244	5	0.30993981141476789620270437808358
66	9684	6	0.30852536974104000089269561613037
69	10124	6	0.30654312776885694891149114482687
72	10565	6	0.30553105119112888843346809153445
75	11005	6	0.30425634607481544247065130548435
78	11445	7	0.30269482606159242576993051443424
81	11885	7	0.30152330863389842363631032640114
84	12325	7	0.30014671800114856026198140170891
87	12766	7	0.29947354477526844096502145475824
90	13206	8	0.29876860005535399444909216981614
93	13646	8	0.29754341177812493324239540015697
96	14086	8	0.29658271903566352234449254865467
99	14526	9	0.29550636375091426932826266238408
102	14967	9	0.29471293932419950767354066556436
105	15407	9	0.29398075797285755372811877350614
108	15847	9	0.2931157793833809588335270746029
111	16287	10	0.292252427602869624401193959784
114	16728	10	0.29128145328013849146842062509677
117	17168	10	0.29012546082780438227999297851056
120	17608	10	0.28942065260685656546968402835773
123	18048	11	0.28869314566223219786778031448193
126	18488	11	0.28796071667271233573970334873593
129	18929	11	0.2870259290756909109632033505477
132	19369	11	0.28595393789772854953312730685866
135	19809	12	0.28532250323032359862196472022333
138	20249	12	0.28464163212512544332000175018038
141	20689	12	0.28402401450315029052262616460212
144	21130	13	0.28313453700525464951098797428131
147	21570	13	0.28216302181035612939297152479412
150	22010	13	0.2816781942128420701543234372366
153	22450	13	0.28119432948923811510510972766497
156	22891	14	0.28061282712342477951850128192746
159	23331	14	0.27996771049092428196303217191598
162	23771	14	0.27902319177899187474523046148533
165	24211	14	0.27841889424582194623170039449178
168	24651	15	0.27802470224050002123306057910668
171	25092	15	0.27746655776468270859780318460253
174	25532	15	0.27675551462376052347380550600064
177	25972	16	0.27575017584438948903269306356378
180	26412	16	0.27530101032964715557227464159951
183	26852	16	0.27495023812909175076057977094024
186	27293	17	0.27441267055912366146230851882137
189	27733	17	0.27363673229427909472377677957411
192	28173	17	0.27268896806351339279217427247204
195	28613	17	0.27230815271664982057941983839555
198	29053	18	0.27194410166126509187378701426496
201	29494	18	0.27142128336708665203858004133508
204	29934	18	0.27073824032832033426032580791798
207	30374	19	0.26997947308066289062722376002057
210	30814	19	0.26962716048397283863380380353192
213	31255	20	0.26926608419648034864479768657475
216	31695	20	0.26869252427656037385261811323289
219	32135	20	0.26816927756122876935762633365812
222	32575	20	0.2672417823919976398450160104403
225	33015	21	0.26681794291124322215935649182939
228	33456	21	0.26643347985642279462936699019338
231	33896	21	0.26588694973644316776884011233051
234	34336	22	0.26537346826654650833177129243268
237	34776	22	0.26460462185053007511115197303297
240	35216	22	0.26431970160536211178481380557059
243	35657	23	0.26403393659641599677811996116361
246	36097	23	0.26354638610364938822172575783043
249	36537	23	0.26309952282370108189724078329164
252	36977	23	0.26239519541356759457784164624172
255	37418	24	0.26209351984249668054971493802441
258	37858	24	0.26179735851053970163704320839315
261	38298	24	0.26138147546791262731957772302849
264	38738	25	0.26080973899480414113227766392811
267	39178	25	0.26010443246897807512141298502684
270	39619	25	0.25975124431149820836139952007215
273	40059	25	0.25950911702539763981079090626736
276	40499	26	0.2590100060346945398670470694924
279	40939	26	0.2584867699915900929319434453646
282	41379	26	0.25784840093873623301234943028248
285	41820	27	0.25753051706617213767458451911807
288	42260	27	0.25723233202946210740336141498119
291	42700	27	0.2567464709262028965675028757687
294	43140	27	0.25630579575961065508238334587077
297	43580	28	0.25566022934642679276251442388457
300	44021	28	0.2553220212930175092580498130701
303	44461	28	0.25500110345655052634938897426764
306	44901	28	0.25451153474119081465687486343086
309	45341	29	0.25407764187066883554422247470939
312	45782	29	0.25345500874498494425779426819645
315	46222	29	0.25321319418524462774300332057464
318	46662	30	0.25293284689891859517985039929044
321	47102	30	0.25251668388798098607850306507316
324	47542	30	0.25210356445435139205457630851015
327	47983	31	0.25149347806872218713536426548671
330	48423	31	0.25124334724425384512969117167813
333	48863	31	0.25101112513808260251479964608734
336	49303	31	0.25062349241228037977080589371326
339	49743	32	0.25021537056130976894863238157996
342	50184	32	0.24958819555231515074922299390892
345	50624	32	0.24937648665018377625024470489734
348	51064	33	0.2492318206946962100278852858537
351	51504	33	0.24882994418885359677595658922655
354	51945	33	0.24848624019257012363048886527395
357	52385	34	0.24796220045096123429928525183641
360	52825	34	0.24771547582157862898988298638869
363	53265	34	0.24750176980015209382557372919109
366	53705	34	0.24727055315820684056049572063785
369	54146	35	0.24693617918968602253926292178221
372	54586	35	0.24638619394247393556973690920131
375	55026	35	0.2461719135657302881536878658153
378	55466	36	0.24595252955340146661100675373746
381	55906	36	0.24567233781638758705057057341037
384	56347	36	0.24536806748302861236332716998731
387	56787	36	0.24493608123019836031453166924621
390	57227	37	0.24463437295047149588889112692414
393	57667	37	0.24454738646323714856833930753055
396	58107	37	0.24419018077966586632854273375415
399	58548	38	0.24393047461622341387510459753685
402	58988	38	0.24356983437746257403766492188879
405	59428	38	0.2433008664332156623100189563047
408	59868	39	0.24312083727049707548850676630536
411	60309	39	0.24283516819888570359431412271078
414	60749	39	0.24257354820460583222363482036599
417	61189	39	0.24221816507045407229625766376557
420	61629	40	0.24207115351701702365971868857741
423	62069	40	0.24185942950663313899539730300603
426	62510	40	0.24154736899961898322075626310834
429	62950	41	0.24128415026763200268433706696669
432	63390	41	0.24089728750276798163731939439458
435	63830	41	0.24073159040274202946640969003056
438	64270	42	0.24058335185480533846558159893902
441	64711	42	0.24031021859052184574956356755138
444	65151	42	0.24008215257935835995617424032389
447	65591	43	0.23976412270589156361388916138822
450	66031	43	0.23954786156420376785902703886677
453	66472	43	0.23938226335370477171338166044734
456	66912	44	0.23914959715283054531020923150209
459	67352	44	0.23897310191940923651543471351033
462	67792	45	0.23865073559749200304835881070176
465	68232	45	0.23845527428150573023835079311539
468	68673	45	0.23835004953656244164328370516159
471	69113	46	0.23804803824086720465125210921542
474	69553	46	0.23776110616827303423370665313996
477	69993	47	0.23737041538281444807978459721198
480	70433	47	0.23716632108364035791403523489862
483	70874	48	0.23701225563686792452422480437235
486	71314	48	0.23673003121568805817709346683841
489	71754	48	0.23649442616658467031243162637111
492	72194	49	0.23617158391947912221553451672662
495	72634	49	0.23603766113791316283432308864576
498	73075	49	0.23589729472968185008951991221693
501	73515	50	0.23572294049772901658457158191595
504	73955	50	0.23557407170020927544840105838375
507	74395	50	0.23527736042446723008225717421737
510	74836	51	0.23511668459755721838355668751319
513	75276	51	0.23503208298552416555260435870878
516	75716	52	0.23487518983538036021485595483682
519	76156	52	0.23470473603769834158860874140373
522	76596	52	0.23440477988695535005447823095892
525	77037	53	0.23427766190952487024290462613862
528	77477	53	0.23416753875264664785937895885581
531	77917	53	0.23395118448331156391084562073956
534	78357	54	0.23374542502753745121246709004481
537	78797	54	0.23350577583803458492361926346348
540	79238	55	0.23337029945772153061156473086157
543	79678	55	0.23331534941274850725179135224607
546	80118	55	0.23311235617666475894438349314441
549	80558	56	0.23295856047907398389540389871399
552	80999	56	0.23266572562852852468218145531864
555	81439	56	0.23254350920095201438186904852046
558	81879	57	0.23238647374322299321569573749002
561	82319	57	0.23219217749482692902951441737969
564	82759	58	0.23203611482646052666112268525467
567	83200	58	0.23179433722242812065950090527622
570	83640	58	0.23161640562326271663984300630545
573	84080	59	0.23143700916188333915890495973144
576	84520	59	0.23126910175134904323890339128411
579	84960	60	0.23109352128147289673343323102017
582	85401	60	0.23088762812986415862148703581624
585	85841	60	0.23077704986540456544297228447249
588	86281	61	0.23066008228885404029995243035955
591	86721	61	0.23049716882227214154177374894061
594	87161	61	0.23034038137894774500580297171837
597	87602	62	0.23010020221067972734374507126631
600	88042	62	0.22996665266293914164918987808051
603	88482	63	0.2298816770005760734552069379788
606	88922	63	0.22973922776073840701371864270186
609	89363	63	0.2296217167690566274274033276015
612	89803	64	0.22943309869250946841923166630295
615	90243	64	0.229296032422449669319064469164
618	90683	64	0.22916019742052465280046646967094
621	91123	65	0.22896553780509851239166607683728
624	91564	65	0.22878373588264583338158786318672
627	92004	66	0.2286104981376301525930472280379
630	92444	66	0.22846768518489438126728430233925
633	92884	66	0.22836668320711295265823537192773
636	93324	67	0.22822562664875534199637741039624
639	93765	67	0.2281151616617337063441794953178
642	94205	67	0.22793736837484659951691412516084
645	94645	68	0.22779686209242525074536445117701
648	95085	68	0.22769489826370784002484981556336
651	95526	69	0.22751380782152036408305662007479
654	95966	69	0.22736205354451341498212002534274
657	96406	70	0.22715341046986275985730685533781
660	96846	70	0.22701279940501509213568454015331
663	97286	70	0.22689837998217987635740655605332
666	97727	71	0.22670109182865746944024465392431
669	98167	71	0.2265946194541343938766431165277
672	98607	71	0.22638212203463528582325636762107
675	99047	72	0.22627211961466472955883943996014
678	99487	72	0.22622683445555663572790194848494
681	99928	72	0.22603469466307887780764929175348
684	100368	73	0.2259780311491020599046208872096
687	100808	73	0.22578966847126535899548116503865
690	101248	73	0.2256843115722387826949102418439
693	101688	74	0.2256047591948570074649182970461
696	102129	74	0.22548269149291119695099894215673
699	102569	75	0.22539335713660860194273993784009
702	103009	75	0.22520530512193620564787011062435
705	103449	75	0.22509847220024317704378802318388
708	103890	76	0.22499707688543527095426100004261
711	104330	76	0.22484251504120605913428221356298
714	104770	76	0.22476139397911229500515162271768
717	105210	77	0.22456887105346096111802012273984
720	105650	77	0.22447826305248755329735388386325
723	106091	77	0.22438882843549154411100232664467
726	106531	78	0.22421374346102959651538810703642
729	106971	78	0.2241597586202549452494281467807
732	107411	78	0.22397207921976738931313377634069
735	107851	79	0.22386163591031960073962636670331
738	108292	79	0.2237973476702110053881966678091
741	108732	79	0.22366199954885690459605029900558
744	109172	80	0.22361298836994800143251893587149
747	109612	80	0.22346084832783577600601176982309
750	110053	80	0.22337045432099236763612282175018
753	110493	81	0.22330940829301235139858761158393
756	110933	81	0.22320821822491596075899167317402
759	111373	81	0.2231609530346068959172356471754
762	111813	82	0.22300909919821929050520736836916
765	112254	82	0.22289097850319949944974950994947
768	112694	83	0.22280484258041852174692110111209
771	113134	83	0.22268185594918959990806683890696
774	113574	83	0.22265280611508095343076263361581
777	114014	83	0.22249166055889030291226049484976
780	114455	84	0.22241297052156511204756839106267
783	114895	84	0.22236564439738035203752986035397
786	115335	85	0.22224536680167544799857637372043
789	115775	85	0.22219211942337913079370537161594
792	116215	85	0.22203912089618299541271539965237
795	116656	86	0.22194731145789495241338329378777
798	117096	86	0.22187653395866396843771894964448
801	117536	86	0.2217650054216414590158024111588
804	117976	87	0.22173229320432047417810395018023
807	118417	87	0.22157580490324810251756559864589
810	118857	87	0.22147024954938271390503246038861
813	119297	88	0.22139694424886466328494805111404
816	119737	88	0.22129140980525913162679785273212
819	120177	88	0.22126917917645755329303369762783
822	120618	89	0.22111400213518550561531128550996
825	121058	89	0.22103479176473150857873406494036
828	121498	90	0.22099796821573036709196458104998
831	121938	90	0.22092132374780365511313107163005
834	122378	90	0.22088539239683174786321728788607
837	122819	90	0.2207746323340268601587155217203
840	123259	91	0.22068815003343225655818571340205
843	123699	91	0.22062580652781466072909211106889
846	124139	91	0.22049689830373955801157137557311
849	124579	92	0.22049201089091111094298014450032
852	125020	92	0.22035525328494245944632723421819
855	125460	92	0.22027812518182487977469463658053
858	125900	93	0.22021485365285209390151521802181
861	126340	93	0.22011085726748785829087751153565
864	126781	93	0.22010813839265669367151190272125
867	127221	94	0.21999402639021614636050117042032
870	127661	94	0.21991657468198932967595737864031
873	128101	94	0.21987996008202131958952918466821
876	128541	95	0.21977649321252851200014788446424
879	128982	95	0.21975602488345302720773588589509
882	129422	96	0.21963217793600414706745027615398
885	129862	96	0.21956272073986171644577325423597
888	130302	96	0.21950329261066819919179238240758
891	130742	97	0.21937821832995549331535301007534
894	131183	97	0.21934393860680834187348864361411
897	131623	97	0.2192435873514824162811009955476
900	132063	98	0.21914734746466923986929487000452
