0	0	0	0.69314718055914625871594125783304
3	442	3	0.60691634145622308516010434686905
6	885	6	0.53290912404837287308367876903503
9	1328	10	0.48413199001636658680425284728699
12	1771	13	0.43356078754849075584942852401582
15	2214	16	0.40681671138850167279699121536396
18	2657	20	0.38806228293200412116092934411427
21	3100	23	0.37313042782307198619307087028574
24	3543	26	0.36181357628833621387087760012946
27	3986	29	0.3541783453709785312035762672167
30	4429	32	0.34639554731264587950079203437781
33	4872	35	0.33961199882044651454648942490167
36	5314	38	0.33423710673093148804113639016578
39	5757	41	0.32966668859558756476957341874368
42	6200	45	0.3274009624580636601542948938004
45	6643	48	0.32389915582896272594481956730306
48	7086	51	0.32068633776385185862878302032186
51	7529	55	0.31803496206079523433984945768316
54	7972	57	0.31537963924746503785456752666505
57	8415	61	0.31414915155793704526487886141695
60	8858	64	0.3122946337513159420495867379941
63	9301	67	0.3103775940336207517233901853615
66	9744	70	0.30869164124859693743019306566566
69	10186	74	0.30698931239540722115677340298134
72	10629	77	0.30597275699508025281758705204993
75	11072	80	0.30464245355903651901741113761091
78	11515	83	0.30330275644960874581457233034598
81	11958	86	0.30211204911107047976770445529837
84	12401	90	0.30075730186993426817920749272162
87	12844	93	0.29971496469587527444744523563713
90	13287	96	0.29880522254770625067976652644575
93	13730	100	0.29783242987960018011150964412082
96	14173	103	0.29690546755401686640496450309001
99	14616	106	0.29572832597437254120720240280207
102	15059	109	0.29472298838994198666441093337198
105	15501	112	0.29406304853794701381630716241489
108	15944	116	0.29328505695820483722968674555887
111	16387	119	0.29248780152793929509869030880509
114	16830	122	0.29146222502474133930761013289157
117	17273	125	0.29040924135015433460438316615182
120	17716	129	0.28983039320975789721046567137819
123	18159	132	0.28913832581826282019932250477723
126	18602	135	0.28838242452214907229901541541039
129	19045	138	0.28746896873756544454892036810634
132	19488	142	0.28645809251899378988781563748489
135	19931	145	0.28590880358608800060338239745761
138	20374	148	0.28534220970521684268561557473731
141	20816	151	0.28467485653703139547587852575816
144	21259	154	0.2837923876594710126397558269673
147	21702	156	0.28277019919393936442375547812844
150	22145	159	0.2822912318718167612452418779867
153	22588	162	0.28178194981695298126922466508404
156	23031	164	0.28111109992544164315475541116029
159	23474	167	0.28028680366939445756102600171289
162	23917	170	0.27933663651234408309420587102068
165	24360	172	0.2788589661877187708682868105825
168	24803	175	0.27842312670856389500428917926911
171	25246	178	0.27781387404220331260873422252189
174	25689	181	0.27707913752058160872238090632891
177	26131	184	0.27613588778674108548116805650352
180	26574	186	0.27572652919017487382902231729531
183	27017	189	0.27528298607903478600889002336771
186	27460	192	0.27468850193488997257773576166073
189	27903	195	0.2739771939197068739701990125468
192	28346	197	0.27307477974211175064667145306885
195	28789	200	0.27267788662281111644603015520261
198	29232	203	0.27226193751802646447757183523208
201	29675	206	0.27169229592298776987391306647623
204	30118	209	0.27103006702668774874354085113737
207	30561	211	0.27015827724901853024164211092284
210	31004	214	0.26976308398666287713396627623297
213	31446	217	0.26936219331274130484032980348275
216	31889	220	0.26881675046663994210760506575753
219	32332	222	0.26819760771986778102871085138759
222	32775	225	0.26739103687812265652823384698422
225	33218	228	0.26704727708577802314238169856253
228	33661	231	0.26670904883500212712021948391339
231	34104	234	0.26619280518323495954291502130218
234	34547	237	0.26560201846805092662506808665057
237	34990	240	0.26480716129901987754280412445951
240	35433	242	0.26446045598716261260108240094269
243	35876	245	0.26413612299088845558614480069082
246	36319	248	0.26368460861010800666548448134563
249	36761	251	0.26312914592722141948755165685725
252	37204	253	0.26238118848161007257147048221668
255	37647	256	0.2620586908873776543771327851573
258	38090	259	0.26177727631600428148672676798014
261	38533	262	0.26127494181234162118343533620646
264	38976	265	0.26075430639895202933331574968179
267	39419	267	0.2600451479996302439623434565874
270	39862	270	0.25975319647155281632677770176088
273	40305	273	0.25946864364629051991073538374621
276	40748	276	0.25906826436201596530750634883589
279	41191	279	0.25860736904453074380683119670721
282	41633	281	0.25793254448901759001699929285678
285	42076	284	0.25765364975422239135482982419489
288	42519	287	0.25736566807431066061795377208909
291	42962	289	0.25693483354231727577854371702415
294	43405	292	0.25649515960610852483014809877204
297	43848	295	0.25587271238695674657748213576269
300	44291	298	0.25557031790048084785027526777412
303	44734	301	0.25533404273021453878556030758773
306	45177	304	0.25494036400575809109270153385296
309	45620	306	0.2544976972267886661249747248803
312	46063	309	0.25389488606287180516574153443798
315	46506	312	0.25361559541996508970740364929952
318	46948	315	0.25335108784081711297275774086302
321	47391	317	0.25296030888893000776462827161595
324	47834	320	0.25258519787041228132906667269708
327	48277	323	0.25203046618062929784542802735814
330	48720	326	0.25174922113622016928147218095546
333	49163	328	0.25153335538570431584304287753184
336	49606	331	0.25114912834041741573898320893932
339	50049	334	0.25076288462672774448591894724814
342	50492	337	0.25020594829472014852811412310984
345	50935	339	0.24994564268387139960303500174632
348	51378	342	0.24970932196989331641745479828387
351	51820	345	0.24935978674917302910785110725556
354	52263	348	0.24901438066810968607889265058475
357	52706	351	0.24850532828548840824645083102951
360	53149	353	0.24825080147949535325224701409752
363	53592	356	0.24806219860186914938360303040099
366	54035	359	0.24772087529717862208755718711473
369	54478	362	0.24740624849672945839706983406359
372	54921	364	0.24692325437545772914837982625613
375	55364	367	0.24669180945305388408250735210459
378	55807	370	0.24649754851502286845388312030991
381	56250	372	0.24618223166595817885671237945644
384	56692	375	0.24589490098845456778064999525668
387	57135	377	0.24543500901318326956612736466923
390	57578	380	0.24521558716840802238934315937513
393	58021	382	0.24499967550368939583904648316093
396	58464	385	0.24469795749929826311763747526129
399	58907	388	0.24440766795748369855090231794748
402	59350	390	0.24395485184694082336775977637444
405	59793	392	0.24373320226146891198659716337716
408	60236	395	0.24353878588200875143776613640512
411	60679	397	0.24324223452441529058631886073272
414	61122	399	0.24294676495186900977429900194693
417	61565	402	0.24254007356906756576186978691112
420	62007	404	0.24234426393658706211375886141468
423	62450	407	0.24216979402618607486452617649775
426	62893	409	0.24187877804967361505816825228976
429	63336	411	0.24160951792758000866712109200307
432	63779	414	0.24122570433236978360014290956315
435	64222	416	0.24100559348074088172886320080579
438	64665	419	0.24084158684430120866970526094519
441	65108	421	0.24056124745853585400467977706285
444	65551	424	0.24031619352208727358188866674027
447	65994	426	0.23995735282128882737140429526335
450	66437	428	0.23976985529215738557340387160366
453	66880	430	0.23959566357373610068215441515349
456	67322	433	0.23932550216627224148879804488388
459	67765	435	0.23909186009332089595247339275375
462	68208	438	0.23872940069610690261292518243863
465	68651	440	0.23853537981641972920421324033668
468	69094	443	0.23837878325284936331662777320162
471	69537	445	0.23812227997037252458234490859468
474	69980	448	0.23789322450236849437743558155489
477	70423	451	0.23754733977301614733512735710974
480	70866	453	0.23734931336379189170671111241973
483	71309	456	0.23718180243139341811797748960089
486	71752	458	0.23690363634229982814360937481979
489	72194	460	0.23670148030190862886712466206518
492	72637	463	0.23635417580996190278774804482964
495	73080	465	0.23619539678151643680159565974463
498	73523	468	0.23605184788495894854243317695364
501	73966	470	0.23580201097653175068558084603865
504	74409	473	0.23562529342241611551855839934433
507	74852	475	0.23532623395870197469115225885616
510	75295	477	0.23518113092224351978742902247177
513	75738	480	0.2350329252546653202582405128851
516	76181	482	0.23480900150818445615286123029364
519	76624	485	0.23464796974289184317008505331614
522	77067	487	0.23437368528247728982627506866265
525	77509	490	0.23419250672948499492065366212046
528	77952	492	0.23404911452954174633234174507379
531	78395	494	0.23383030533704338149725288076297
534	78838	497	0.23366758043827853819074391594768
537	79281	499	0.23340156303680476002071486618661
540	79724	502	0.23324453790632052041509325590596
543	80167	504	0.23310767148480998622872562009434
546	80610	507	0.23290625058668565361408298031165
549	81053	509	0.23274853609650458796664906913065
552	81496	512	0.23246421340581180370321590089588
555	81939	514	0.23231806229519738615785229285393
558	82381	517	0.23221480548614381600458500543027
561	82824	519	0.23200292595467275624798730859766
564	83267	522	0.23184217824077252290138062562619
567	83710	524	0.23160778474007992500105501676444
570	84153	526	0.23146680545938394524263514995255
573	84596	529	0.23134952691491031395720767704915
576	85039	531	0.23115885808390243538745778550947
579	85482	534	0.23100638601770145941216583196365
582	85925	536	0.23075198244571473726871602138999
585	86368	539	0.23062885142203226607193755626213
588	86811	541	0.23051349883922439554240213510639
591	87253	544	0.23035077651399268883203319546737
594	87696	546	0.230219441593129126033545617247
597	88139	549	0.23000118856637599695780238562293
600	88582	551	0.22987819584901678093835641902842
603	89025	553	0.22976990919321566009259072416171
606	89468	556	0.22959750066727824258094869946945
609	89911	558	0.22947957904450738686463751037081
612	90354	561	0.2292664900469333355559342635388
615	90797	563	0.22914543056194749959253442739282
618	91240	566	0.22904358826440568419613441619731
621	91683	568	0.22884155157908389610632582389371
624	92126	571	0.22872411679401538631140056168078
627	92568	573	0.22851262462226606952953034124221
630	93011	576	0.22841222917825376725886599160731
633	93454	578	0.22832802713750155465532998277922
636	93897	581	0.22815172667377869863969408470439
639	94340	583	0.22803787076150480728209402059292
642	94783	585	0.22783381418947146190845387536683
645	95226	587	0.22770663780598865422177823347738
648	95669	590	0.2276040212430786857655817811974
651	96112	592	0.22744643412648438141054896277637
654	96555	595	0.2273467190177612395896034058751
657	96998	597	0.22715273359149470988604946342093
660	97441	599	0.22705214941218296309521917919483
663	97883	602	0.22696042718832470930223621508048
666	98326	604	0.22680679159144240264467384804448
669	98769	606	0.22670342075924843072698422474787
672	99212	609	0.22651486819628291469186365247879
675	99655	611	0.22639418445107870048182974187512
678	100098	613	0.22630000175000661299939963555516
681	100541	616	0.22615253615885103077864926035545
684	100984	618	0.22606438053339250604523158472148
687	101427	620	0.22588953126482855249257397645124
690	101870	623	0.22577425673197198952024677964801
693	102313	625	0.2256910772491738936817995409001
696	102755	627	0.22555148778618136495843771172076
699	103198	629	0.22546278808649375391404134916229
702	103641	632	0.22529040127531099746427400987159
705	104084	634	0.2251957178181324126242657257535
708	104527	636	0.22512240399049340822124065653043
711	104970	638	0.22499493823493760258358520331967
714	105413	641	0.22492420045592542710011230155942
717	105856	643	0.22475829960851295696855345340737
720	106299	645	0.22466123283278521816086481521779
723	106742	648	0.22458604023143952099772491237673
726	107185	650	0.22444068987060028508295772553538
729	107628	652	0.22435689074813783272510647748277
732	108071	655	0.22419826111458085460270694966312
735	108513	657	0.22408685888021220855570447838545
738	108956	659	0.22402656963657241462328784109559
741	109399	661	0.22390113452916388103730582770368
744	109842	664	0.22382912942061405914273564121686
747	110285	665	0.22368063590147035935018493546522
750	110728	668	0.22357498476487222549557998263481
753	111171	670	0.22350294580136811917192574128421
756	111614	672	0.22337715231073890231883183332684
759	112057	675	0.22331379049677846371224632093799
762	112500	677	0.2231706079047482416122250015178
765	112943	679	0.22307456476574444304006306083465
768	113385	681	0.22301273605697025104177555476781
771	113828	684	0.22289814424876450149604067973996
774	114271	686	0.22283259427053167534005240213446
777	114714	688	0.22269691668999819222918290506641
780	115157	691	0.22260813871280041298383878256573
783	115600	693	0.22254280713041815764619002493419
786	116043	695	0.22242132854331303493111704483454
789	116486	698	0.2223633474532958065328358543411
792	116929	700	0.22222154185702464035401249020651
795	117372	702	0.22213726776063388856918834335374
798	117815	704	0.22207661233051861904286283788679
801	118257	706	0.22195635831923840597390551465651
804	118700	708	0.2218998364612107254689732371844
807	119143	710	0.22177825120747102216611779113009
810	119586	712	0.22168922418960340658955487924686
813	120029	715	0.22162826830522072696361135513143
816	120472	717	0.22153027185267565313253612657718
819	120915	719	0.22149017702234258253568555119273
822	121358	721	0.2213672922464549053245264076395
825	121801	723	0.22128700971772746752819216453645
828	122244	726	0.22122252232106962011037865067919
831	122687	728	0.22111532343069587036588075079635
834	123130	730	0.22106644475216499778902345951792
837	123572	733	0.22094629155284323251962064205145
840	124015	734	0.22085637418987502655909338500351
843	124458	736	0.22080734784516695135003772065829
846	124901	739	0.22071994057541163836155817534745
849	125344	741	0.22066251763731964397052820459066
852	125787	743	0.22054924302565556692989900966495
855	126230	745	0.22048407673213585300509009812231
858	126673	748	0.2204332791337840768974842831085
861	127116	750	0.22034352863463543825695012401411
864	127559	752	0.22030275556753561860823253937269
867	128002	755	0.22020087550002562237771996933589
870	128445	757	0.22013466775415291287743002612842
873	128888	759	0.22008456186381519792405470070662
876	129330	761	0.21999521054874890402253129195742
879	129773	764	0.21994167237700412709244801590103
882	130216	766	0.21983675791660697851348515996506
885	130659	768	0.21976629463148408816230983120477
888	131102	770	0.21971924945241944060470018484921
891	131545	773	0.21962710211918901048733232528321
894	131988	775	0.21958353679679867842544638278923
897	132431	777	0.2194953019687014006411374111849
900	132874	779	0.21942674669747938565045330960857
