0	0	0	0.69314718055914625871594125783304
3	2202	2	0.58826129717165198673711756782723
6	4405	5	0.51759102363944609059842605347512
9	6607	7	0.46867061274462551434538681860431
12	8810	10	0.43396393421177797966592493139615
15	11012	12	0.40908882096626264512906345771626
18	13215	15	0.39037402517125030509959060509573
21	15417	17	0.37621843505844165811424772982718
24	17620	20	0.36501197473614294120025647316652
27	19823	22	0.35575914865349300697516810032539
30	22025	25	0.34783906969177230683598622817954
33	24228	28	0.3413084005829352118865926968283
36	26430	31	0.33633746117252583118784059479367
39	28633	34	0.33195466249188804175318523448368
42	30835	38	0.32820943830551652098392878542654
45	33038	41	0.32468959698218302634131759987213
48	35241	44	0.32181030397138460363848366796446
51	37443	47	0.31922849060939195720010275181266
54	39646	50	0.31694706549935075523549699028081
57	41848	54	0.3148734594919750939823188673472
60	44051	57	0.31300305884855794680277085717535
63	46253	60	0.31124305465954793525895638595102
66	48456	63	0.30961815159123184937328687738045
69	50658	66	0.30806754364452598737855737454083
72	52861	70	0.30659278040412679677828577951004
75	55064	73	0.30526923192121979688806732156081
78	57266	76	0.3040312860263117977766000876727
81	59469	79	0.30282383736686208086652527526894
84	61671	82	0.30175416033412372218691643865895
87	63874	84	0.30066426958093367405311369111587
90	66076	87	0.29960199627587025261732378567103
93	68279	90	0.29858406921431207559081144609081
96	70482	92	0.29755159605176900727840916260902
99	72684	95	0.29651734186753558875082603663031
102	74887	98	0.29561340020145771001480738959799
105	77089	100	0.29469640112579648105750607101072
108	79292	103	0.29382124166694706390856595135119
111	81494	106	0.29300791404339476819984611211112
114	83697	109	0.29213951266227133896080658814753
117	85900	112	0.29132076385674643415057971651549
120	88102	115	0.29046293780340037837817135368823
123	90305	118	0.28963312295760146319878458598396
126	92507	121	0.28885917905874108901898011936282
129	94710	124	0.28807291914028121393442916087224
132	96912	127	0.28728196981780557139884990647261
135	99115	129	0.2864774413794541341182764426776
138	101317	132	0.28569853000824219080300281348173
141	103520	134	0.28499518879511237523516342662333
144	105723	137	0.28424561082162735914380391477607
147	107925	139	0.28352214171500300654571447012131
150	110128	141	0.28279975042325433687295799245476
153	112330	144	0.28211294325621139034154793989728
156	114533	146	0.28140198884179667970784066710621
159	116735	148	0.28071862542331360579339616379002
162	118938	151	0.28005001455979711133537080058886
165	121140	154	0.27940264748147292106494887775625
168	123343	156	0.27872625089300778755685428222932
171	125546	159	0.27807188482960021325141042325413
174	127748	161	0.27740077339279373136449180492491
177	129951	164	0.2767371562623849312601009842183
180	132153	166	0.27611249640301016583521231950726
183	134356	168	0.27549719778156861460516324768832
186	136558	171	0.27486658124284168991380283841863
189	138761	173	0.27426850340138386741273279767483
192	140964	176	0.27366037013008254197288238174224
195	143166	178	0.27304781093097058031204937833536
198	145369	181	0.27244021986287653147584819635085
201	147571	183	0.27185523879791162471519783139229
204	149774	186	0.27130458369542326257928266386443
207	151976	189	0.27072931390216947722393570074928
210	154179	192	0.2702343613050644521855758739548
213	156382	195	0.26964721274297653863527557405178
216	158584	197	0.26906130545410567034281257292605
219	160787	200	0.2685015477899135305506206350401
222	162989	203	0.26793863218514002433323639706941
225	165192	206	0.26739876799553635722261901719321
228	167394	209	0.26689880382731162589138307339454
231	169597	211	0.26632224923925629234133793943329
234	171799	214	0.2657890328783499289677649812802
237	174002	216	0.26526587702946918811974796881259
240	176205	219	0.26475668139506336462574154211325
243	178407	222	0.2642467112131848261391553478461
246	180610	225	0.26375079070012602544537116955325
249	182812	228	0.2632647901933717338174290034658
252	185015	230	0.26277640849591871186063940513122
255	187217	233	0.26227652087299407890341740312579
258	189420	236	0.26180861653518294751563644240377
261	191622	238	0.26130481784747783269295950958622
264	193825	240	0.26085362773053810681034292429104
267	196028	243	0.26038650786247341528678589384072
270	198230	245	0.25993075587582420427068541357585
273	200433	248	0.25951062549985193239621139582596
276	202635	250	0.25904000336051991038033293079934
279	204838	253	0.25861144530456148249442094311235
282	207040	255	0.25818850989961400488326148661145
285	209243	257	0.25777945388012030170088451086485
288	211446	260	0.25736138012584863776766042064992
291	213648	262	0.25693151824157323126485152897658
294	215851	265	0.25652234113399841053393402034999
297	218053	267	0.25610174085913867125796627988166
300	220256	269	0.25569365689346851278074268520868
303	222458	272	0.25528408365289861903235646423127
306	224661	274	0.25488049290053338413741812473745
309	226864	277	0.25449811111570541655169108707923
312	229066	279	0.25407814176598164657150391576579
315	231269	281	0.25368666156910935072232859965879
318	233471	283	0.25330491797366810891034560881963
321	235674	286	0.25291377123018038419743902522896
324	237876	288	0.25253008497307710689128157355299
327	240079	290	0.25218098986608789013885711938201
330	242281	292	0.25180392996537404037837859505089
333	244484	294	0.25142174528137595235222079281812
336	246687	296	0.25103377055081660396140819102584
339	248889	298	0.25063562755688323369085424019431
342	251092	301	0.25026116001280590550592819454323
345	253294	303	0.2499147834332202389173716028381
348	255497	305	0.24957111682965063548245154834149
351	257699	307	0.24923598604521240984510654925543
354	259902	310	0.24888981154026146302982169800089
357	262104	312	0.24855826883162060458865028067521
360	264307	314	0.24822948078325920984177344053023
363	266510	317	0.24786185095502633046748997003306
366	268712	319	0.24752832251202161462089179622126
369	270915	321	0.24720070089243245670118653833924
372	273117	323	0.2468832789780603664819835785238
375	275320	326	0.24656701182408399808387855500769
378	277522	328	0.24627244842673984281944399299391
381	279725	330	0.24593506705388376576415510044171
384	281928	333	0.24559682650699118933168563216896
387	284130	335	0.2452905438261691328794000810376
390	286333	338	0.24497704514021487187669379181898
393	288535	340	0.2446846176500682146226495206065
396	290738	343	0.24437886613501219601474190312729
399	292940	345	0.24407263073621374149801965813822
402	295143	347	0.24375394966593100232188362497254
405	297345	350	0.24346790063062206943556020632968
408	299548	352	0.243177585955165559417068266157
411	301751	355	0.24290187809448446354387840528943
414	303953	357	0.24262132202384756318735981039936
417	306156	360	0.24235117637436617843427200114093
420	308358	362	0.24208454853903951797811089363677
423	310561	365	0.24182959952742605347353332945204
426	312763	367	0.24156502799798629244065750754089
429	314966	370	0.24129240175857452621599463782331
432	317169	372	0.24104209156036582317739203062956
435	319371	374	0.24081304392448463214115861319442
438	321574	377	0.24055059758507768563617901236285
441	323776	379	0.24029103119525915821519390647154
444	325979	382	0.24004585499670735848631863973424
447	328181	385	0.2397916588464037712657983547615
450	330384	389	0.2395479492541261190563517402552
453	332586	392	0.23929701028200336954121496546577
456	334789	395	0.23904757231123821559215514298558
459	336992	398	0.23880133563599043045044822974887
462	339194	402	0.23859380750412434446516840580443
465	341397	405	0.23835890728994110765448510846909
468	343599	409	0.23812071815535384988749001422548
471	345802	412	0.23789509121954252601760515517526
474	348004	415	0.23767653691169948748651563619205
477	350207	418	0.23745510696019933583045258274069
480	352410	421	0.23722293718243969706804818997625
483	354612	425	0.2370040984449100218700579034703
486	356815	428	0.236787876971377680979102819947
489	359017	431	0.23657189122863439556532227925345
492	361220	434	0.2363453149122941576720791090338
495	363422	437	0.23612915356752306461629586920026
498	365625	440	0.23591691882621509956940997199126
501	367827	442	0.23571634028434040875055188735132
504	370030	445	0.23550727256861492264761182013899
507	372233	448	0.23529271199159035310444210153946
510	374435	450	0.23507931116941205296200223529013
513	376638	453	0.23487220415141599194619459467503
516	378840	456	0.23468863577807594356094966769888
519	381043	459	0.23449508020456322210378630188643
522	383245	461	0.23430727069422616071214804378542
525	385448	464	0.23412586911190425009721138849272
528	387651	467	0.23393984773442946800692254782916
531	389853	469	0.23373474285871537192704749941186
534	392056	472	0.23355504550893455006921328731551
537	394258	475	0.2333632987491222887665998086959
540	396461	478	0.23316541086298364637841018520703
543	398663	480	0.23299250907165236501583649442182
546	400866	483	0.23281136244948325009218592640536
549	403069	485	0.23261915401410640513724104039284
552	405271	488	0.23244504576985922095211378746171
555	407474	490	0.23226934555380082669806540707214
558	409676	493	0.2320762841738290560567037346118
561	411879	495	0.23188662505927634671643033925648
564	414081	497	0.23170677179083615238042170858535
567	416284	500	0.23153817865091225192131219046132
570	418486	502	0.23136171766583657483096203577588
573	420689	505	0.23117885731202428289954298179509
576	422892	508	0.23100137765048570082093704058934
579	425094	510	0.2308344165140885917431035068148
582	427297	512	0.23068147360362797892996411519562
585	429499	515	0.23050041946825289285172289055481
588	431702	517	0.23034425531249527741017857351835
591	433904	520	0.23018409001478459807721321794816
594	436107	522	0.23001595525741008740894244510855
597	438310	525	0.22985528205108632371356236490101
600	440512	527	0.22971043449909156475285954002175
603	442715	529	0.22955189622349134181966689993715
606	444917	532	0.22941210829854152830620250824722
609	447120	534	0.22926335924016838507810689407052
612	449322	536	0.22911068118808761151505848374654
615	451525	538	0.22897694546873759158245320577407
618	453728	540	0.2288185188205692777163591244971
621	455930	543	0.22866456994466488605866061334382
624	458133	545	0.22852954981322903815765812396421
627	460335	547	0.22838525773505813365460426211939
630	462538	549	0.22823614662022176369227111081273
633	464740	552	0.22810618050271930234984552043898
636	466943	554	0.22797133024485013996773830058373
639	469145	556	0.2278122509926532590629477681432
642	471348	559	0.22768255961686931221343854758743
645	473551	561	0.22754204163797048243722542792966
648	475753	563	0.22739254983723219960545236517646
651	477956	565	0.22726620851051676508447485502984
654	480158	568	0.22714868559549683535436770398519
657	482361	570	0.2270336946260865518265603668624
660	484563	572	0.22690220935966737281219707256241
663	486766	574	0.22676030183735845779935402788396
666	488968	576	0.22663572187326450069200234338496
669	491171	579	0.22649848930239749322801401376637
672	493374	581	0.2263691044300839005920522595261
675	495576	583	0.22624743656512186218421334160666
678	497779	586	0.22612136097305751691877162556921
681	499981	588	0.22601475991362648954030589720787
684	502184	590	0.22588415705166997593522637544083
687	504386	593	0.22576593454453802722881050613069
690	506589	596	0.22564818422828991639761397891562
693	508792	598	0.22553571637285971251962735095731
696	510994	600	0.22541339841261837095842679445923
699	513197	603	0.22530990744171816575480704614165
702	515399	605	0.22519833569489414171194141545129
705	517602	608	0.2250804463400756794122514747869
708	519804	610	0.22496949397615195742616833740612
711	522007	612	0.22485952268460759895241096728569
714	524209	615	0.22473968457264048570465320153744
717	526412	617	0.22462387305573514040268889857543
720	528615	620	0.22451138357092539910020434490434
723	530817	622	0.22440311863918049883892535945051
726	533020	625	0.22428165265197053113155334358453
729	535222	627	0.22417231140420626478437782225228
732	537425	629	0.22406965417331975443104852274701
735	539627	632	0.2239711568226500360001551825917
738	541830	634	0.22388172678258561054676079038472
741	544032	636	0.22378659986343485410742459862377
744	546235	638	0.2236854697621079024472123819578
747	548438	641	0.22359167010938768571648438410193
750	550640	643	0.22349770300172519532644344053551
753	552843	645	0.22339734345216510913445517871878
756	555045	647	0.22329579164434035232211783750245
759	557248	650	0.22320238664056332722473996454937
762	559450	652	0.2230999031166532586833994855624
765	561653	654	0.22300748428144964718988774166064
768	563856	657	0.22292186152744838945061189861008
771	566058	659	0.22282735648010662532492176524102
774	568261	661	0.22272423572427396676332023162104
777	570463	663	0.22263781213991679086561248368525
780	572666	665	0.22254135202404826121558301110781
783	574868	668	0.22244179454670112705549911424896
786	577071	670	0.22235563627484977722303938207915
789	579273	672	0.22228060526020804177349532437802
792	581476	674	0.22218957932557312218158074301755
795	583679	676	0.22210070346177093747463970885292
798	585881	679	0.22201616043171182313109568440268
801	588084	681	0.22192846843432667558460025247768
804	590286	683	0.22185112994370123629117586006032
807	592489	685	0.22177139906517961964738105962169
810	594691	688	0.22168081819849402847033559282863
813	596894	690	0.22158842013822413474777306419128
816	599096	692	0.22151227075460744320167805199162
819	601299	695	0.22141935476535329341274405123841
822	603502	697	0.22132647554689177660236509836977
825	605704	699	0.2212485013346662809929910054052
828	607907	702	0.22117034266135840447908833539259
831	610109	705	0.22109459002027098684095562930452
834	612312	707	0.22101417127795625061636997088499
837	614515	710	0.22093152790994177725458769145916
840	616717	712	0.22085188043562076209980205021566
843	618920	715	0.22076582291261709345420172212471
846	621122	717	0.22068891357676803655074593280006
849	623325	719	0.22061298232811218933413499598828
852	625527	722	0.22052064513120994693196053049178
855	627730	724	0.22043644675074863803487801305891
858	629932	727	0.22034134933545287959866243454599
861	632135	729	0.22026794074899344599849371206801
864	634338	731	0.22019598353138078450363934734924
867	636540	733	0.22011605302869957645484078057052
870	638743	736	0.22004000667884179853750481470342
873	640945	738	0.21996756703702383117793317524047
876	643148	740	0.21989455732104820628869390475302
879	645350	742	0.21982727499546772520488957525231
882	647553	745	0.21975857296786160954837896497338
885	649756	747	0.2196922828370815317100550601026
888	651958	749	0.21961802946761804777864313109603
891	654161	751	0.21954139467661717977087221242982
894	656363	753	0.21947244119771119885697885365516
897	658566	755	0.21940401218086985624111662218638
900	660768	758	0.21933519948419333278621934368857
