0	0	0	0.6931471805595997848215006342798
3	8954	260	0.53442985829908395967180467778235
6	17934	485	0.49606661126577389353542457683943
9	26913	735	0.47305952730177897036512035811029
12	35868	989	0.45578547342262870634144178438873
15	44823	1208	0.44211049762692056219748337753117
18	53778	1433	0.43108649763999318249574344008579
21	62758	1687	0.42203972842397280418325067330443
24	71712	1907	0.41452049141091473760667440728866
27	80667	2125	0.40821042925988371141698962674127
30	89622	2379	0.40284904538214910685312020177662
33	98577	2598	0.39822897305708254700462589426024
36	107532	2816	0.39421561683042244395025477388117
39	116487	3069	0.39069622455212704714710980624659
42	125442	3324	0.38757852224532346463448106987926
45	134397	3542	0.38480389866623160299852202115289
48	143352	3795	0.38231579695662387674559568040422
51	152306	4048	0.38006890499225770563285209391324
54	161261	4267	0.37802632873244346178864816465648
57	170216	4487	0.3761643409860889186724364208203
60	179171	4740	0.37445850247940765109788685549574
63	188126	4959	0.37288844291379780182538183908036
66	197081	5184	0.37143696789787339351818218347034
69	206060	5436	0.3700880723577261166568064254534
72	215015	5676	0.36883191016933686290357741199841
75	223970	5895	0.36765982880607017690977045276668
78	232925	6149	0.36656169788086345739941407373408
81	241880	6403	0.36553113461471054002061009668978
84	250835	6618	0.36456062744892275828689776062674
87	259790	6874	0.36364513027811989909210410587548
90	268745	7128	0.36277962999868501592359848473279
93	277700	7348	0.3619600325317950950676504362491
96	286654	7572	0.36118249368569116386495920778543
99	295609	7827	0.36044471017750412400459936179686
102	304564	8056	0.35974262421202835016131871270773
105	313519	8276	0.35907332629338473140023779706098
108	322474	8531	0.35843408857710512549488157674205
111	331429	8911	0.35782522325243837357788834196981
114	340384	9232	0.35724387813147190362528249352181
117	349339	9543	0.35668546366780207179658646055032
120	358318	9797	0.35615028836198397987899966210534
123	367273	10015	0.35563827587401575236469852825394
126	376228	10235	0.35514566112398721076104379790195
129	385183	10491	0.35467225456233730795929659507237
132	394138	10745	0.35421743833576901927528979285853
135	403093	10963	0.35378075649369955524292663540109
138	412048	11218	0.35335908476164706870648046788119
141	421002	11469	0.3529549977569834129376147302537
144	429957	11687	0.35256358686369232424695496774802
147	438912	11927	0.35218702497419984709381424181629
150	447867	12180	0.35182265769104703601044548122445
153	456822	12399	0.35147091473137004324911458752467
156	465777	12619	0.35113106327547799478949741569522
159	474732	12873	0.35080252470958622756924683017132
162	483687	13093	0.35048561059152283370110581017798
165	492642	13312	0.35017804415210956880954995540378
168	501596	13567	0.34988041086528631762320173947955
171	510551	13792	0.34959217837751926927225554209144
174	519506	14011	0.34931298910214053643485954125936
177	528461	14265	0.34904339499652320411016148682393
180	537416	14518	0.34878108144152297764861714313156
183	546371	14737	0.34852781386513576045160789362853
186	555326	14992	0.34828103327935427957484648686659
189	564281	15250	0.34804144911238915627293977195222
192	573236	15471	0.34780885299624675344176694125053
195	582190	15691	0.34758302044600120073170046453015
198	591145	15942	0.3473636247686128775136182866845
201	600100	16160	0.34715046597599025224312185855524
204	609055	16379	0.34694329115975341970568024407839
207	618010	16633	0.34674177892157048708199340580904
210	626965	16863	0.34654589332965846093514983294881
213	635920	17083	0.3463552417120019377705375518417
216	644875	17338	0.34616972703328852123405567908776
219	653830	17593	0.34598915986352335449893757868267
222	662785	17812	0.34581327750508689122810324079182
225	671739	18072	0.34564207802267410407637271418935
228	680694	18346	0.34547533575684302720176788170647
231	689674	18569	0.34531294676719859193525508089806
234	698629	18829	0.34515565122801938890972905937815
237	707584	19080	0.34500136529223851544756485054677
240	716538	19301	0.34485193498937799505554835377552
243	725493	19521	0.34470521259007252945494315099495
246	734448	19775	0.34456210014453486634167234115012
249	743403	19995	0.34442247369783901556061778137519
252	752358	20213	0.34428627185630894524948075741122
255	761313	20468	0.3441533359904172528764831895387
258	770268	20822	0.3440245120716095006407897471945
261	779223	21197	0.34389778023753858615663148157182
264	788178	21501	0.34377299638840480566770452242054
267	797132	21755	0.34365206769121375840470022922091
270	806087	21974	0.34353392915660535544830622711743
273	815042	22193	0.34341853485601631090773366850044
276	823997	22454	0.34330574634632032848813310010883
279	832977	22709	0.34319551138037257542734437265608
282	841932	22928	0.34308772144854099428457061549125
285	850886	23183	0.34298228819197795758100255625322
288	859841	23439	0.34287922262338582646279405707901
291	868796	23658	0.34277844736176160678198243658699
294	877751	23878	0.34268083917061525900393803567567
297	886706	24133	0.34258433878994432042475182242924
300	895661	24353	0.34249088810692840390004221262643
303	904616	24572	0.34239845297896087661371211652295
306	913571	24826	0.34230800152484058829216451158572
309	922526	25071	0.34221941838145641945345687418012
312	931480	25288	0.34213268837484511752933258321718
315	940435	25542	0.34204774666806719851663842746348
318	949390	25796	0.34196457392948126363663163829187
321	958345	26013	0.34188305640952121322584389417898
324	967300	26244	0.34180321845366196109594625340833
327	976255	26499	0.34172498184850869096251813061826
330	985210	26719	0.34164828094178195661001495864184
333	994165	26939	0.34157309480377262556061168652377
336	1003120	27195	0.34149941010239870387010796548566
339	1012074	27419	0.34142716627549785091133571768296
342	1021054	27638	0.341357346084046775480658197921
345	1030009	27893	0.34128787021060319473164668124809
348	1038964	28147	0.34121973341722450223656437628961
351	1047919	28366	0.34115288051290365567425055814965
354	1056874	28619	0.34108733370889277036752673666342
357	1065828	28874	0.34102401893777739561031125958834
360	1074783	29099	0.34096089555533209969340191491938
363	1083763	29322	0.34089996110162584797009799331136
366	1092718	29578	0.34083916724314561319530980654235
369	1101673	29795	0.34077949743763347179026368394261
372	1110628	30015	0.34072092330452907749105406765011
375	1119582	30269	0.34066340486756929717415687264293
378	1128537	30488	0.3406069231178147638239295247331
381	1137492	30707	0.34055145108383583218980561468925
384	1146447	30963	0.34049698129368138888040107303823
387	1155402	31218	0.3404444699936426954600676708651
390	1164357	31437	0.34039190688574805232491371498327
393	1173312	31699	0.34034028934829246848536854486156
396	1182291	31955	0.34028956186538089623283553919464
399	1191246	32175	0.34023971740661490548163214953092
402	1200201	32396	0.34019173753759823775055792793864
405	1209156	32654	0.34014359810751154666874640497554
408	1218111	32874	0.34009628782664763635423810228531
411	1227066	33092	0.34004977390933971426179027730541
414	1236021	33348	0.34000405152027873834086335591564
417	1244975	33577	0.33996011130888453832810114363383
420	1253930	33796	0.33991591370839924213242966288817
423	1262885	34051	0.33987246398177434203446978244756
426	1271840	34299	0.33982972279984463570556840750214
429	1280795	34520	0.33978769783858359110340074948908
432	1289750	34774	0.33974635425967569801741774426773
435	1298705	35031	0.33970568174192533605904031901446
438	1307660	35253	0.33966667537080474925659245855059
441	1316615	35509	0.33962731640497140217505034343048
444	1325570	35766	0.33958859846333916410188180634577
447	1334524	35988	0.33955048104067236947045671513479
450	1343479	36207	0.33951197766888663309714502247516
453	1352434	36469	0.33947507464245435526706273776654
456	1361414	36689	0.33943875614293567144486019060423
459	1370369	36909	0.33940300390913658024061305695795
462	1379323	37168	0.33936781731672788220421921323577
465	1388278	37389	0.33933317450605221532455857413879
468	1397233	37616	0.33930006667070572445865650479391
471	1406213	37873	0.33926647524124758925623268623895
474	1415168	38130	0.33923339216764847314777853171108
477	1424123	38351	0.33920081989479800022024846839486
480	1433077	38605	0.33916975338479721235884767338575
483	1442032	38863	0.33913815755521675709971418655186
486	1450987	39083	0.33910704718161049919800120733271
489	1459942	39316	0.33907640018349977095724057107873
492	1468897	39571	0.33904620750056324585131051208009
495	1477852	39793	0.33901646433737142594111446669558
498	1486807	40012	0.33898716471690726326215781227802
501	1495762	40267	0.33895929362841970000630453796475
504	1504717	40486	0.33893085107040932246746933742543
507	1513671	40707	0.33890282080301170619662798344507
510	1522626	40981	0.33887519804775706466770657243615
513	1531581	41213	0.33884797898927937476187821630447
516	1540536	41438	0.3388211488569590201791470462922
519	1549491	41694	0.33879470178178661132761817498249
522	1558446	41953	0.33876863684728414360947112982103
525	1567401	42175	0.33874295014070138210016125412949
528	1576356	42437	0.33871762122111442883110044022033
531	1585335	42692	0.33869264833185269703008657415921
534	1594290	42912	0.33866802298708509333380334282992
537	1603245	43131	0.33864374602338986885996519049513
540	1612200	43386	0.3386198078058241800469829740905
543	1621155	43606	0.33859620032278558987570704630343
546	1630110	43827	0.33857292046582243560948199956329
549	1639065	44082	0.338549966262138124495351121368
552	1648019	44302	0.33852732348714120735877486367826
555	1656974	44521	0.33850499408837120274284870902193
558	1665929	44777	0.33848296976011227332747921536793
561	1674884	45020	0.33846124275926381397283648766461
564	1683839	45241	0.33843980769855047663341451880115
567	1692794	45497	0.33841866650629032209351976234757
570	1701749	45752	0.3383978064640382199534940355079
573	1710704	45974	0.33837722529611330424259563187661
576	1719659	46233	0.33835691515409427321259272503085
579	1728613	46490	0.33833788099698319795649581465113
582	1737568	46713	0.3383181126802397020725265974761
585	1746523	46972	0.33829860509602632800962851433724
588	1755478	47230	0.33827935198761605040118638498825
591	1764433	47453	0.33826034586718667362958967714803
594	1773388	47717	0.33824159236807010975311982292624
597	1782367	47974	0.33822308243452992027044956557802
600	1791322	48196	0.33820481277445002543657892601914
603	1800277	48453	0.33818677508020017485890207353805
606	1809232	48711	0.3381689735729007106890264822141
609	1818187	48934	0.33815139960338774782755422165792
612	1827142	49192	0.33813405067495250211351276448113
615	1836097	49449	0.33811692419080840998901749117067
618	1845052	49673	0.33810001404038131367357777889993
621	1854007	49904	0.33808431560414697880645462646498
624	1862961	50163	0.33806782709578081513868141882995
627	1871916	50385	0.33805154562605221890692064334871
630	1880871	50608	0.33803547330279581917267250901205
633	1889826	50867	0.33801959667637021533792562877352
636	1898781	51088	0.3380039166179685250490649650601
639	1907736	51311	0.3379884327584388725718156365474
642	1916691	51569	0.33797313644597687387616247178812
645	1925646	51955	0.33795803329607165821357739332598
648	1934601	52263	0.33794311365413937098267638248217
651	1943555	52561	0.33792837545312764957472495552793
654	1952510	52817	0.33791481844929421862744334248418
657	1961465	53040	0.33790044008033681688374372242833
660	1970420	53263	0.3378862356254407894873281748005
663	1979375	53521	0.33787219934847739777339370448317
666	1988330	53743	0.33785833375259288757774811529089
669	1997285	53966	0.33784463356915922505052662927483
672	2006240	54224	0.33783109901474878133953438918979
675	2015195	54445	0.33781772655968800300740895181661
678	2024149	54668	0.33780451447196718772758572413295
681	2033104	54926	0.33779145756600775785116752558679
684	2042059	55149	0.33777855476225071562623725185404
687	2051014	55372	0.33776580613985507373087102678255
690	2059969	55629	0.33775320535392944210073551403184
693	2068924	55851	0.33774075222138499885460305449669
696	2077879	56081	0.33772844456616457620157234487124
699	2086858	56339	0.3377162796731927318916177682695
702	2095813	56559	0.33770425730004427489205909296288
705	2104768	56782	0.33769237535473900502225319542049
708	2113723	57040	0.33768063114388097156748358429468
711	2122678	57278	0.33766902161787637481893398216926
714	2131633	57500	0.33765854408833362310105030701379
717	2140588	57759	0.33764719871170967291362785545061
720	2149543	58015	0.33763598299517000311809056256607
723	2158497	58238	0.33762489481511909206190580334805
726	2167452	58495	0.33761393542570350412290736130672
729	2176407	58752	0.33760309772720559218228686404473
732	2185362	58974	0.33759238077550141055027665970556
735	2194317	59233	0.33758178649419129380149229291419
738	2203272	59497	0.33757130981652555545835525663279
741	2212251	59718	0.33756095144031850185939447328565
744	2221206	59978	0.337550708590392434249594089124
747	2230161	60236	0.33754057906077089556973191974976
750	2239116	60457	0.33753056419371330054701729750377
753	2248071	60716	0.33752065972975381358267554787744
756	2257026	60973	0.33751086377811623240319249816821
759	2265981	61196	0.33750117647552457800230740758707
762	2274936	61455	0.33749159520222865582539384377014
765	2283891	61712	0.33748212045004460923891542734054
768	2292845	61937	0.33747274834744661609065019547415
771	2301825	62196	0.33746347907714269176437937858282
774	2310780	62454	0.33745431194374791994405882178398
777	2319735	62677	0.33744524399272529668891706933209
780	2328690	62920	0.3374362744992713269986950308521
783	2337669	63178	0.33742740114898278624977479012159
786	2346624	63401	0.3374186225431605179458927068481
789	2355579	63627	0.3374099390611312032639546032442
792	2364558	63891	0.33740135003814464287330565639422
795	2373538	64114	0.33739285238491412144412606721744
798	2382493	64337	0.33738544644215973100642713689012
801	2391448	64594	0.33737712673876951718909822375281
804	2400403	64815	0.33736889568730721311595743827638
807	2409357	65044	0.33736075215788285941442836701754
810	2418337	65302	0.33735269606420503762933549296577
813	2427292	65524	0.33734472325105158141411720862379
816	2436247	65747	0.33733683470576925067518914147513
819	2445202	66005	0.33732902909130874080645412504964
822	2454157	66227	0.33732130495259166069743628213473
825	2463111	66451	0.33731366259547562735932046962262
828	2472066	66707	0.33730609856657539635804710087541
831	2481021	66936	0.33729861403213878823237337201135
834	2490001	67159	0.33729120619871977293513509721379
837	2498956	67417	0.33728387590149783159532148602011
840	2507910	67638	0.33727661971698108533956883547944
843	2516865	67867	0.33726943909435536106400377320824
846	2525845	68125	0.33726233278383338509698319285235
849	2534800	68380	0.33725529859594560733171419997234
852	2543755	68602	0.3372483364517835369156273372937
855	2552710	68857	0.33724144536048028530927922474802
858	2561664	69114	0.33723462447104984862633614284277
861	2570619	69337	0.33722687389536537549972194938164
864	2579574	69595	0.33722019133870267948438481653284
867	2588529	69852	0.33721357533296736352923517188174
870	2597484	70074	0.33720702685308584500845086040499
873	2606439	70338	0.33720054452447506543322219840775
876	2615418	70595	0.33719512651859362417638976694434
879	2624373	70818	0.33718877293288540553106713559828
882	2633328	71078	0.33718248240552750605303344855201
885	2642283	71334	0.33717625418154534289172374883492
888	2651238	71559	0.33717008853139829316347686472
891	2660193	71817	0.33716398488719701020954744308256
894	2669148	72075	0.33715794165121298897602741817536
897	2678103	72297	0.33715195804487607666999338107416
900	2687058	72519	0.3371460325263485602320656653319
