0	0	0	0.6931471805595997848215006342798
3	2546	214	0.53369583915699625453754606496659
6	5093	427	0.49607959231233533792249090765836
9	7639	638	0.47324462308093862006330709846225
12	10186	854	0.45557235891207348288389766821638
15	12733	1069	0.44211369458078147998136842034
18	15280	1283	0.43134688233230755738389916587039
21	17826	1504	0.42222326624953665508144240448019
24	20373	1752	0.41461533627705926541295866627479
27	22920	2001	0.40814482946640168181673402614251
30	25466	2251	0.40288407354995225961857840957236
33	28013	2500	0.3984521025048880504826342985325
36	30560	2748	0.39435528864748897737158017662296
39	33106	2961	0.39077870005445369816499123771791
42	35653	3176	0.38755783950254624192766073065286
45	38200	3389	0.38483232633430342062297313532326
48	40746	3603	0.38248903081519491919948450231459
51	43293	3817	0.38018968289313048725119870141498
54	45840	4031	0.37810162077732628604920250836585
57	48387	4244	0.37615854073731863627116922543792
60	50933	4488	0.37446901092312240288961788792221
63	53480	4738	0.37301844519573040814819364641153
66	56026	4986	0.37153347802859137960496127561782
69	58573	5235	0.37015335985695518861149366784957
72	61120	5483	0.36883480692929782041034059147933
75	63667	5697	0.36766176843538977969672032486415
78	66213	5913	0.36666616072210528320951539171801
81	68760	6128	0.36561460451745225741504441430152
84	71307	6342	0.3646175795160662147509356145747
87	73854	6557	0.36364995101584213221812547089939
90	76400	6771	0.36277382423106713238425413692312
93	78947	6986	0.36204206302871622114025740302168
96	81493	7235	0.36125460043132651133390709219384
99	84040	7484	0.36049575965051805503946980024921
102	86587	7738	0.35975246364815000044146131585876
105	89158	7987	0.35906502307342169633130879446981
108	91705	8234	0.3585028859708885851098614239163
111	94251	8445	0.35789016855720495735582176166645
114	96798	8660	0.35729180809694521814279255522706
117	99345	8874	0.35669561506016733698487541914801
120	101892	9090	0.35613926666125605979829060743214
123	104438	9305	0.35569466534675281410571301421442
126	106985	9518	0.35520539074042473126624486212677
129	109531	9732	0.35471594095796254997310370526975
132	112079	9981	0.35422792741796116366970181843499
135	114625	10231	0.35376928563453274856343000465131
138	117172	10481	0.3534072040209673137844959001086
141	119718	10732	0.35300762584092348905784319867962
144	122265	10980	0.3526021556040631610429159081832
147	124812	11201	0.35219826939609427673971708827594
150	127359	11415	0.35181175692597543847028873642557
153	129905	11629	0.35151227802825774082506882223242
156	132452	11844	0.35117902014558766143892398758908
159	134998	12059	0.3508372642114174211336319331167
162	137545	12268	0.35049403500201126160362719019759
165	140092	12483	0.35016693660939507415363891595916
168	142639	12733	0.34991579721710536210466102602368
171	145185	12984	0.3496362333222444163105535608338
174	147732	13234	0.34934440590056681230635149404407
177	150279	13484	0.34905090669765187483264412549033
180	152826	13735	0.34876986276590543623044027299329
183	155372	13957	0.34855807739245220355783771992719
186	157919	14178	0.34832074082672204173860563969356
189	160490	14393	0.34806909782607114989261276605248
192	163037	14609	0.34781500443260215948981795008876
195	165584	14825	0.34757172347567266701418020602432
198	168130	15040	0.347389624802746932452635064692
201	170677	15255	0.34718704095551439214872857519367
204	173223	15502	0.34696821607604105830446883373952
207	175770	15752	0.34674737425280455216380914862384
210	178317	16001	0.34653503677323271858767839148641
213	180864	16248	0.3463788226653430890600304792315
216	183410	16496	0.34620407194169577902442824779428
219	185957	16720	0.34601222214431809343082591112761
222	188504	16936	0.34581871645749839849770523869665
225	191050	17151	0.34563240197118316743285504344385
228	193597	17372	0.34549648734389448723192117540748
231	196168	17587	0.34534602495265864785523035607184
234	198715	17802	0.34517649499537927937353742890991
237	201262	18017	0.34500589179788471172471986392338
240	203809	18267	0.34484229474363198297837129757681
243	206355	18517	0.34472389024000310575601702112181
246	208902	18768	0.34459231329602479920737323482172
249	211448	19019	0.34444192862035738489367986403522
252	213995	19270	0.34429054776148221295173357248132
255	216542	19491	0.34414426741821779742735998297576
258	219089	19711	0.34404146717672351440953093515418
261	221660	19927	0.34392626442633250638536424048652
264	224206	20142	0.34379056315037026525516239416902
267	226778	20357	0.34365598988787454670656984490051
270	229325	20572	0.34352562826382143645886912963761
273	231871	20790	0.3434338796291476758604233054939
276	234418	21040	0.34333256714808396692362180147029
279	236964	21290	0.34321205324366332867214168800274
282	239511	21540	0.34309141474515841840897678594047
285	242058	21789	0.34297449241779814910202617284085
288	244605	22040	0.34289335483311661478822429671709
291	247151	22260	0.34280398402985839956258473648631
294	249698	22475	0.34269586499691001568734805005079
297	252245	22690	0.34258767847372828541097078414168
300	254792	22905	0.34248377219033843132933725428302
303	257338	23126	0.34241156533046018806132337886083
306	259909	23340	0.34233252468520303235521851092926
309	262456	23555	0.34223356754836731230540181059041
312	265003	23805	0.34213577212918283576570388504479
315	267550	24051	0.34204098435841323588846307757194
318	270096	24301	0.34197674460534993601257269801863
321	272643	24551	0.34190661129807076168418689121609
324	275189	24801	0.34181611779214338131538397647091
327	277736	25021	0.34172767089857636335636925650761
330	280283	25239	0.34164175922681166985839240624045
333	282830	25452	0.34158452508096731614628538409306
336	285376	25667	0.34152210671437654987414589413675
339	287923	25883	0.34143934327003899742436487940722
342	290470	26097	0.34135981046512159364780814030382
345	293016	26313	0.34128164927270787654123296306352
348	295563	26561	0.34123006992983173635280991220498
351	298110	26813	0.34117451128261300219435270264512
354	300656	27063	0.34109868163624668113698135130107
357	303203	27314	0.34102632946865346630360704693885
360	305750	27566	0.34095619894922951642612929390452
363	308297	27783	0.34090943972262888195245977840386
366	310843	27993	0.34085972619974552744182005881157
369	313390	28219	0.34079009042296853904119302569597
372	315986	28434	0.34072285606492364040676079639525
375	318533	28649	0.34065784868063914148095250311599
378	321079	28865	0.34061573910356685024325429367309
381	323626	29080	0.34057111355535640839775624044705
384	326172	29330	0.34050682627369888155755006664549
387	328719	29580	0.34044634938272672064485391274502
390	331266	29831	0.34038661672066961028093601271394
393	333813	30083	0.34034755122062282373107677813096
396	336359	30333	0.34030867326601005329322902070999
399	338906	30550	0.34024898577368417607047490491823
402	341453	30764	0.34019340339071235668200188229093
405	344000	30979	0.34013847171951427927893973901519
408	346546	31194	0.34010397698449162939837719932257
411	349093	31409	0.34006942361803121910313052467245
414	351639	31623	0.3400125064582042999639099889464
417	354186	31837	0.33996048858653221680370393187332
420	356733	32027	0.33990987485645784982324357770267
423	359280	32217	0.3398796954262481850861377097317
426	361826	32410	0.33984772906689530991286574135302
429	364397	32599	0.33979604386683925909551362565253
432	366944	32789	0.33974790237331603526271806003933
435	369491	32979	0.33970112388698536776132641534787
438	372038	33168	0.33967354700943364065324203693308
441	374584	33383	0.33964486779414770900586972857127
444	377131	33599	0.33959621365195064024433690974547
447	379678	33814	0.33955192221934743512790078057151
450	382224	34029	0.33950771979742011552616531844251
453	384771	34243	0.33948180347632250786205077019986
456	387318	34459	0.33945589998134173548294256761437
459	389864	34757	0.33941041297430052381400855665561
462	392411	35057	0.33936921708993644797303090854257
465	394958	35357	0.33932913702222977647693369362969
468	397505	35651	0.3393064525670137498991607571952
471	400051	35952	0.33928329102241999715161568929034
474	402598	36207	0.33924062630959816999620670685545
477	405169	36457	0.33920316246707749030520062660798
480	407716	36709	0.33916580513171329380739393855038
483	410263	36964	0.33914410258850913315598063491052
486	412834	37213	0.33912346213104949121941444900585
489	415380	37446	0.33908318592426711646226067387033
492	417927	37661	0.33904743855796187768092408987286
495	420474	37875	0.33901265418947706953289866760315
498	423021	38091	0.33899268179253261301653310511028
501	425567	38306	0.33897516116181158896125680257683
504	428114	38522	0.33893775736204845294707865832606
507	430661	38736	0.33890411844279572095572916623496
510	433207	38987	0.33887161978487956304206818458624
513	435754	39237	0.33885333453669191916546310494596
516	438301	39486	0.33883676847258997755218956626777
519	440847	39731	0.33880100797789608479959611031518
522	443394	39981	0.33876975794880165304689967342711
525	445941	40213	0.33873948767456846242751566933293
528	448488	40428	0.3387226422007417192538980543759
531	451034	40643	0.33870779943182538485046961795888
534	453581	40859	0.33867404371252746164699942710286
537	456128	41074	0.33864488424480698736118711167364
540	458674	41289	0.33861644598366247294052300276235
543	461221	41504	0.33860128557690793993373290504678
546	463768	41756	0.33858838700096427487551409285516
549	466314	42004	0.33855554289103279019812475780782
552	468861	42254	0.33852842829339419017387058374879
555	471408	42503	0.33850188164187877681854388356442
558	473954	42760	0.3384878062997144221313305934018
561	476526	42991	0.33847637719717960091969644054188
564	479072	43206	0.33844570439342380741010174460826
567	481619	43422	0.33842001510428515453909881216532
570	484166	43631	0.33839492863466702488040027674288
573	486712	43846	0.33838209099591787243355156533653
576	489259	44061	0.33837190498519453818460078764474
579	491806	44277	0.3383437104480565005282244328555
582	494353	44529	0.33831944460551605091680471559812
585	496899	44780	0.33829585837482356591721099903225
588	499446	45030	0.33828382743361462559050778509118
591	501993	45282	0.33827492664770630881321267224848
594	504539	45532	0.33824713255544219814296980075596
597	507086	45761	0.3382242795340390517644379997364
600	509633	45978	0.33820211685556950120812302884588
603	512179	46192	0.33819115770105484530816397636954
606	514726	46406	0.33818353780916160511438306457421
609	517273	46622	0.33815649419227955529976270554471
612	519820	46837	0.33813514357722779246628874716407
615	522366	47052	0.33811425621409163522201879459317
618	524913	47302	0.33810510695042478301886035296775
621	527459	47549	0.33809850489639703408073501122999
624	530006	47800	0.33807336164259088606698355761182
627	532553	48050	0.33805280625873612709852977786795
630	535100	48298	0.33803313693289854802159766222758
633	537646	48528	0.33802370261157294040188503458921
636	540193	48743	0.33801810503662982343442422461521
639	542739	48964	0.3379935643370171605148755133996
642	545311	49179	0.33797432392029463921190313158149
645	547858	49392	0.33795578123506547774113073501212
648	550404	49607	0.33794711907517849258653086508275
651	552951	49823	0.33794222569712500936489618652558
654	555498	50072	0.33791910004714503790168578234443
657	558045	50323	0.33790187830017454073683325077582
660	560591	50574	0.33788418256498392588937917935255
663	563138	50824	0.33787527767839464765131651802221
666	565684	51074	0.33787222699928426417059768027684
669	568231	51298	0.33784990245890061943967452862125
672	570778	51508	0.33783260836958878270408490607224
675	573325	51723	0.33781591183172038350690513652808
678	575871	51938	0.33780750751180071977941565819492
681	578418	52153	0.33780533339071677767506685086119
684	580964	52375	0.33778366190982034300560599149321
687	583536	52591	0.33776728420594054336234535185213
690	586083	52841	0.33775248300057481021241301277769
693	588629	53098	0.3377446219347663980414608886349
696	591200	53347	0.33774222135462389493554269392916
699	593747	53597	0.33772154339804488776266566674167
702	596294	53846	0.33770686550661282998575529745722
705	598841	54068	0.33769084035584046032951732740912
708	601387	54283	0.33768454172084710895873627123365
711	603934	54498	0.33768261685158307283671774712275
714	606481	54713	0.33766379891892683851040146691957
717	609028	54929	0.33764879709536504970301962202939
720	611574	55146	0.33763446182535772344124325172743
723	614121	55356	0.33762895482135429903181034205772
726	616667	55607	0.33762776497382146478898334862606
729	619214	55857	0.33760813430466707352195498970104
732	621761	56108	0.33759396043057110503582407545764
735	624308	56360	0.33758040782600501339416609880573
738	626854	56610	0.33757510909101906548812621622346
741	629401	56832	0.33757452519640140931045380057185
744	631947	57049	0.33755594825903140199230278994946
747	634495	57263	0.3375422578407639151443220271176
750	637041	57478	0.33752933114175587281380330750835
753	639588	57698	0.3375244527854305287561942350294
756	642159	57914	0.33752446829973881126107926320401
759	644705	58128	0.33750589372977424229560483581736
762	647253	58378	0.3374931562745974167327744908107
765	649799	58629	0.33748098114270674852122056108783
768	652346	58881	0.33747635737589015691995086854149
771	654892	59130	0.33747653931821508521693431248423
774	657439	59377	0.33745939066236274594956512373756
777	659986	59601	0.33744703562670530505585020364379
780	662533	59817	0.33743529190541282636317532706016
783	665079	60031	0.33743096417860396485366436536424
786	667626	60246	0.33743186877763142739183876983589
789	670172	60461	0.33741500877834118554687847790774
792	672719	60677	0.33740418134617289336318890491384
795	675266	60892	0.33739286979036764435591067012865
798	677813	61143	0.33738917331446310887699269187578
801	680359	61393	0.33739068907280167497475531490636
804	682906	61642	0.33737354705697730761215780148632
807	685453	61892	0.33736241611025613584828874991217
810	688000	62143	0.33735178778483421169198663847055
813	690546	62364	0.33734826141408430499879500530369
816	693093	62580	0.33734999370825036191234858051757
819	695639	62795	0.33733374249044406623099234820984
822	698186	63011	0.33732299987630426363338642659073
825	700733	63223	0.33731279435585431736299710792082
828	703280	63438	0.33730962383999074649665317338076
831	705826	63653	0.33731181217470201927355333282321
834	708373	63901	0.33729585553408708564759876935568
837	710920	64154	0.33728559045501060875693610796588
840	713466	64404	0.33727487604507433438527641555993
843	716013	64655	0.33727275125476041672811788885156
846	718560	64911	0.33727530911342018526966057834215
849	721131	65130	0.33725941878701359843972795715672
852	723678	65346	0.33725015942612296404590210840979
855	726224	65560	0.33723984035487813981646354477562
858	728771	65775	0.33723808644886710261800999433035
861	731318	65991	0.33724104109848745958188942495326
864	733864	66206	0.33722463349039955016195335701923
867	736411	66421	0.33721629983170975375372790949768
870	738958	66679	0.33720740294009909909789257653756
873	741529	66929	0.33720394240382517425658193133131
876	744076	67174	0.33720919795945070163156742637511
879	746622	67425	0.33719352505736527314539330291154
882	749169	67676	0.33718433909273898274605585356767
885	751716	67896	0.33717565778955355115797942744393
888	754263	68114	0.33717350141886487380205039698922
891	756809	68330	0.33717708931605933075914549590379
894	759356	68545	0.33716295525830758395002817451314
897	761903	68762	0.33715400703919590208457179869583
900	764449	68979	0.33714566225035158542056024089106
