0	0	0	0.6931471805595997848215006342798
3	9159	2052	0.53312012808772102356869027062203
6	18468	3824	0.49565540879932107332095370111347
9	27778	5622	0.47296973695862848385829124708835
12	37238	7628	0.45542832344649436526751173914818
15	46398	9543	0.44202093288270838389308892146801
18	55557	11273	0.43129667039224611757575189585623
21	64716	12949	0.42218485113134879282981160031341
24	74176	14509	0.41460829345850302996012715084362
27	83486	16157	0.40814022250035791872235790833656
30	92796	17893	0.40288435098553415647515407727042
33	101955	20023	0.39845683450974006545308725435461
36	111114	22352	0.39436775811400043290078087920847
39	120273	24397	0.39078799030791128155115643494355
42	129583	26231	0.38756902652643643314434029889526
45	138742	27993	0.38484422995309841564193220619927
48	148052	29989	0.38250287413773409461725805158494
51	157361	31970	0.38020547715905034236172355122108
54	166520	33706	0.37812246160734275246539937143098
57	175680	35496	0.37618130852679398934412802191218
60	184839	37513	0.37449127630136863631449273270846
63	193998	39370	0.37304179541420623422709468286484
66	203308	41125	0.37155508259950909000224328337936
69	212617	43144	0.3701727642972240661656257998402
72	221927	45148	0.36885334493008864464869134280889
75	231237	46914	0.36767950662190412858265631257382
78	240547	48782	0.3666832603377486177187449811754
81	249856	50794	0.36563157120506678543492284916283
84	259015	52581	0.36463369363846154236341590149095
87	268175	54317	0.36366573417481579122423340777459
90	277334	56328	0.36278858155107307492670543069835
93	286493	58270	0.36205692256052640631835970452812
96	295652	60006	0.36126857581902266369766607567726
99	304811	61847	0.36050891649013644402188560889044
102	313971	63859	0.3597638774443334130914706747717
105	323130	65668	0.35907613489992357136415535023843
108	332439	67390	0.35851370469609400437605017941678
111	341599	69524	0.35790053073496153057675428499351
114	351209	71478	0.35730230662425205290233520827314
117	360519	73217	0.35670567948744125175153385498561
120	369678	75099	0.35614877273012174319077871587069
123	378838	77157	0.35570339423742758366842053874279
126	388147	78895	0.35521368238748951551286836547661
129	397306	80632	0.35472394210311397610979611272342
132	406466	82651	0.35423560869299774989116258439026
135	415625	84549	0.35377600960510074967757532249379
138	424784	86274	0.35341333421567971972976351935358
141	433943	88213	0.35301342683768227592722155350202
144	443253	90230	0.35260912397176769061957202211488
147	452412	92003	0.35220304498675258919604402763071
150	461722	93750	0.35181596177580892748082419529965
153	470881	95752	0.35151626327735330246326839187532
156	480040	97635	0.35118287166046674441233221841685
159	489199	99374	0.35084051548541000942194045819633
162	498359	101293	0.35049737410678116766860057396116
165	507518	103431	0.35016991643282530111136452433129
168	517128	105165	0.34991878278976901173180635851168
171	526287	107061	0.34963891304181993202604417092516
174	535898	109080	0.34934689650872985389185032545356
177	545058	110990	0.3490536446906833956127513829415
180	554518	112758	0.34877237648499137545599069198943
183	563828	114737	0.34856059459109528519960008452472
186	572987	116724	0.34832327886714892217767669535533
189	582146	118502	0.34807144627436825690125488108606
192	591456	120322	0.34781740889764706237130553745374
195	600615	122326	0.34757373393041807174697055415891
198	609774	124129	0.34739190176081385930118017313362
201	618933	125906	0.3471890191137815828703594434046
204	628243	127917	0.34697006956613157813151815389574
207	637402	129885	0.34674913221297670729015294455166
210	646561	131613	0.34653655004607364364943578038947
213	655720	133459	0.34638008763933419986713602156669
216	664879	135604	0.34620538439664544361207276779169
219	674490	137363	0.346013174979990512092342669348
222	683650	139136	0.34581966665019181483842203306267
225	692959	141182	0.34563299352185761215139336854918
228	702269	143102	0.34549716135904295910563632787671
231	711428	144841	0.34534682973313879372767587483395
234	720587	146731	0.34517715582235736215821475525445
237	729747	148795	0.34500670948244843705410289658175
240	739056	150531	0.34484291613838852219586783576233
243	748215	152314	0.34472436023120817116804914803652
246	757525	154338	0.3445925999662938221668184723967
249	766684	156234	0.34444186447687347163437721064838
252	775844	157973	0.34429077101602195698504260690243
255	785003	159889	0.34414454473229127984268416184932
258	794162	161912	0.34404162969757390300173938157968
261	803321	163654	0.34392635123765330495970715674048
264	812480	165408	0.34379076660614993343756395915989
267	821640	167422	0.34365606540433535354139849005151
270	830799	169344	0.3435256491219871866071855492919
273	840108	171088	0.34343395416537630948639048256155
276	849267	173030	0.34333267375689574540942317071313
279	858426	175170	0.34321182885148471264358249754878
282	868038	176902	0.34309127731672783845340291009052
285	877197	178740	0.34297449151541792300434963181033
288	886506	180765	0.34289339123374024120849412611278
291	895665	182599	0.34280404644442852291064127712161
294	904824	184450	0.34269584776420553007270086709468
297	914436	186435	0.34258749206526223352042848091514
300	923595	188409	0.34248343489363741731779100518906
303	932754	190227	0.34241138343825072709591950115282
306	942214	192076	0.34233231562092775179806380947412
309	951373	194098	0.34223313580965564195679462500266
312	960533	195913	0.34213544550516417075414210557938
315	969842	197659	0.34204061224583809375232590355154
318	979001	199687	0.3419763449220665774141991732904
321	988160	201629	0.34190618941689576715248222171795
324	997319	203371	0.34181581363743207546690427989233
327	1006479	205248	0.3417273478522767637954871133843
330	1015638	207357	0.34164146625051555750118836840556
333	1025098	209111	0.34158387513893467835046635627805
336	1034257	210857	0.34152149599752323894108485546894
339	1043416	212864	0.34143905190107376457220311749552
342	1052576	214781	0.34135950371859252738815371230885
345	1061735	216531	0.34128139942629570624532675537921
348	1070894	218475	0.34122970847426864482443420456548
351	1080204	220584	0.34117408702110929574757847149158
354	1089664	222355	0.34109831849782529245018736219208
357	1098974	224158	0.34102600575228247947734416811727
360	1108284	226190	0.34095479219493873834778696618741
363	1117443	228055	0.3409093157070923196805267707532
366	1126602	229803	0.34085959680414695815997561112454
369	1135761	231747	0.34078967827969930404208298568847
372	1144920	233777	0.34072270033281970569305485696532
375	1154079	235527	0.34065759096017983464932399328973
378	1163239	237327	0.34061577713057100691429468497518
381	1172398	239351	0.34057127694010702612104068975896
384	1181557	241212	0.34050678006937556974165204337623
387	1190867	242962	0.340446274223431821770446958908
390	1200026	244947	0.34038656836588859766479231439007
393	1209185	246946	0.34034762136081708749912877465249
396	1218344	248692	0.34030890692075566050789348082617
399	1227503	250540	0.34024883736988253968291928686085
402	1236813	252566	0.34019344591874778327422745860531
405	1245972	254372	0.34013855389170438714430133586575
408	1255131	256120	0.34010415061916254853002783420379
411	1264290	258126	0.34006946254465231227470667363377
414	1273449	260137	0.34001276665392293763190423305787
417	1282760	261886	0.33996073366967327622489847271936
420	1291919	263739	0.33991012422479743859682344009343
423	1301078	265764	0.33987987967120614207772177906008
426	1310237	267566	0.33984779574368989552013431421074
429	1319546	269311	0.33979604499738191858426716862596
432	1328706	271338	0.33974787137558365435197060833161
435	1337865	273283	0.33970111196760793825788482536154
438	1347024	275026	0.33967368923828805682418874312134
441	1356183	276936	0.33964487771326229426094300833938
444	1365493	279046	0.33959659071793890650070579795283
447	1374954	280832	0.33955197439627693434260891081067
450	1384263	282619	0.33950767821426397485851111923694
453	1393573	284651	0.3394816625996295855749451675365
456	1402732	286536	0.33945590246742768369969667219266
459	1411891	288288	0.33941071859771798635563300194917
462	1421050	290270	0.33936930131034948043833310293849
465	1430360	292386	0.33932907379180610174529419964529
468	1439820	294136	0.33930641445474274409122017459595
471	1448979	295920	0.33928334526665693271496593297343
474	1458138	297991	0.33924063712735430531353131300421
477	1467449	299867	0.33920321765259148216742346448882
480	1476758	301620	0.33916586035489654227248479401169
483	1485917	303650	0.33914423310200614292142518024775
486	1495227	305638	0.33912360346376285713532183763164
489	1504386	307390	0.33908349132087162169923999499588
492	1513545	309231	0.33904763455671194094520615180954
495	1522705	311261	0.33901284255279684476391821590369
498	1531864	313122	0.33899295330779910528917753254063
501	1541324	314913	0.33897447852411427549057520991482
504	1550633	316945	0.3389376419238558924007520545274
507	1559793	318925	0.33890423492749899292419968332979
510	1569103	320747	0.33887179376613280057384258725506
513	1578563	322676	0.3388536008010675226742591803486
516	1587872	324748	0.33883712930619819259092651009269
519	1597182	326538	0.33880124464686872665097894241626
522	1606492	328300	0.33877006019622751820108419451572
525	1615651	330458	0.33873971391331331171059559892456
528	1625262	332313	0.33872312251644370872938338834501
531	1634421	334063	0.33870838044733297955701800674433
534	1643580	336114	0.33867441305385448391263025769149
537	1653041	338158	0.33864518507117097323444454559649
540	1662350	339909	0.33861676699528758804902395240788
543	1671509	341726	0.33860150726254856223818023863714
546	1680669	343798	0.33858835668788450634636433278501
549	1689978	345648	0.33855621514761086165989922847075
552	1699288	347434	0.33852880638925719747334142084583
555	1708598	349460	0.33850216183338810438385735324118
558	1717757	351456	0.33848807647082496119494976483111
561	1727067	353211	0.33847651989040122844087932207913
564	1736226	355133	0.33844586918427049804236617092101
567	1745536	357168	0.33842013933007469850267057154269
570	1754695	358911	0.33839515243007667333330346082221
573	1763854	360661	0.33838218889102722464201633556513
576	1773013	362693	0.33837197473352698118276293826057
579	1782172	364649	0.33834392232375848363901127413556
582	1791482	366436	0.33831965326571961094614948706294
585	1800792	368345	0.33829610627754030938163509745209
588	1809951	370422	0.33828426148632539938176932992064
591	1819261	372177	0.33827528256526828709382925808313
594	1828420	373952	0.33824729231604988566317615550361
597	1837579	375987	0.3382245753972222823691140547453
600	1846738	377882	0.33820243761367896340175320801791
603	1856048	379633	0.33819158239944058230719292623689
606	1865207	381642	0.33818376047814496798693539858505
609	1874517	383727	0.33815718021973101281574258791807
612	1883977	385477	0.33813564450010297202098286106775
615	1893136	387294	0.33811474123776541489405644824728
618	1902295	389327	0.338105663105814635560619763055
621	1911454	391190	0.33809894551950514518523505103076
624	1920764	392978	0.33807342712367366432957282995631
627	1930074	394996	0.33805313599654918110815060572349
630	1939233	396964	0.33803340979627449769395752809942
633	1948392	398712	0.33802416270731372449631635390688
636	1957551	400620	0.33801839417551221567137531565095
639	1966861	402694	0.33799398062655133800902262919408
642	1976171	404519	0.33797475943135213416468332070508
645	1985631	406307	0.33795614036883747655082288474659
648	1994941	408344	0.33794758342585695665150069544325
651	2004100	410327	0.33794272929089785861833661329001
654	2013560	412111	0.33791929354156868825498349906411
657	2022870	414038	0.33790206396050559423116510515683
660	2032029	416066	0.33788442397194295985229928191984
663	2041188	417858	0.33787559668562638925948249379871
666	2050498	419690	0.33787264949359391286165532619634
669	2059808	421721	0.33785012822102911123067769949557
672	2068967	423592	0.33783280342688432051900804253819
675	2078277	425346	0.33781607843904964960657366646046
678	2087436	427412	0.3378077589891086418560917081777
681	2096896	429406	0.33780556164566072352428705016791
684	2106055	431158	0.33778397774971508082941795692022
687	2115215	432995	0.33776751966999191134632951616368
690	2124374	435110	0.33775265478389199236275430848764
693	2133834	436947	0.33774498752709763982338131427241
696	2143144	438698	0.3377425310826835946897972462466
699	2152303	440721	0.33772161610319950675318523281021
702	2161462	442665	0.33770699384494867745232227207453
705	2170621	444415	0.33769094116409581474158585479017
708	2179780	446303	0.33768472794232268219261072772497
711	2188939	448382	0.33768296735717989731639931960672
714	2198249	450123	0.3376637756167430448606125992228
717	2207409	451873	0.33764893854078575907706749603676
720	2216568	453901	0.33763468429485210542395634547574
723	2225727	455816	0.33762894891905620431415968596411
726	2234886	457570	0.33762781744531927818897543147614
729	2244045	459569	0.33760833043701737876673973914876
732	2253506	461601	0.3375941753794402533372931429767
735	2262665	463423	0.33758057896574306111503460670065
738	2272125	465214	0.33757531321497286080912658690067
741	2281284	467288	0.33757479225723269200543086299149
744	2290594	469136	0.3375558385612377754192436896119
747	2299753	470890	0.33754235678861455038912708914722
750	2308912	472991	0.33752941805206881920042860656395
753	2318523	474981	0.33752463858285614017873399461678
756	2327682	476835	0.33752464105969992580469352105865
759	2337293	478738	0.33750631331403185830808411083126
762	2346603	480772	0.3374934293670390217378951547289
765	2355762	482589	0.33748111070271696876332612191618
768	2365072	484340	0.33747666546874521831256288351142
771	2374231	486408	0.33747715941713940512869385202066
774	2383540	488338	0.33745934087987927707530388943269
777	2392700	490124	0.33744706218271869335723067706567
780	2402009	492071	0.3374353383780457904528304879932
783	2411319	494093	0.33743126142611007400873290862364
786	2420478	495854	0.33743220771787924006090975126426
789	2429788	497607	0.33741504152427992391238831260125
792	2438947	499669	0.33740424736918400716589871990436
795	2448257	501543	0.33739305329381857889714524390001
798	2457416	503322	0.33738923289267641614230797131313
801	2466726	504905	0.33739065448461036389460332429735
804	2475885	506445	0.33737387095598436737020620057592
807	2485044	508107	0.33736263754731599107117290259339
810	2494203	509864	0.33735194242275151621512918609369
813	2503362	512160	0.33734855066844177118312586571847
816	2512521	514436	0.33735042536846532312821977939166
819	2521681	516511	0.33733398379877699291284898208687
822	2530991	518300	0.33732320993312892021265270159347
825	2540150	520086	0.33731299129168573758263960371551
828	2549459	522160	0.33730978500574287926028205220064
831	2558769	524126	0.33731203102059298393200492682809
834	2568079	525913	0.3372962961505790446814501137851
837	2577389	527827	0.33728584714436393721115337029914
840	2586548	529861	0.33727504504305222399196395599574
843	2595707	531602	0.33727307535474043698187074369343
846	2604866	533353	0.33727578322108658914757484126312
849	2614025	535387	0.33726026005023096443480312700558
852	2623185	537279	0.33725028975613213777506871338119
855	2632344	539065	0.33723993306030980443566136273148
858	2641653	541040	0.33723826622070085523574789476697
861	2650963	543073	0.33724124303372132738232380688714
864	2660122	544860	0.33722514888154359047334196475276
867	2669432	546657	0.33721556581361489257631092186784
870	2678591	548687	0.33720659413146791827387005469063
873	2687750	550548	0.3372041291623151249012835251051
876	2697060	552292	0.33720838017802562402991384260531
879	2706219	554274	0.33719380198750886767911083552463
882	2715378	556270	0.33718451253148834512174403243989
885	2724538	558013	0.33717591461015167242365464517206
888	2733697	559819	0.33717365011030392407676004040695
891	2742856	561842	0.33717732472767858453721601108555
894	2752015	563692	0.33716286052180183263615731448226
897	2761325	565466	0.33715398611811009388361526362132
900	2770635	567241	0.33714577683647212191786479706934
