0	0	0	0.6931471805595997848215006342798
3	23524	3669	0.53400663902088285617253404780058
6	46708	7635	0.49583019629045271825518170771829
9	69892	11805	0.4729703623050975913599813793553
12	93758	15731	0.45573109157238850253079931462707
15	117624	19334	0.44207834497390746664180483094242
18	140808	23318	0.43105640746757234449404450060683
21	164333	27561	0.42203259988643887501424956099072
24	188199	31439	0.41453715774074112454528062698955
27	211724	35072	0.40823099651693373068894743482815
30	235249	39074	0.40286271668716705507407027653244
33	259116	43176	0.39824433667836900418990353500703
36	282299	47005	0.39422622745259472409884438093286
39	305483	50719	0.39070390406445504316579331316461
42	329349	54572	0.38758825756687237396036493919382
45	352874	58635	0.38481307600798664303454188484466
48	376058	62506	0.38232346552010998408377417945303
51	399241	66180	0.38007695548025915988077372276166
54	422766	69909	0.37803590817376958588269530991965
57	445950	73974	0.37617347259520644842112346850627
60	469133	78045	0.37446693938894765052438629027165
63	493000	81649	0.37289707547946016052975437560235
66	516183	85645	0.37144295409339622704436578715104
69	540391	89624	0.3700936572847680072761988867569
72	563575	93854	0.36883720804846048535452496253129
75	587783	97647	0.36766486215177152097055568447104
78	611308	101646	0.36656601274366024112438822157856
81	635857	105621	0.36553431573660938314063173493196
84	659382	109688	0.36456347534127558907002253363316
87	682565	113463	0.36364757884564302692353976453887
90	705749	117027	0.36278194885840653327591098786797
93	728932	120976	0.36196233235590480337151575440657
96	752457	125078	0.3611857732358074168921291402512
99	775641	128978	0.36044711499973147716957555530826
102	799166	132900	0.35974523379469514061668178328546
105	823715	136925	0.35907563246728979589050823051366
108	847923	141037	0.35843688260769895892465797260229
111	871448	144979	0.35782780568199235027293525490677
114	894632	148713	0.35724636987910979302185410233506
117	918157	152415	0.35668783786060065388312523282366
120	941340	156394	0.35615266744379614483051454953966
123	964524	160454	0.35564041169727023117275166441686
126	988049	164336	0.35514782189493909747568523016525
129	1011915	168146	0.35467446920182338354621265352762
132	1035782	172073	0.35421936422510952313658094681159
135	1058965	176233	0.35378257250818351264953776080802
138	1082490	180022	0.35336103499217708101554080712958
141	1105674	183616	0.35295695530420145846761670327396
144	1128857	187657	0.35256545988089416088229199885973
147	1152724	191871	0.35218882368899712131948831483896
150	1176249	195724	0.35182435083356822236311245433171
153	1199432	199385	0.35147235529070730564171753940172
156	1222957	203182	0.35113229730222639268788498156937
159	1246141	207263	0.35080367489564096006304794173047
162	1269324	211160	0.35048685088854797387014627929602
165	1292508	214755	0.35017932880286217756093947173213
168	1315691	218527	0.3498816997033479259116006687691
171	1338875	222672	0.34959346669065893831174207662116
174	1362400	226773	0.34931420701896098712779803463491
177	1386266	230427	0.34904458247861103181719499843894
180	1409450	234290	0.348782258525191624087824493472
183	1433316	238357	0.34852883135924073165767822501948
186	1456841	242365	0.34828199432072487473632804722001
189	1480025	246177	0.34804244287593638640387894156447
192	1503550	249987	0.34780984195359904154187802305387
195	1527416	253976	0.34758399910036069657692792134185
198	1550941	258061	0.34736460624419412956953578941466
201	1574124	261956	0.34715140190294530020409524695424
204	1597649	265705	0.34694416237823627602310239126382
207	1621516	269544	0.34674267596139524139076115716307
210	1644699	273733	0.34654668666969234980257397182868
213	1668224	277701	0.34635603546062604385369354531576
216	1691749	281498	0.34617052266862241571843128440378
219	1715616	285252	0.34598995818006172964231836886029
222	1738799	289288	0.3458141442436454271458501352754
225	1761983	293297	0.34564293735789797246127363905543
228	1785508	297144	0.34547617770521271696182452615176
231	1809374	300849	0.34531369293344743587326206579746
234	1832558	304834	0.34515637150084937934124695857463
237	1855741	308831	0.345002021040046125133216037284
240	1878925	312724	0.34485254579530177920787537004799
243	1902791	316539	0.34470579624248454120305495962384
246	1926658	320529	0.34456267213060554066572649389855
249	1950183	324602	0.34442303381366168313348907759064
252	1973366	328395	0.3442867670234317500899123842828
255	1996550	332134	0.34415378502303939356465889432002
258	2020416	335996	0.34402495241879177401145284420636
261	2043600	340110	0.34389819223278172977131816878682
264	2066783	344155	0.34377341404330019614121738413814
267	2090650	348034	0.34365251376653949133554988293326
270	2114858	351779	0.34353439274419628191026276908815
273	2138041	355915	0.34341898700031803226551119223586
276	2161566	359954	0.34330621114806186833234846744745
279	2185091	363633	0.34319595948154957287812294453033
282	2208275	367514	0.34308818190946538395635911911086
285	2232141	371486	0.34298277879229044362574541082722
288	2255325	375492	0.34287971070950312713065954994818
291	2278508	379215	0.34277888781908716353541421995033
294	2301692	383047	0.34268125964269535721484771784162
297	2325558	387060	0.34258474799358068496601958941028
300	2349083	391330	0.34249130634527924499366235977504
303	2372949	395148	0.34239887074275365819175931392238
306	2396133	398795	0.34230838769226368256681780621875
309	2419658	402729	0.34221979826820875247861408752215
312	2443183	406868	0.34213305557256623590234312359826
315	2466366	410864	0.34204810505214999771794737171149
318	2489891	414757	0.34196490142984103943746276854654
321	2514099	418569	0.34188338419355313035907784069423
324	2537624	422673	0.34180351903847783212597732926952
327	2561149	426652	0.34172526039502126860014641351881
330	2584333	430524	0.34164856213115069039076843182556
333	2608199	434201	0.34157338999955044744893939423491
336	2631383	438234	0.34149969731496582214802515409247
339	2654908	442459	0.34142745393729095892965119674045
342	2678774	446331	0.34135761428844724196807192129199
345	2702299	450105	0.34128814901512655177739929968084
348	2726166	454054	0.34122001707007010296024418494198
351	2749691	458346	0.3411531819457138126061579441739
354	2773557	462331	0.341087617020796485256539654074
357	2797082	466022	0.34102428882008384292134905990679
360	2820607	469785	0.34096116996545239308247232656868
363	2843790	473853	0.34090022993850321864073293909314
366	2866974	477914	0.34083943404608202376593339977262
369	2890499	481751	0.34077975418770761750764108910516
372	2914365	485481	0.3407211687319229298509526415728
375	2937549	489676	0.34066365182627217356170490347722
378	2961415	493797	0.34060717494416681283553316461621
381	2984940	497524	0.34055171118303434463214784955198
384	3008124	501159	0.34049724158291672093668012166745
387	3031307	505178	0.34044474223415860381081188279495
390	3054832	509341	0.34039218817011029916130837591481
393	3078357	513225	0.34034055662959256105537519943027
396	3101882	516974	0.3402898279589663399491428208421
399	3125749	521000	0.34023998001441807526035177033918
402	3149615	525186	0.3401919957867035604337502263661
405	3173140	529183	0.34014385543228664587900311744306
408	3196665	532812	0.34009653749071405703929826813692
411	3219849	536732	0.3400500238542541464603630174679
414	3243715	540841	0.34000429534091480832103115972131
417	3267240	544825	0.3399603388822243776878906373895
420	3290424	548610	0.3399161355594843558769468927494
423	3313949	552300	0.3398726682163238921319248220243
426	3337132	556430	0.33982992349843038626389102319081
429	3360999	560572	0.33978788204010995643855608250306
432	3384524	564527	0.33974653634781221134275597250962
435	3408390	568294	0.33970586581972611606161649433488
438	3432256	572238	0.33966685523634027044082017710025
441	3455781	576448	0.33962749233214717392570491938386
444	3479306	580424	0.33958876396917586637513863934146
447	3502831	584210	0.33955065576791038095549879471946
450	3526698	588142	0.33951215250107413812230561234173
453	3550564	592161	0.33947524135139039991315712541109
456	3573748	596234	0.33943891393242509035843568199198
459	3597273	600034	0.33940315652804625701222107636568
462	3620798	603959	0.33936795773433614531455759788514
465	3645006	607977	0.33933330634354769150817787704
468	3668531	612074	0.33930019132351296740068846702343
471	3691714	616080	0.33926660174655171031687928007159
474	3715581	619674	0.33923352755619096132733147896943
477	3738764	623521	0.33920095632462904378101598013018
480	3761948	627829	0.33916988129973468790723245547269
483	3785814	631928	0.33913829163795378152101989144285
486	3809680	635665	0.33910717566761788832607749100134
489	3833205	639492	0.33907652819668182564427638681082
492	3856730	643502	0.33904633706394343706236327307124
495	3879914	647483	0.33901659622586421960477309767157
498	3903097	651263	0.33898729465238169877849827571481
501	3926622	654942	0.33895942255886912786166931255138
504	3949806	658913	0.33893097547733758156951466844475
507	3972990	663022	0.33890294219682670640025889952085
510	3996515	666765	0.33887531803026421650670840790553
513	4019698	670405	0.33884809281365163569077481042768
516	4042882	674344	0.33882126049202898609991052580881
519	4066065	678506	0.33879481262936228525006754352944
522	4089590	682393	0.33876874414094726439827809372218
525	4113115	686058	0.33874304615442735189034806353447
528	4136640	690076	0.33871771325235333627290401636856
531	4160506	694281	0.33869273803301752634453691825911
534	4184031	698268	0.33866811370451860296881818612746
537	4207556	701967	0.33864383515394363977080161021149
540	4231081	705993	0.33861989486646543179304558179865
543	4255289	710158	0.33859628780182476903704014148389
546	4279156	714166	0.33857300777941379266167132300325
549	4302339	717895	0.33855004878416838920429654535837
552	4325523	721737	0.33852740596218316992960239986132
555	4349389	725761	0.33850507469501772694897567816952
558	4372914	729926	0.33848304785862004528951274551218
561	4396439	733728	0.33846132033734488420151365062338
564	4419623	737309	0.33843988503570998638281253079185
567	4442806	741352	0.33841874033327645765467650562641
570	4466673	745567	0.33839787899612033816865164226328
573	4490198	749440	0.33837729545347250414977224863833
576	4513381	753022	0.33835698679271847266747386129282
579	4536565	756833	0.33833794813713674587418722694565
582	4559748	761174	0.3383181759683460132492882621591
585	4583956	765124	0.33829866302400019018037369278318
588	4607140	768865	0.33827940713845422449068678361073
591	4630665	772671	0.33826040264198609097689995905966
594	4654190	776755	0.33824164613474622109734468722309
597	4677715	780866	0.33822313356367378345268548400782
600	4701240	784614	0.33820486164557367336769289067888
603	4724423	788341	0.33818682450644088621771743419231
606	4747948	792270	0.33816901947557359564555667930108
609	4771132	796334	0.33815144280462089421135374323057
612	4794315	800491	0.33813408987257331794751280540368
615	4818864	804352	0.33811695860462576135319068271201
618	4843072	808355	0.33810004457778902731135417525365
621	4866939	812516	0.33808434483227656208725875330856
624	4890464	816452	0.33806785580296377924369721768016
627	4913647	820205	0.33805157277104741497808504391287
630	4937172	823931	0.33803549404687321944251721106411
633	4960356	827942	0.33801961626708781905037426440686
636	4983539	831920	0.33800393414201168607036152025103
639	5006723	835698	0.33798844802996813596607239560399
642	5030248	839463	0.33797315305303077259679866983788
645	5053773	843514	0.3379580464993188204658736140118
648	5077298	847649	0.33794312425109673814205279995804
651	5100823	851432	0.33792838477195991098156468979141
654	5124006	855036	0.33791482650112086849603088012373
657	5147190	859029	0.33790044414232245362228468366084
660	5170715	863149	0.33788623664407174684853885082703
663	5193898	866987	0.33787220108671850438142314487777
666	5217082	870660	0.33785833392132152974696168712399
669	5240607	874482	0.33784463368219819212612264891504
672	5263790	878593	0.33783109725548987611887241655495
675	5286974	882678	0.3378177226147978107206881759339
678	5310840	886610	0.33780450775657022699505205309833
681	5335048	890334	0.33779144936723215497664796203026
684	5358232	894414	0.33777854495046527594226404289657
687	5381757	898434	0.33776579302607800947555460879812
690	5404940	902266	0.33775319099333278582975026438362
693	5428465	906008	0.33774073708255092363117455533938
696	5451990	909936	0.33772842829501331651798068378412
699	5475174	914209	0.337716262942730049978479200945
702	5499040	918236	0.33770423961901713250099987817521
705	5522907	921902	0.33769235482203108222876153377001
708	5546432	925887	0.33768060785864351114327064351528
711	5570298	929980	0.33766899589315513274812019517412
714	5593482	934007	0.337658518649080752194180377046
717	5617007	937652	0.33764717165621954686471895001887
720	5640190	941395	0.33763595413680230761244160930801
723	5663374	945768	0.33762486520721357585728128469782
726	5687923	949794	0.33761390239668565005359823771869
729	5711106	953509	0.33760306364533054779286658231285
732	5734290	957261	0.33759234746734584353689001545717
735	5757815	961276	0.33758175189294620244240263673419
738	5781340	965447	0.33757127457929614333664858349948
741	5804865	969255	0.33756091548064409701979116107395
744	5828048	972846	0.33755067207673283835589472801075
747	5851232	976826	0.33754054225170598835248370050977
750	5874757	980948	0.33753052510156139609520664635056
753	5897941	984998	0.33752061871388366887103416047466
756	5921807	988579	0.3375108229940115833755953644868
759	5944990	992475	0.33750113592764247050226344981638
762	5968515	996740	0.33749155422082788291504584776703
765	5992382	1000666	0.33748207765863985629906096619379
768	6015565	1004314	0.33747270528670464395659678302763
771	6038749	1008320	0.33746343456093175205978695885278
774	6062957	1012410	0.33745426491229735255217292433372
777	6086482	1016411	0.33744519493688962530342223544721
780	6109665	1020216	0.33743622321488958570867566777451
783	6133190	1023973	0.33742734853183775634022367739817
786	6156715	1028002	0.33741856921168733585147947451333
789	6180240	1032365	0.33740988419702783174258797771472
792	6204448	1036294	0.33740129226518800198419967273367
795	6227973	1039874	0.33739279209321709762647856223339
798	6251157	1043827	0.33738538330225059658218356162251
801	6274682	1048039	0.33737706387389632123330329704913
804	6298207	1052029	0.33736883240790693783139886363642
807	6321732	1055749	0.33736068860722090434478559473064
810	6345257	1059511	0.33735263029678375090725239715539
813	6368440	1063641	0.33734465742183206149462648681947
816	6391965	1067613	0.33733676836843934365717245782434
819	6415149	1071397	0.3373289619442705888907596545323
822	6438674	1075179	0.33732123696000210211209946464805
825	6462199	1079138	0.33731359317635761785325598793861
828	6485382	1083473	0.33730602918692798031230495325872
831	6509590	1087275	0.33729854392741864810290053355857
834	6532774	1090872	0.33729113546573979975917723095336
837	6555957	1094842	0.33728380442680122586196489464783
840	6579482	1099128	0.33727654838381465607355380598165
843	6603348	1103109	0.3372693672488281113608366013068
846	6626873	1106804	0.33726225975846402249658240179997
849	6650398	1110584	0.33725522523463624668949023543973
852	6673582	1114725	0.33724826265287255466773785883561
855	6697107	1118700	0.33724137120530234268400704422675
858	6720290	1122482	0.33723454930570961884939151786966
861	6743815	1126247	0.3372267970197507791496605022985
864	6767340	1130220	0.33722011280706354341418773401529
867	6790524	1134267	0.3372134964427577208390118812531
870	6813708	1138222	0.33720694688906749370005400123773
873	6837574	1142085	0.33720046324122521230748361631413
876	6861782	1145942	0.33719504509343828368983508880774
879	6884965	1150250	0.33718869091624481537650126483641
882	6908832	1154153	0.33718240029728707707334933729726
885	6932015	1157864	0.3371761721976194725591824408184
888	6955540	1161712	0.33717000595594637246676938957535
891	6979065	1165750	0.3371639012011354852305089480069
894	7002249	1169719	0.33715785708669726572495051186706
897	7025432	1173488	0.33715187298349419409149163584516
900	7048957	1177257	0.33714594803235536923935455888568
