0	0	0	0.6931471805595997848215006342798
3	8010	1	0.68542467568732690086363845693995
6	16021	3	0.68789553956076587848400549773942
9	24031	5	0.6934153207840261234906620302354
12	32042	7	0.68196526655768685554193098141695
15	40052	9	0.67801957931410816726724988257047
18	48063	11	0.67278800778890013312150131241651
21	56073	12	0.66537327054216255373120247895713
24	64084	14	0.65059156804530260398422569778631
27	72094	16	0.65004494016263336675365280825645
30	80105	18	0.64174982426714333172412807471119
33	88116	20	0.63477663170167109019104145772872
36	96126	21	0.62565747342849198364689300433383
39	104137	23	0.6275813331395769800735706667183
42	112147	25	0.62841630041722518207336634077365
45	120158	27	0.63025620557785744235701486104517
48	128168	29	0.62069844076753144523905802998343
51	136179	31	0.62169228102030271720934706536354
54	144189	33	0.61835848748291544207944525624043
57	152200	34	0.613843604005119169997328754107
60	160211	36	0.60523243813741378627213407526142
63	168221	38	0.59908754904732519630528031484573
66	176232	40	0.59086297180117852700931280196528
69	184242	42	0.58736135658550225890905949199805
72	192253	44	0.59110643250466865517012138298014
75	200263	46	0.58771861996766494584676365775522
78	208274	47	0.5919789825797612259350444219308
81	216284	49	0.5899102393444017877754959044978
84	224295	51	0.59592924069302022349603475959157
87	232306	53	0.58276030737562312111776918754913
90	240316	54	0.58869765903783555227590795766446
93	248327	56	0.59024909491678323458785371258273
96	256337	59	0.59044593892724261952054121138644
99	264348	60	0.59296440738508260359651558246696
102	272358	62	0.58621065398235350230038420704659
105	280369	64	0.58407042954306009896470186504303
108	288379	66	0.58971981523220495802206642110832
111	296390	68	0.58863973923001156052237092808355
114	304400	70	0.58537507416513534508339944295585
117	312411	72	0.58522766390995906160554795860662
120	320422	73	0.57865004384852958274620959855383
123	328432	75	0.57108519500462295859222194849281
126	336443	77	0.56635266634476943981013619122677
129	344453	79	0.56350645686835865166841585960356
132	352464	80	0.56112301753633420098310580215184
135	360474	82	0.55813540699752162144164913115674
138	368485	84	0.55573853095045100403126525634434
141	376495	86	0.55276112811636612942578494767076
144	384506	88	0.55603967042663626774157137333532
147	392517	90	0.54767084401657128989171496868948
150	400527	91	0.54427555542735661653352963185171
153	408538	93	0.5397240955149618102382191864308
156	416548	95	0.53816704428436779039657267276198
159	424559	97	0.53407688551777043883816986635793
162	432569	99	0.53458927798248911944511974070338
165	440580	101	0.5327579883259236925852064814535
168	448590	102	0.53496790373698299703164593665861
171	456601	104	0.5331970219763413343372349117999
174	464612	106	0.53304969614347108564089694482391
177	472622	108	0.52710032587976585194411427437444
180	480633	110	0.52756531410418250338523193931906
183	488643	112	0.52199817469708276185258455370786
186	496654	114	0.52232861156161303206602042337181
189	504664	115	0.52207941298667648322151535467128
192	512675	117	0.52384918111802247775443674981943
195	520685	119	0.52224043277852338906797058371012
198	528696	120	0.52117402148630354030700573275681
201	536706	122	0.52207632828237537925275546513149
204	544717	124	0.51923594775801240608359421457862
207	552728	126	0.51812935924909320206666052399669
210	560738	128	0.51611541619589540452750497934176
213	568749	129	0.51743440331402101861613118671812
216	576759	131	0.51948242488490703472336917911889
219	584770	133	0.52025530958132637504576223363983
222	592780	135	0.51799340073398736361554028917453
225	600791	137	0.51970037219292386510005599120632
228	608801	138	0.51770710764871119557994916249299
231	616812	140	0.51684154567154061421518917995854
234	624823	142	0.51438150825518647035750063878368
237	632833	144	0.51174506834692568002509460711735
240	640844	146	0.51447882958975388323352717634407
243	648854	148	0.51429981353945541933114782295888
246	656865	149	0.51577443873796147144616952573415
249	664875	151	0.5163060659910350125301192747429
252	672886	153	0.51442710707389904811748237989377
255	680896	155	0.51430433191572499929122841422213
258	688907	157	0.51320558728823240102201452828012
261	696918	158	0.51021356296031750154895689775003
264	704928	160	0.50506386145567194745353845064528
267	712939	162	0.50377101379514988011010245827492
270	720949	164	0.5019261711478082421677981983521
273	728960	166	0.49786409552729415928240541688865
276	736970	168	0.49590369667449968327233023046574
279	744981	170	0.49536432092585958031349946395494
282	752991	172	0.494899694044189319974691443349
285	761002	174	0.49463320065491389598832938645501
288	769012	175	0.49633458244585088037226228152576
291	777023	177	0.49500449229229981362720991455717
294	785034	179	0.49698052471474468694268011859094
297	793044	181	0.49641185742994370366787393322738
300	801055	183	0.49401280894045734859432172925153
303	809065	185	0.49064945340964871700606408921885
306	817076	187	0.48870741172458903589514989107556
309	825086	188	0.48731436960073953867933482797525
312	833097	190	0.48657087393557690857548436724755
315	841107	192	0.48593559054348489656405263303895
318	849118	194	0.48479214302923118173893612947722
321	857129	196	0.48324108535978876899363854136027
324	865139	198	0.48369927748246371868034998442454
327	873150	200	0.48276874694164750856373302667635
330	881160	201	0.48201525127329325481895239136065
333	889171	203	0.48211725193767956954005171610333
336	897181	205	0.47986515294095755113090717713931
339	905192	207	0.47865503499333539316751284786733
342	913202	209	0.47588623211067587748246410228603
345	921213	211	0.47388796154991608133855152118485
348	929224	213	0.47306262760554251833866601373302
351	937234	214	0.47297685559449631487183296485455
354	945245	216	0.4709063682977597253831447687844
357	953255	218	0.47098024834698254403875239404442
360	961266	220	0.47177893397809295139566643229045
363	969276	222	0.47037801200385664923686590555008
366	977287	224	0.47046244321896352191814116849855
369	985297	225	0.46998837460909059782210306366323
372	993308	227	0.46981019540037111115182710818772
375	1001319	229	0.468875988358747608497623104995
378	1009329	231	0.47062335372255198473467885378341
381	1017340	233	0.46962984723608247605852739070542
384	1025350	235	0.46867213343386093793441204979899
387	1033361	237	0.46784924878657302427242825615394
390	1041371	239	0.46759748517278071355818269694282
393	1049382	240	0.46802971095647810662043752927275
396	1057392	242	0.46778221413924819804819321689138
399	1065403	244	0.46873496630249561478720465856895
402	1073413	246	0.46803311322798119009647166421928
405	1081424	248	0.4684039539657013917484107423661
408	1089435	250	0.46671470843968593245065790142689
411	1097445	252	0.46559052177061316379891309225059
414	1105456	253	0.46544446586530957565841504219861
417	1113466	255	0.46482002930398552686952484691574
420	1121477	257	0.4655491238443426049720130777132
423	1129487	259	0.46526673001514889937979546630231
426	1137498	261	0.46493842829803161409429890227329
429	1145508	263	0.46434623828434018477651079592761
432	1153519	265	0.46342990972578723685160184686538
435	1161530	266	0.46510507391568145507676490524318
438	1169540	268	0.46533587653756164348450852230599
441	1177551	270	0.46456209647695612119377983617596
444	1185561	272	0.46363014117913403655535375946783
447	1193572	274	0.46257735930916665800793907692423
450	1201582	276	0.46090735104300856184167400897422
453	1209593	278	0.46068254175965878127740893432929
456	1217603	280	0.46109367629352709938572729697626
459	1225614	282	0.46143538980543219452101766364649
462	1233625	284	0.46211706287639192636262919222645
465	1241635	286	0.46141973474057634829748053562071
468	1249646	288	0.460516280664957478041543481595
471	1257656	289	0.46097844921474773194347562821349
474	1265667	291	0.46060929084801027766360448367777
477	1273677	293	0.46129803896097043569568540988257
480	1281688	295	0.46042374359517890258786110280198
483	1289698	296	0.459622813368381510912286103121
486	1297709	298	0.4602774607576046728141250241606
489	1305719	300	0.45996407742484668457194629809237
492	1313730	302	0.45910248786001944809598285246466
495	1321741	304	0.45871551684822442496169969672337
498	1329751	305	0.45757728309528566956743134142016
501	1337762	308	0.45723220209699705351980014711444
504	1345772	309	0.45757023090496429240658926573815
507	1353783	311	0.45677534944849290665658259058546
510	1361793	313	0.45608484740157101411384132916282
513	1369804	314	0.45582326546604845507459913278581
516	1377814	316	0.45482898003811633724779994736309
519	1385825	318	0.45458367469734006771631129595335
522	1393836	320	0.45432176673705293445948427688563
525	1401846	321	0.45394053392280764303023943284643
528	1409857	323	0.45400119194742033501555056318466
531	1417867	325	0.45409264416055727942023167997831
534	1425878	327	0.45366911108188956447406781080645
537	1433888	328	0.45291261979658808956017423952289
540	1441899	330	0.45277792107326392256894109777932
543	1449909	332	0.45293845467485505107418930492713
546	1457920	334	0.45410947995122175058213542797603
549	1465931	336	0.45271612546029715851148012006888
552	1473941	338	0.45281817743889241079102703224635
555	1481952	340	0.45364730502772149245416244411899
558	1489962	342	0.45383234204271960532395269183326
561	1497973	343	0.4524154021871278907873659136385
564	1505983	345	0.45152529544959935092762748354289
567	1513994	347	0.45076702014317782118979494043742
570	1522004	349	0.45108189886786559386067096966144
573	1530015	351	0.44984762783455267687315881630639
576	1538025	353	0.45051833358528137196685747767333
579	1546036	355	0.45011578605710450551313783762453
582	1554047	356	0.45072930956655221645945630370989
585	1562057	358	0.45113620601264459164525533196866
588	1570068	360	0.45225337908033153011544413857337
591	1578078	362	0.45158442381371394214184533666412
594	1586089	364	0.45079819597990489210559417188051
597	1594099	366	0.45053355656916249660781659258646
600	1602110	368	0.44973008101329869923290516453562
603	1610120	369	0.44937549306155349926328312903934
606	1618131	371	0.44924760292378873582919140972081
609	1626142	373	0.4495261793727443611068395057373
612	1634152	375	0.450237299087468345604179376096
615	1642163	376	0.45029561724558980762012083687296
618	1650173	379	0.44940005457901605057102756290988
621	1658184	380	0.44971747059489514120045328127162
624	1666194	382	0.45049564447165202363265734675224
627	1674205	384	0.44956746957330223635196375653322
630	1682215	386	0.44947844147719206997493301969371
633	1690226	387	0.44882467266746894907214482373092
636	1698237	389	0.44812869465237947785851702064974
639	1706247	391	0.44844991483605978199733499423019
642	1714258	393	0.44814004259164630372680448999745
645	1722268	394	0.44777102287016457005108804878546
648	1730279	396	0.44834481914119667100848687368853
651	1738289	398	0.44871077276642185038824095499876
654	1746300	400	0.44814556315177123124726676905993
657	1754310	402	0.44849729735041493627889508388762
660	1762321	403	0.44823525923557994143919813723187
663	1770331	405	0.44777778186628836021299093772541
666	1778342	407	0.44735972671769708153277633755351
669	1786353	409	0.44713118839314242025650969480921
672	1794363	411	0.44697455857237677889770566252992
675	1802374	412	0.44632828082642983513750323254499
678	1810384	414	0.44682335660168936986025300939218
681	1818395	416	0.44660680502978039596584380888089
684	1826405	418	0.44723367377993378246614497584233
687	1834416	420	0.44758679097006198732699999709439
690	1842426	422	0.44775197537269179060004375969584
693	1850437	424	0.44619554927835802793367747653974
696	1858448	426	0.44655105198525907317375072125287
699	1866458	427	0.44643859296331600550189477871754
702	1874469	429	0.4471448980489605151689147533034
705	1882479	431	0.44820484711208896655421085597482
708	1890490	433	0.44761092843895050608082897269924
711	1898500	435	0.44731831753200668178038768019178
714	1906511	437	0.44677117396000964877345040804357
717	1914521	438	0.44649315048711701869876833370654
720	1922532	440	0.44684041608035962589440259762341
723	1930543	442	0.44725889371773713820701345866837
726	1938553	444	0.44774835536445273254102517057618
729	1946564	445	0.44748216831319898023622272376087
732	1954574	447	0.44585554472011057480784756990033
735	1962585	449	0.44601961735861961333426961573423
738	1970595	451	0.44572663868833189981799591805611
741	1978606	453	0.44554177036273251433229347640008
744	1986616	455	0.44566545529134965475392959888268
747	1994627	456	0.44561732431892631112191338615958
750	2002638	458	0.4469151633682505453393218886049
753	2010648	460	0.44653454874661663298596181448374
756	2018659	462	0.44619282076673477677175583266944
759	2026669	464	0.44667584307145741240319125608949
762	2034680	465	0.44739919049607607126617381254619
765	2042690	467	0.44609850321912597470586092640588
768	2050701	469	0.44413157179316292699766677287698
771	2058711	471	0.44451865005641733041841234808089
774	2066722	473	0.44306485023921493571208429784747
777	2074732	475	0.44240296908122583863232080148009
780	2082743	476	0.44211704968161585904695698445721
783	2090754	478	0.44176953421827114265596492259647
786	2098764	480	0.44041039750849669820453868851473
789	2106775	482	0.43860328588365649071789675872424
792	2114785	484	0.43923474121286004701048000242736
795	2122796	485	0.44004405644122296381581804780581
798	2130806	487	0.43882390447614422201993988892355
801	2138817	489	0.43846405223242873594458046682121
804	2146827	491	0.43805317688847750234870659369335
807	2154838	493	0.43822511435879368812962297852209
810	2162849	494	0.43792850705067437599993240837648
813	2170859	496	0.43865085303073581002308856113814
816	2178870	498	0.43833129430140227444923084476613
819	2186880	500	0.438261864618842644780727368925
822	2194891	502	0.43809623458766483450332884785894
825	2202901	504	0.43852590269332547556757617712719
828	2210912	506	0.43823605045604308028117657158873
831	2218922	507	0.43886361557730935167853658640524
834	2226933	509	0.43821930935778019566839702747529
837	2234944	511	0.4368015258539768019829807599308
840	2242954	513	0.43603426487101276665114824027114
843	2250965	515	0.43604535758585710736312535118486
846	2258975	516	0.43679834854714127967412196085206
849	2266986	518	0.43676828533371758744863200263353
852	2274996	520	0.43743934935355033299941851510084
855	2283007	522	0.43805728347671984979072590249416
858	2291017	524	0.43871556226566310598968811973464
861	2299028	526	0.43788407138066143264865104356431
864	2307038	528	0.43689757872804363403318461678282
867	2315049	529	0.43676148712625750825111481390195
870	2323060	531	0.43726606090414871230720450512308
873	2331070	533	0.43729720947545819287327617530536
876	2339081	535	0.43735969688341547190191249683267
879	2347091	537	0.43790724982324369385366935603088
882	2355102	539	0.43660477257343405232958843953384
885	2363112	540	0.43627683993440879994807346520247
888	2371123	542	0.43669889855157317803957539581461
891	2379133	544	0.43662726586144878782036471420724
894	2387144	546	0.43621668497333271341531713005679
897	2395155	548	0.43567801734674194147345360761392
900	2403165	549	0.43593690171279686484950843805564
