0	0	0	0.6931471805595997848215006342798
3	1602	2	0.69673870524451608776672628664528
6	3204	4	0.69335309698353198015752241190057
9	4806	6	0.69283194094809563701176102767931
12	6409	8	0.69148439640631098601630810662755
15	8011	10	0.6692262236325349222809677485202
18	9614	12	0.66380325747410762193823074994725
21	11216	13	0.65251732704697318343534107043524
24	12818	15	0.6557815144763737835731376435433
27	14421	17	0.64360837935115611241343458459596
30	16023	19	0.64252459292411145952428341843188
33	17625	21	0.63309614589252538596753083766089
36	19228	23	0.62305502113181843171219043142628
39	20830	24	0.61807128025588253805722160905134
42	22433	26	0.6193789127675145556040092742478
45	24035	28	0.60530434830492874098695210705046
48	25637	30	0.59733067194273858913078356636106
51	27239	33	0.59075326131622396541587249885197
54	28842	35	0.59064586106578809143741182197118
57	30444	37	0.59584976797304012308131859754212
60	32047	39	0.60027180157284698580610893259291
63	33649	41	0.60032444259622497195749701859313
66	35251	43	0.60613160410279254275422999853618
69	36853	45	0.59989834623022275650328083429486
72	38456	47	0.6002364087866658426406729631708
75	40058	48	0.59460725352153365186325117974775
78	41661	50	0.59660159972731063859896494250279
81	43263	52	0.60276554831141859747134503777488
84	44865	54	0.60110244087405795276879416633165
87	46468	55	0.60520137820056840727289682035916
90	48070	57	0.60705238382530568586048502766062
93	49672	59	0.60440469236065141878100348549196
96	51275	61	0.60063465103639479547581458973582
99	52877	63	0.60615911323115778674974762907368
102	54480	65	0.60616903248052356190100908861496
105	56082	67	0.59652185060064000232671332923928
108	57684	69	0.59147781803187271520982903894037
111	59286	71	0.59053519431283962859424718772061
114	60889	73	0.58795460560035361918806984249386
117	62491	75	0.58631386401040397338135790050728
120	64094	77	0.58175239339054340970136536270729
123	65696	79	0.57798766580458971198197559715481
126	67298	80	0.57720348619549388669014433617122
129	68900	82	0.57829864604596858956853111521923
132	70503	84	0.57504070069751234139943107948056
135	72105	86	0.57385835089532422070845996131538
138	73708	88	0.57107005649598518992604567756644
141	75310	90	0.56737882911721304601826432190137
144	76912	91	0.5659604052679118035840133416059
147	78515	93	0.56517138310167303050235432237969
150	80117	95	0.55888764584030359294786194368498
153	81719	97	0.55664346825296373566516194841824
156	83322	99	0.55659576998633453204234911027015
159	84924	101	0.55586794222031699064245913177729
162	86527	103	0.55301758062462924581126344492077
165	88129	105	0.54911654075798532748109437306994
168	89731	107	0.55092792238029886231487353143166
171	91333	109	0.54796609012807884209195208313758
174	92936	111	0.54472005010562840610077728342731
177	94538	113	0.53901325780013376043342532284441
180	96141	115	0.53426752212184847046216873422964
183	97743	116	0.53385624319289781691821872300352
186	99345	118	0.53415734801280334576034647398046
189	100947	120	0.53404604356539897569433605895028
192	102550	122	0.5331273870267887460272504540626
195	104152	123	0.53248459552551108409090829809429
198	105755	125	0.53209609834372451064865572334384
201	107357	127	0.53129768167165147829678062407766
204	108959	129	0.52859731304140222807319560160977
207	110562	132	0.52623762275891949879991216221242
210	112164	134	0.52609786504020561448413673133473
213	113766	136	0.52229811153212191143779818958137
216	115369	138	0.52164576134936435636291207629256
219	116971	140	0.52229022008925085618358252759208
222	118574	142	0.52296345718058068197109378161258
225	120176	144	0.5230066088783893452074380547856
228	121778	145	0.52324068649356025861862917736289
231	123380	147	0.52327847210702760349931850214489
234	124983	149	0.52463453490888922736701260873815
237	126585	151	0.52344820501756084141220526362304
240	128188	153	0.52555713982019902630327123915777
243	129790	154	0.52461280396347897969633322645677
246	131392	156	0.52429537233164191789569485990796
249	132994	158	0.52337092166209575605506643114495
252	134597	160	0.52462553645624920850565331420512
255	136199	162	0.52060374799857866978669562740833
258	137802	164	0.51761208769216604519414204332861
261	139404	166	0.51628833746023605755226526525803
264	141006	168	0.5132697707528210973038085285225
267	142609	170	0.51226304182702564471441064597457
270	144211	172	0.51262024719767806946180144223035
273	145813	174	0.51217551163175534245652897880063
276	147416	176	0.51128573748873618054489043061039
279	149018	178	0.51036063954061594571953719423618
282	150621	180	0.50937383303977157300579392540385
285	152223	181	0.50795538292787012490947518017492
288	153825	183	0.50748981437074980327395223866915
291	155427	185	0.50624713352864270099473742448026
294	157030	187	0.50508476641630628556356441549724
297	158632	188	0.50296051588189905068304597079987
300	160235	190	0.50435335617465815172266729859984
303	161837	193	0.50483772834204632129484480174142
306	163439	195	0.50400127255491566913292444951367
309	165041	197	0.50351509070107780541292186171631
312	166644	199	0.50440396633787298874551652261289
315	168246	201	0.50578406523075714051884688160499
318	169849	203	0.5048616636792518930221262962732
321	171451	205	0.50388287008967069802167770831147
324	173053	207	0.50291536205808307080644681263948
327	174656	209	0.50054374696541381606351706068381
330	176258	211	0.50066780388654708033868701022584
333	177860	213	0.50030840834534129335509078373434
336	179463	214	0.49855631586938425892086002022552
339	181065	216	0.49800978122118372271032171738625
342	182668	218	0.49544009357486162858918987694778
345	184270	220	0.49477828333786960657292297582899
348	185872	222	0.49466713677754114986129252429237
351	187474	223	0.49444818793213352048354636281147
354	189077	225	0.49380941407915124319316646506195
357	190679	227	0.49092450195388737110846477662562
360	192282	229	0.49067058408705632732704771115095
363	193884	231	0.4898462591645251773542213413748
366	195486	233	0.48968267226677619774477534519974
369	197088	236	0.48905833332158571424841397856653
372	198691	238	0.48917901015088849359102596281446
375	200293	240	0.4880442070522881814476079398446
378	201896	241	0.4879783118756264026494307017856
381	203498	243	0.48908706517037048300267088052351
384	205100	245	0.49030466900071789648762887736666
387	206703	247	0.48921079858036975451796024572104
390	208305	249	0.49108287236102565742612569010817
393	209907	251	0.49025543309266134128776570832997
396	211510	252	0.49081470397497989344159918800869
399	213112	254	0.48953277661614791327338025439531
402	214715	256	0.48968779201542833590110603836365
405	216317	258	0.48917023811872967220537589128071
408	217919	260	0.48820758086160970234956835156481
411	219521	262	0.4871689754782099202046197206073
414	221124	265	0.48588134496268098327931284075021
417	222726	267	0.4866499137702496868840285060287
420	224329	269	0.48608294497533205413830614816106
423	225931	271	0.48769881437437484494878958685149
426	227533	273	0.48610748001664300099733395654766
429	229135	275	0.48483834922339491546594558712968
432	230738	277	0.48398498622184737971707590986625
435	232340	278	0.48572739974071638124897276611591
438	233943	280	0.48588064105911837886608850567427
441	235545	282	0.4854742139709256054658226275933
444	237147	284	0.4842251138793697839979301988933
447	238750	285	0.4850145007277439912485306194867
450	240352	287	0.48468875123021631923236896000162
453	241954	289	0.48434451138772505185414729567128
456	243557	291	0.48482227733916372081068857369246
459	245159	293	0.48321676703016558374059741254314
462	246762	295	0.48344816461096673521069533308037
465	248364	297	0.48354783273159124279416687386401
468	249966	299	0.48270274018368808377488221594831
471	251568	301	0.48187532510825087372907660210331
474	253171	303	0.48211707049546381753657442459371
477	254773	305	0.48119650234647187714287497328769
480	256376	307	0.48125769619359548556758454651572
483	257978	309	0.48044067025662173797684317833045
486	259580	311	0.4798194596363000163918854923395
489	261182	312	0.48000691535171902124545795231825
492	262785	314	0.47978338308347262541886379949574
495	264387	316	0.47899381010229691302271248787292
498	265990	318	0.47651448731364237643148840106733
501	267592	320	0.47585572098295048082405855893739
504	269194	322	0.47458898441387714628447724862781
507	270797	324	0.47465031052843437153754280188878
510	272399	326	0.47539027279045703577864401268016
513	274001	328	0.47448878138041578056416369690851
516	275604	330	0.47443511252241948872310217666382
519	277206	332	0.47207237078366820481889476468496
522	278809	334	0.47101886537050102754520253256487
525	280411	336	0.47049600798092910958203560767288
528	282013	338	0.47170019183265560203111022019584
531	283615	340	0.4717148647083013179859278807271
534	285218	341	0.47189975692061564283008578968293
537	286820	343	0.4721955233956835473740909492335
540	288423	345	0.47255686223394038902867464457813
543	290025	347	0.47243995933723736957432492999942
546	291627	349	0.47105186670776960644602127104008
549	293229	351	0.46920468435465700896003227171605
552	294832	352	0.46996523331456507843739700547303
555	296434	354	0.46916560598041973095817525063467
558	298037	356	0.46842838674542053301053101677098
561	299639	357	0.46806281238638408614960439990682
564	301241	359	0.46781425735723336511995285036392
567	302844	360	0.46635568216164841048865241646126
570	304446	362	0.46649861433538342136984056196525
573	306048	364	0.46550961668361168221963453106582
576	307651	365	0.46483858943470685032295364180754
579	309253	367	0.46473876204839026371473664767109
582	310856	369	0.46280312967906289678410303167766
585	312458	370	0.4631211284254243554237007174379
588	314060	372	0.4635257656133560111300084827235
591	315662	374	0.46299384905310325688532202548231
594	317265	376	0.46151386618194312205787355196662
597	318867	377	0.46180050899419344823115807230351
600	320470	379	0.46004644097679653347299222332367
603	322072	381	0.46010682043220912929015753434214
606	323674	383	0.46106982303962079638992577201861
609	325276	385	0.46038484345435964906201320445689
612	326879	388	0.4603667832926949810001815421856
615	328481	391	0.45981500717619744333930498214613
618	330084	393	0.45954585998600455676310616581759
621	331686	395	0.45986348188896958300020401111396
624	333288	398	0.45934507151551434711578281167021
627	334891	401	0.4598638880976089193808320487733
630	336493	403	0.45909473116176324758441751328064
633	338095	405	0.45915050920708116999335857144615
636	339698	407	0.45780813600566949705950037241564
639	341300	409	0.45719614419722254261557736754185
642	342903	411	0.45635442675958420855053532250167
645	344505	413	0.45670271131279582821349549703882
648	346107	415	0.45688366319228951306641306473466
651	347709	417	0.45684281079384714274738144013099
654	349312	419	0.45713292196465998840082534115936
657	350914	421	0.45605874290320996822245547264174
660	352517	423	0.45573928951990400060267916160228
663	354119	425	0.45478012717672955389502931211609
666	355721	426	0.45440569561950538979289149210672
669	357323	428	0.4551060934195552132308648651815
672	358926	430	0.45441078092961262324678273216705
675	360528	432	0.4549425380922960671092880602373
678	362131	434	0.45493551073607280121890994450951
681	363733	436	0.45455793233041236200975276915415
684	365335	438	0.45384557364615585317579871116322
687	366938	440	0.45472610390377293798636060273566
690	368540	442	0.45423973347260621080678788530349
693	370142	444	0.45448717677742939136109612263681
696	371745	446	0.45336334771159852996547101611213
699	373347	448	0.45194506988768795574529235636874
702	374950	450	0.45171888884327399127371904796746
705	376552	452	0.45112836780877046960469556324824
708	378154	454	0.45157648112065901235823162096494
711	379756	456	0.45158761319339407735995450821065
714	381359	457	0.45063133552365181033749763628293
717	382961	459	0.44991223833565119338828708350775
720	384564	461	0.44987619689081820295584179802972
723	386166	463	0.44891773198337103778499113104772
726	387768	465	0.4481086499527658362218573984137
729	389370	467	0.44830419681365102357872842731012
732	390973	469	0.44817012505222436624663373549993
735	392575	471	0.4484502452638959302255727834563
738	394178	473	0.44811651163954446808190823503537
741	395780	475	0.44687191973028256297695293142169
744	397382	477	0.44679827523323811799826899004984
747	398985	479	0.44575248809515372050427117756044
750	400587	481	0.44583539674092759197421287353791
753	402189	483	0.44580860444697956168624841666315
756	403792	485	0.4458822011814552732644756360969
759	405394	487	0.44553294543393034965461652063823
762	406997	489	0.44544999085234660007870388653828
765	408599	491	0.44534237283593025580330504453741
768	410201	493	0.44635151965904518167604919653968
771	411803	494	0.4467621819664562843321675700281
774	413406	496	0.44700507310873427435637950111413
777	415008	498	0.44675002468558561163902709267859
780	416611	500	0.44625176327815446741809068953444
783	418213	502	0.44663299013385665547914982198563
786	419815	504	0.44621256997138769584410056268098
789	421417	506	0.44622580005873818675965480906598
792	423020	508	0.44653258371932852410779446472588
795	424622	510	0.4461478537257579368713322764961
798	426225	512	0.4464178731070049255258425091597
801	427827	514	0.44616131358220417757465270369721
804	429429	516	0.44549039470839024712489617741085
807	431032	518	0.44461808920387141386143525778607
810	432634	520	0.44452997937745619694283050193917
813	434236	522	0.44468004178496739475789922835247
816	435839	524	0.44475568810835869326680835911247
819	437441	525	0.44482847910288914050624953233637
822	439044	527	0.44435421398860031061417430464644
825	440646	529	0.44362161762206248072359926482022
828	442248	531	0.44238426928805896221064131168532
831	443850	533	0.441536724912420797117817983235
834	445453	535	0.44143428913321602902186668870854
837	447055	537	0.44047420811990400935087563993875
840	448658	539	0.44022242155247698347508844562981
843	450260	541	0.44087075913960205308939066526364
846	451862	543	0.44049301828909581679738494131016
849	453464	545	0.44028801897721886460246309979993
852	455067	548	0.43934596328648906071734359102265
855	456669	549	0.43943697612279625230868873586587
858	458272	551	0.43953330717213123790543249924667
861	459874	553	0.43999191760134820361471952310239
864	461476	555	0.43849892403991558298415043282148
867	463079	557	0.43875202101292187784054021904012
870	464681	558	0.43874289172417724191888055429445
873	466283	560	0.43891511700838881093744703321136
876	467886	562	0.43891257203581635071287792015937
879	469488	564	0.43681051935410242226254240449634
882	471091	566	0.43670255752890685396749859137344
885	472693	568	0.43655948868551869290755007568805
888	474295	570	0.43618621150468167568803323774773
891	475897	572	0.4353744726828634448168031667592
894	477500	574	0.43488914285934543446643374409177
897	479102	576	0.43504527323192421217612491091131
900	480705	578	0.43526581897675353793886188213946
