0	0	0	0.69314718055914625871594125783304
3	2241	2	0.35015907552154124093846121468232
6	4483	4	0.31002624063402012266621454728011
9	6725	7	0.29645814068783959971398189736647
12	8967	9	0.28736619759548598374010452971561
15	11209	12	0.27985426825624976077122596507252
18	13450	14	0.27321299381987124155202195652237
21	15692	16	0.26728796360594897496554267490865
24	17934	19	0.26196468189896665590410407276067
27	20176	21	0.25720211820877136865703960211249
30	22418	24	0.25293381389094365951919485269173
33	24659	26	0.24907661886827658914711491888738
36	26901	29	0.24569435958201255032484766616108
39	29143	31	0.24259708073353680735095849740901
42	31385	33	0.23983331167691912533257436734857
45	33627	36	0.23732960094675223383653417386085
48	35868	38	0.23506300524378795357982596669899
51	38110	41	0.23300759501173329280021562226466
54	40352	43	0.23114219540480807069116053753532
57	42594	46	0.22944420585078795227218506624922
60	44836	48	0.22791916025405709045337232510064
63	47077	50	0.22651215593986620544519894338009
66	49319	53	0.22522989477640775746181134309154
69	51561	55	0.22405590528352697932135129121889
72	53803	58	0.22298247395784676072594265860971
75	56045	60	0.22199793897616390547788967069209
78	58286	62	0.22110101543783788891062158654677
81	60528	65	0.22026319130839477899996836640639
84	62770	67	0.21949083371171271283905923610291
87	65012	70	0.21877708736022688507105726785085
90	67254	72	0.21811753558712337897063093805627
93	69495	74	0.21750591190031881572153338311182
96	71737	77	0.21693794210869057903501300188509
99	73979	79	0.21641035082785517462689028889145
102	76221	82	0.21591858553342507809347239344788
105	78463	84	0.21545909165726870315715757442376
108	80704	86	0.21502994882816064969865976763685
111	82946	89	0.21463221762530676484104219525761
114	85188	91	0.21425903366993390153361076500005
117	87430	94	0.21390921630431378175352108428342
120	89672	96	0.21358411704850135959254942008556
123	91913	98	0.21327700895864490360231968679727
126	94155	101	0.21299012229479266644638357774966
129	96397	103	0.21271932940888066410067835931841
132	98639	106	0.21246453350832353312860334426659
135	100881	108	0.21222515802038852128497126159345
138	103122	111	0.21199958685697495308630777799408
141	105364	113	0.21178833461453169806354424054007
144	107606	115	0.21158768960076637655198794618627
147	109848	118	0.21139798251839830856013691118278
150	112090	120	0.21121882929667412653884639439639
153	114331	123	0.21104928347451773484877435294038
156	116573	125	0.21088921673348548502247012947919
159	118815	127	0.21073733834204735893003146429692
162	121057	130	0.21059407860731163553147382572206
165	123299	132	0.21045926178042931309342122858652
168	125540	134	0.21033039176222476096533853251458
171	127782	137	0.21020820242049012560592302634177
174	130024	139	0.21009205692863000547454532807023
177	132266	142	0.20998179822717888409755460088491
180	134508	144	0.20987705396720776618302295446483
183	136749	146	0.20977734566213432354508938715298
186	138991	149	0.20968254421204110538035081390262
189	141233	151	0.20959244502742782612081384741032
192	143475	154	0.20950758824864745832883272669278
195	145717	156	0.2094266795158902794149469173135
198	147958	158	0.20934900332243877585369773441926
201	150200	161	0.20927569295442266517071061571187
204	152442	163	0.20920514181458299551863433407561
207	154684	165	0.20913754553731228602586611486913
210	156926	168	0.20907395908897638547863095936918
213	159167	170	0.20901248266195288083579839621962
216	161409	173	0.20895377764069542059210959905613
219	163651	175	0.20889765236850171836735512442829
222	165893	177	0.20884400354652526976551030202245
225	168135	180	0.2087926618364272512984314289497
228	170376	182	0.20874362438990609613931326293823
231	172618	184	0.20869681884825000417471585478779
234	174860	187	0.20865207015992764949530169360514
237	177102	189	0.20861022210565191570275089816278
240	179344	192	0.20856916994650198660110618220642
243	181585	194	0.20852991038174911730962435285619
246	183827	196	0.20849231592015299296960506580945
249	186069	199	0.20845636773001885444500658195466
252	188311	201	0.20842189088550780451392085979023
255	190553	204	0.20838886213165100369515414513444
258	192794	206	0.20835725434055454852178002056462
261	195036	208	0.20832690311315593678642699160264
264	197278	211	0.20829788101474516759381572228449
267	199520	213	0.20827001365748196159977112529305
270	201762	215	0.20824327294356104189887446409557
273	204003	218	0.20821861691108431435814907217718
276	206245	220	0.20819403139772321709166646996891
279	208487	223	0.20817043565310711095150963956257
282	210729	225	0.20814781292214443175758731285896
285	212971	227	0.20812709181730595919823656458902
288	215212	230	0.2081062692871695207763593771233
291	217454	232	0.20808624583024942777953469885688
294	219696	235	0.20806700258785942869721452552767
297	221938	237	0.20804850524471063533127335176687
300	224180	239	0.20803078888430118209562635911425
303	226421	242	0.20801373198015032928154255387199
306	228663	244	0.20799740775291644667710500016256
309	230905	247	0.20798169102633687344017232589977
312	233147	249	0.20796656196874463429224988431088
315	235389	251	0.207953026656128081572916244113
318	237630	254	0.20793905083302441361148282794602
321	239872	256	0.20792561642195697690915778821363
324	242114	258	0.2079127241743161658149574577692
327	244356	261	0.20790132000096672726385804708116
330	246598	263	0.20788939226141345262277582151
333	248839	266	0.20787795734531294700175862999458
336	251081	268	0.20786692385744207078879242089897
339	253323	270	0.20785630934349297316288129877648
342	255565	273	0.20784610587682034177348100456584
345	257807	275	0.20783629461700137142088351538405
348	260048	277	0.2078268382729218100024581872276
351	262290	280	0.20781775255073298147578952921322
354	264532	282	0.2078090110655905209391391963436
357	266774	285	0.20780157875905455600040738772805
360	269016	287	0.20779347575071083209508060463122
363	271257	289	0.20778467790704865936213252552989
366	273499	292	0.20777717325044386953436514886562
369	275741	294	0.20776994007002511088977314557269
372	277983	297	0.20776297758036757490351931210171
375	280225	299	0.20775627269506036221002887032228
378	282466	301	0.20774981408704415453136959968106
381	284708	304	0.20774359076811649282845451125468
384	286950	306	0.20773760552798853362688191737107
387	289192	308	0.20773183897857394608621461884468
390	291434	311	0.20772628576753307538815818134026
393	293675	313	0.20772094021414608255859945984412
396	295917	316	0.20771579524858166387879521153081
399	298159	318	0.20771083467138676259544638469379
402	300401	320	0.20770605511075379556729103569523
405	302643	323	0.20770145069650808311578771281347
408	304884	325	0.20769701757153721799475931675261
411	307126	327	0.20769374153371153446379082652129
414	309368	330	0.20768962387003592207079805120884
417	311610	332	0.20768566272962576957361591212248
420	313852	335	0.20768183596109446309441182165756
423	316093	337	0.20767814704918896584473486655043
426	318335	339	0.20767459699389539951042138454795
429	320577	342	0.20767117613376528950652755156625
432	322819	344	0.20766787643960005205201468925225
435	325061	346	0.20766469541266854847982870069245
438	327302	349	0.20766162783159086702156059800473
441	329544	351	0.20765867306150645466011894768599
444	331786	354	0.20765582727654394168403939602285
447	334028	356	0.20765308165955490005138983633515
450	336270	358	0.20765043710604982885037372852821
453	338511	361	0.20764788833678118895598174731276
456	340753	363	0.2076454311017159326535619356946
459	342995	365	0.20764306037499202783891405488248
462	345237	368	0.20764077616739648468602297270991
465	347479	370	0.2076385710955079288986269148154
468	349720	373	0.20763644084179350146612819116854
471	351962	375	0.20763439065681379980254916972626
474	354204	377	0.20763241403148396946320985989587
477	356446	380	0.20763050700569143924845150195324
480	358688	382	0.20762866893984588401167457050178
483	360929	385	0.2076268966597357990000460858937
486	363171	387	0.20762518565023607708397435089864
489	365413	389	0.2076235384846918941015303516906
492	367655	392	0.20762194596513136590765213895793
495	369897	394	0.20762041150017102042468764011574
498	372138	396	0.20761892943707066505609759587969
501	374380	399	0.20761750030783146514501424917398
504	376622	401	0.20761612540832516393685125422053
507	378864	404	0.20761479710626298822440105595888
510	381106	406	0.20761351405681943704806258210738
513	383347	408	0.20761327992691344657139040918992
516	385589	411	0.20761208602268885203834258845745
519	387831	413	0.20761093559820423259942856475391
522	390073	415	0.20760982440608888310862312209792
525	392315	418	0.20760875441453677248127007715084
528	394556	420	0.20760772178783487573738852915994
531	396798	423	0.2076067255445860071372266020262
534	399040	425	0.20760576445506456755296653682308
537	401282	427	0.20760483684034239382221187497635
540	403524	430	0.20760394149916228112573435282684
543	405765	432	0.20760307727872265304291943266435
546	408007	434	0.20760224378318220539441085747967
549	410249	437	0.20760143936212863136070438940806
552	412491	439	0.20760066340708546728244243695372
555	414733	441	0.20759991427664914453998790122569
558	416974	444	0.20759919072455432220714044433407
561	419216	446	0.20759849306644628796902907197364
564	421458	449	0.20759781975355373617730947444215
567	423700	451	0.20759716977772510460020782829815
570	425942	453	0.20759654292411824916264606599725
573	428183	456	0.20759593690950819966367646429717
576	430425	458	0.20759535395435671500941055001022
579	432667	461	0.20759478955088525586880621176533
582	434909	463	0.20759424581241703311462742931326
585	437151	465	0.20759372050934976616787253078655
588	439392	468	0.20759321353159879142147303809907
591	441634	470	0.20759272432953307374603468815621
594	443876	472	0.20759225203975423257318766445678
597	446118	475	0.20759179604727073797931780063664
600	448360	477	0.20759135593553049159432077885867
603	450601	480	0.20759093213990420512260470786714
606	452843	482	0.20759052144861694921829098348098
609	455085	484	0.20759012489790459876637385150389
612	457327	487	0.20758974338363297973408805319195
615	459569	489	0.20758937441110986155123896423902
618	461810	491	0.20758901798773654601149019072182
621	464052	494	0.20758867387559884476466720570897
624	466294	496	0.20758834190721650592159619463928
627	468536	499	0.20758802183122598838949102173501
630	470778	501	0.20758771255387956089499823519873
633	473019	503	0.20758741424000717867848209152726
636	475261	506	0.20758712555984779046802657376247
639	477503	508	0.20758684694960119476725424192409
642	479745	510	0.20758657829952664730654987579328
645	481987	513	0.20758631846039982127294365454873
648	484228	515	0.20758606766343407068475812593533
651	486470	517	0.20758582636237946084101224641927
654	488712	520	0.20758559276910842905650156353659
657	490954	522	0.20758536693347257040542785944126
660	493196	525	0.20758514893600144013419139810139
663	495437	527	0.2075849385704183203138484259398
666	497679	529	0.20758473547479081022792968269641
669	499921	532	0.20758453901967502397418741111323
672	502163	534	0.20758434951937096424323669907608
675	504405	536	0.20758416656162237412530657820753
678	506646	539	0.20758398957186152689047275998746
681	508888	541	0.20758381873596501443479667159409
684	511130	544	0.20758365408228030002391051311861
687	513372	546	0.2075834946181420725963562290417
690	515614	548	0.20758334056232718989321028857375
693	517855	551	0.20758319208375952680256659732549
696	520097	553	0.20758304868219362715464626489847
699	522339	555	0.20758291023845151790361285293329
702	524581	558	0.20758277638167557666015738959686
705	526823	560	0.20758264678694154925508996711869
708	529064	563	0.2075825216856446164825911182561
711	531306	565	0.20758240110283207591201914965495
714	533548	567	0.20758228472781017903692202253296
717	535790	570	0.20758217212496765657903097235248
720	538032	572	0.20758206344523991160322395899129
723	540273	574	0.20758195858162287184001115747378
726	542515	577	0.20758185712797624922210104614351
729	544757	579	0.20758175936253467352976542770193
732	546999	582	0.20758166465206748241278944533406
735	549241	584	0.20758157320039122284427435261023
738	551482	586	0.20758148482842350701638167720375
741	553724	589	0.20758139944962944456463560527482
744	555966	591	0.20758131704029114672493960824795
747	558208	593	0.2075812372991941712196961589143
750	560450	596	0.20758116027858680707751659610949
753	562691	598	0.20758108578704212443533094756276
756	564933	600	0.20758101393673139556383944182016
759	567175	603	0.20758094448129271736291912020533
762	569417	605	0.20758087730266097659104218564607
765	571659	608	0.20758081247791090873100472435908
768	573900	610	0.20758074989496821949330751522211
771	576142	612	0.2075806892361858335682711640402
774	578384	615	0.20758063065762891175047855085722
777	580626	617	0.20758057409967456408139696577564
780	582868	619	0.20758051948985750678744466313219
783	585109	622	0.20758046664752946575127623418666
786	587351	624	0.20758041553607148310689467507473
789	589593	627	0.20758036619643602249674074755603
792	591835	629	0.20758031858477918318861554780597
795	594077	632	0.2075802724735502646780105351354
798	596318	634	0.20758022792299563041851229172607
801	598560	636	0.20758018491103893965465942983428
804	600802	639	0.20758014333352317604131087591668
807	603044	641	0.20758010313839622695830655629834
810	605286	643	0.20758006429495079459002226940356
813	607527	646	0.2075800267988927583218128347653
816	609769	648	0.20757999049346004261096254595031
819	612011	650	0.20757995548428698207032994105248
822	614253	653	0.20757992159819180222335432972613
825	616495	655	0.2075798888045259915635654124344
828	618736	658	0.2075798571181111662475871071365
831	620978	660	0.20757982646584671737599592233892
834	623220	662	0.20757979683092100953167857824155
837	625462	665	0.20757976831221877644928497375076
840	627704	667	0.20757974063726417068842522439809
843	629945	669	0.20757971386614254560853964903799
846	632187	672	0.20757968798410086908035054875654
849	634429	674	0.20757966298890540013388772422331
852	636671	677	0.20757963884130445353370930661185
855	638913	679	0.2075796154796953341126197756239
858	641154	681	0.20757959293569802627921205839812
861	643396	684	0.20757957104487961830230347004544
864	645638	686	0.20757954990228999481161054063705
867	647880	688	0.20757952946862037735265005267138
870	650122	691	0.20757950972686708968062418989575
873	652363	693	0.20757949064979150377574512731371
876	654605	696	0.20757947214701633065203623118578
879	656847	698	0.20757945426177046299720529987098
882	659089	700	0.20757943700084782734371913193172
885	661331	703	0.20757942027092898817919319753855
888	663572	705	0.20757940408754604888486028357875
891	665814	707	0.207579388393937941392763946169
894	668056	710	0.20757937321626751536740584924701
897	670298	712	0.20757935857966025583465352610801
900	672540	715	0.20757934437987252129786952536961
