0	0	0	0.69314718055914625871594125783304
3	1437	19	0.32982339911730595982675140476204
6	2875	38	0.31053365406167149354033085728588
9	4313	58	0.29764310546696121084764286024438
12	5756	78	0.29041651266897816618950400879839
15	7194	97	0.28060902605638338158655642473605
18	8632	117	0.27552991082714833881439631113608
21	10070	137	0.26750461875845710224552931322251
24	11507	156	0.2635351383779275247221107747464
27	12945	176	0.25699650115582750586895599553827
30	14383	195	0.25371395263237700445912992108788
33	15820	215	0.24868483396508223037812967959326
36	17258	234	0.2460104784536708277808969569378
39	18696	254	0.24194691740522231149235210523329
42	20133	274	0.23972825647681864080773550540471
45	21577	294	0.23654481711423996914689382720098
48	23021	313	0.23474135271985635542435488787305
51	24459	333	0.23225354622594640563448820103076
54	25897	353	0.2307749191853660231110723088932
57	27334	372	0.2287261807439868732672039186582
60	28772	392	0.22750026666240419359610314131714
63	30210	412	0.22580196554879075621080630753568
66	31647	431	0.22477971589653913953021913130215
69	33085	451	0.22342744498724340096451612680539
72	34523	470	0.22249871634675455478458161451272
75	35960	490	0.22144592452288516803982076908142
78	37398	509	0.2206202557479867154555108754721
81	38836	529	0.21975618149546002899619168147183
84	40274	549	0.21902342100782731804109459972096
87	41711	568	0.21830096548254612764949911252188
90	43149	588	0.21768230580214248393033926731732
93	44587	607	0.21709007439301319930535782987135
96	46024	627	0.21654178551923292106451413019386
99	47462	647	0.21603197691729636442659057138371
102	48900	666	0.21556342413496526466687441825343
105	50337	686	0.21513551297403643580707921501016
108	51775	705	0.21472295462518406483631849823723
111	53213	725	0.21435239516634779777248809295997
114	54651	744	0.21398844684170928442945580627566
117	56088	764	0.21371550467216898772093713887443
120	57526	783	0.21334110595947092248181320428557
123	58964	803	0.21308372916208948022465108351753
126	60408	823	0.2127756627824035351448372921368
129	61845	842	0.21257863465689533222224838482362
132	63283	862	0.21225076632613901206347861716495
135	64721	881	0.21212984990976901933379394904478
138	66158	901	0.21180262819487130632190030610218
141	67596	920	0.21171923844753626209325148010976
144	69034	940	0.21141796836141035775824548181845
147	70471	959	0.21134086829637835358575159716565
150	71909	979	0.21107156506455052036308472906967
153	73347	998	0.21101255387852410616567055967607
156	74785	1018	0.21076502317126283303494460596994
159	76222	1037	0.21073880492181498724768573538313
162	77660	1057	0.21048412682885067614968477300863
165	79098	1076	0.21044219290985100023760878684698
168	80535	1096	0.21024338773433864924200520363229
171	81973	1115	0.21021880473025145175114403173211
174	83411	1135	0.20999756440687633585184812545776
177	84848	1154	0.21002975828171219219164811420342
180	86286	1174	0.20980405200372842511313820068608
183	87724	1193	0.20982088610080926183165672682662
186	89162	1213	0.20962719233279974995198813303432
189	90599	1232	0.20966415414189265575828358123545
192	92037	1252	0.20944592734403619238570115612674
195	93475	1271	0.20950598959214436489695287946233
198	94912	1291	0.20931372182220453481704680598341
201	96350	1310	0.20935752157604078926844692887244
204	97788	1329	0.20919352391884077357886440040602
207	99225	1349	0.20919873522199322612991068126576
210	100663	1368	0.20907562361016046592609995968814
213	102101	1388	0.20911282374248885140843867702642
216	103539	1407	0.20895033479362043471461163335334
219	104976	1427	0.20900267702740873976274826873123
222	106414	1446	0.20884057015885990060688470748573
225	107852	1465	0.20888643873526366312454172202706
228	109289	1485	0.2087560586497727022070591829106
231	110727	1504	0.20879306318642931739049117823015
234	112165	1524	0.20867208661344732734121976136521
237	113602	1543	0.20873275066652355325125256513275
240	115040	1563	0.20857520826728204177413772413274
243	116478	1582	0.20866713438064632413215804263018
246	117916	1602	0.20850265605708989680167064761918
249	119353	1621	0.20859183547179971363050299260067
252	120791	1641	0.20843413873857585816296023040195
255	122229	1660	0.20852156102237404122767827630014
258	123666	1679	0.20838128086544849271177781702136
261	125104	1699	0.20846764986710267231195814474631
264	126542	1718	0.20832615104964891106220647998271
267	127979	1738	0.20838872353380197277594731986028
270	129417	1757	0.20829753440785522822231712325447
273	130855	1777	0.20832526127101771984406752835639
276	132293	1796	0.20823633586402112705115996504901
279	133730	1816	0.20827564609414797591746548732772
282	135168	1835	0.20819358674651658458465419698769
285	136606	1855	0.20825635475528633810959888705838
288	138043	1874	0.20812880822278764791910532494512
291	139481	1894	0.20823715549103330446634174677456
294	140919	1913	0.208101571615571745432760053518
297	142356	1933	0.20819041633063486984589474104723
300	143794	1952	0.20807830172764435472387845038611
303	145232	1972	0.20817795417192774820591694151517
306	146670	1991	0.2080378191831821210744379868629
309	148107	2010	0.20811297393965155766437646889244
312	149545	2030	0.20802649616439319868455015694053
315	150983	2049	0.20807961357614357389422821142944
318	152420	2069	0.20800567172894379730507807835238
321	153858	2088	0.20805708762665736655250725561928
324	155296	2108	0.20797333508714641037151693581109
327	156733	2127	0.2080395158422847778911801697177
330	158171	2147	0.20794321192733394854101902637922
333	159609	2166	0.20803288876779221783230866549275
336	161047	2186	0.20791941804977115415553612365329
339	162484	2205	0.20800649856843009266604838103376
342	163922	2225	0.20790791776287381731336267876031
345	165360	2244	0.20799042531489184137960535281309
348	166804	2264	0.20789430545397796779027999036771
351	168241	2283	0.2079205330381105054637913553961
354	169679	2303	0.20788679000339896352222979203361
357	171117	2322	0.20794273646586866610697086343862
360	172554	2342	0.20786080190123593092188514219743
363	173992	2361	0.2079371441644966844730646471362
366	175430	2381	0.20784189646274586760199554191786
369	176867	2400	0.20793084305856351923225133759843
372	178305	2419	0.2078181480198465214126457567545
375	179743	2439	0.20791154711927853360187157250039
378	181181	2458	0.20783114915308145698169539627997
381	182618	2478	0.20791090676346804522189870567672
384	184056	2497	0.20781662931465211263670767039002
387	185494	2517	0.20790214551441338342030462627008
390	186931	2536	0.20779116601344088666181164626323
393	188369	2555	0.20789347206249006450029526149592
396	189807	2575	0.2077966529080624014103051422353
399	191251	2595	0.20784791334777372173725495940744
402	192688	2614	0.20780179679946969573123283225868
405	194126	2634	0.20785033082352380451318651921611
408	195564	2653	0.20777801574409024421008496119612
411	197001	2673	0.2078378720345954999704218835177
414	198439	2692	0.2077816351861508370468811790488
417	199877	2712	0.20784084623510321043760029624536
420	201314	2731	0.20775209082656595493965312471119
423	202752	2750	0.20783026257603368081028349934058
426	204190	2770	0.20775944546503777310419991408708
429	205628	2790	0.20783822337874707786298245082435
432	207065	2809	0.20773092632923087497154313041392
435	208503	2829	0.20783690669112725446510125948407
438	209941	2848	0.20772975582566102770165628044197
441	211378	2867	0.2078357705082845285904369347918
444	212816	2887	0.20773424554515770856788492437772
447	214254	2906	0.20783563738386498509491673303273
450	215691	2926	0.20772033981397494684095761385834
453	217129	2945	0.20781722321790713214895163218898
456	218567	2965	0.20773311937955502015640263380192
459	220005	2984	0.20779171638706128710794018843444
462	221442	3003	0.20773953462070748887668969473452
465	222880	3023	0.20780152523527187224949841493071
468	224318	3042	0.20772018144769496816870457678306
471	225755	3062	0.20776893909781535274561292681028
474	227193	3081	0.20773364978538702563248818933062
477	228631	3101	0.20777753076682883848214089539397
480	230068	3120	0.20772113077706416683909651510476
483	231506	3140	0.2077549275484736335251056971174
486	232944	3159	0.20771411585892429751964982642676
489	234382	3178	0.20777141273162408330321682115027
492	235819	3198	0.20770543456244575097890958659264
495	237257	3217	0.20777942692476314423544181408943
498	238695	3236	0.20770798971451612247030027447181
501	240132	3256	0.20777013262928523129602353947121
504	241570	3275	0.20770466105136820011978215916315
507	243008	3295	0.20776464518721091123687472190795
510	244445	3314	0.20772168869050125494801761760755
513	245883	3334	0.20775724234469891693599663540226
516	247327	3354	0.20771621603660547772385314146959
519	248765	3373	0.20775242137988153556804604704666
522	250202	3393	0.20770347058595825529003775500314
525	251640	3412	0.2077505165745013593348033964503
528	253078	3431	0.20770026855768605744678723112884
531	254516	3451	0.20775734154703928702190296462504
534	255953	3470	0.20768697717428477589329816055397
537	257391	3490	0.20775275242961777077965734861209
540	258829	3509	0.20768461935467558143741939602478
543	260266	3529	0.20776744249744283354885965309222
546	261704	3548	0.20769961812305109960519189371553
549	263142	3568	0.20776758002010023429484419921209
552	264579	3587	0.20769299975506264055447047667258
555	266017	3607	0.20774467436726223867893281749275
558	267455	3626	0.20768458788070837117700762064487
561	268899	3646	0.20775392120748562008181181681721
564	270336	3665	0.20770052280660508681187081947428
567	271774	3685	0.20773679912238326994433634808956
570	273212	3704	0.2077009445618541172429161179025
573	274649	3724	0.20773894436968751153749224158673
576	276087	3743	0.20768206435211958305053769890947
579	277525	3762	0.20776490430145508336856607911614
582	278963	3782	0.2076858495465484788500276636114
585	280400	3802	0.20775906291283310900475100879703
588	281838	3821	0.20767169880233307677208642871847
591	283276	3840	0.20776246982281387776225756169879
594	284713	3860	0.20769801558048794909439038747223
597	286151	3879	0.20773751747717836280138214988256
600	287589	3899	0.20769636006458994104129089919297
603	289026	3918	0.20774797797254732079075267847657
606	290464	3938	0.20768120482631671763762426508038
609	291902	3957	0.20771868880512195376653039602388
612	293340	3977	0.20770969020865831522471012249298
615	294777	3997	0.20773285599188892613931045616482
618	296221	4016	0.20768336349635035942284844168171
621	297659	4035	0.20773696792931159449402400696272
624	299097	4055	0.20769776820453447752079512156342
627	300540	4074	0.20771660680205952798083046673128
630	301978	4094	0.20770022218401559821465696131781
633	303416	4113	0.20774216805620174253199650138413
636	304854	4133	0.20768038013804887564894841034402
639	306291	4152	0.20773453396803034931572540244815
642	307729	4172	0.20769143034329309860375190055493
645	309167	4191	0.20771776170559630436684983578743
648	310604	4210	0.2077066872594234003823743250905
651	312042	4230	0.20771899054889106372989715509902
654	313480	4249	0.20769962759631507842605913083389
657	314917	4269	0.20770890372154235392621046685235
660	316355	4288	0.20770243070153301956359825908294
663	317793	4307	0.207725949050474201218463576879
666	319231	4327	0.20769410250784089977393875869893
669	320674	4346	0.20773706955098492077382843490341
672	322112	4366	0.20769711115357311626006264759781
675	323550	4385	0.20773058903851041034904767457192
678	324987	4405	0.20770369212757611165898197214119
681	326425	4424	0.20770053531655310874448616687005
684	327863	4443	0.2077003586435737236826071239193
687	329301	4463	0.20770629843584331730710346164415
690	330744	4483	0.20769784851925504609582162629522
693	332182	4502	0.20771918040967721208467366977857
696	333620	4522	0.20769800274817734608845398724952
699	335058	4541	0.20773812361223362166207095924619
702	336495	4561	0.2076738637810835730324043879591
705	337939	4580	0.20772670312568394801466808985424
708	339377	4600	0.20769269959726263663490897215524
711	340814	4619	0.20774135809481861225656018632435
714	342252	4639	0.20767494240412875949886029047775
717	343690	4658	0.20774891434193215600245707719296
720	345128	4678	0.20767424872632772592240257836238
723	346565	4697	0.20772512646608731756714405491948
726	348009	4717	0.20769222485563137992059523639909
729	349447	4736	0.20773777487668285135491430537513
732	350885	4756	0.20767636787021087618754222603457
735	352322	4775	0.20771480908628822681372128045041
738	353760	4794	0.20769750361846656128150812037347
741	355198	4814	0.20771677672015090299062478607084
744	356635	4833	0.20769342229166179447652496037335
747	358073	4853	0.20771586688227092198921752697061
750	359511	4872	0.20769166829216159642079730929254
753	360948	4892	0.2076982106952888762485542883951
756	362386	4912	0.2077007153142760020880785987174
759	363824	4931	0.20771216590012400726728003519383
762	365262	4951	0.20770372688131277794099105449277
765	366699	4970	0.20770662808568748913806700784335
768	368143	4990	0.20768217974696795424804918184236
771	369581	5009	0.20773562876718820735533199695055
774	371019	5029	0.20766688660075668937388115864451
777	372462	5049	0.20776425649912386162121435972949
780	373906	5068	0.2076756347722034656833045573876
783	375344	5087	0.20774238868148550696268728188443
786	376782	5107	0.20769701716001454094850942055928
789	378219	5126	0.20772209774615105204453868736891
792	379657	5145	0.20769773866889906788202324605663
795	381095	5165	0.20772845789516045100775443188468
798	382532	5184	0.20767653482554410127036703670456
801	383970	5204	0.20775468660345958182844583461701
804	385408	5224	0.20767921985392612249654575862223
807	386846	5243	0.2077376146744034368651909971959
810	388283	5263	0.20767725374738643662198001038632
813	389721	5282	0.20774905930951356736180457573937
816	391159	5302	0.20768257850563190403114788296079
819	392602	5321	0.20773073461163388264694162899104
822	394040	5340	0.20768986551358714631732027555699
825	395478	5360	0.20773849211421491212092860223493
828	396916	5379	0.20767773379968471059164869529923
831	398353	5398	0.20774461252541087663558982967515
834	399791	5418	0.20768808433784058387061577377608
837	401229	5437	0.20771610760773101533871454194013
840	402666	5457	0.20768200687129703685407378088712
843	404104	5476	0.20771824003833322391798787975858
846	405542	5495	0.20769413269129494148401704478601
849	406979	5515	0.20772443254727884776045243597764
852	408417	5534	0.20767770277518551869100349449582
855	409855	5554	0.20774608685042636468942589544895
858	411293	5573	0.20766644897875247144369836860278
861	412730	5593	0.20775034427133590164693544011243
864	414168	5612	0.20768127141214298703175700211432
867	415606	5632	0.20771454957878401903492715518951
870	417043	5651	0.20770848306247460812734573210037
873	418481	5670	0.20772949462094203454398666508496
876	419919	5690	0.20769229092629809541037388953555
879	421356	5709	0.20773301123678300506014693382895
882	422794	5729	0.20767522725236442493468302927795
885	424244	5749	0.20772588429464086678954970466293
888	425682	5768	0.20767285449044126099948925912031
891	427120	5787	0.20774873085296399755073082360468
894	428557	5807	0.20767721054268142855114831490937
897	430001	5826	0.20774693458439560944661650410126
900	431439	5846	0.20766200831952325023266325842997
