0	0	0	0.69314718055914625871594125783304
3	1102	0	0.35265968541420156245891348589794
6	2204	0	0.31526120404700996857627615099773
9	3307	0	0.30022655718102059241303436465387
12	4409	0	0.29263303454335376496686649261392
15	5512	0	0.2821328393462778083566888653877
18	6614	1	0.27684280839547731334349123244465
21	7716	1	0.26826183082144217095788008009549
24	8819	1	0.26436851548756823415686767475563
27	9921	1	0.2576815864282053225586821554316
30	11024	1	0.25441148658484291633641305452329
33	12126	1	0.24923358334539494340909016045771
36	13229	2	0.24646309322569889821430422216508
39	14331	2	0.24238159944444961912957126060064
42	15433	2	0.24038541987763881180306668738922
45	16536	2	0.23697091338939385574136053946859
48	17638	2	0.23519412261594330182390422123717
51	18741	3	0.23266299463621945009528246828268
54	19843	3	0.23115842793891985818000023300556
57	20945	3	0.22915195371551766445605835542665
60	22048	3	0.22776253336636342883281258764328
63	23150	3	0.22622333752060305722686450735637
66	24253	3	0.22507551642519085799420963667217
69	25355	4	0.2237503859007958229021539864334
72	26458	4	0.22284772764027532820918509059993
75	27560	4	0.22165174772860510299388181465474
78	28662	4	0.22090807517678232030355900405993
81	29765	4	0.21996793683929796725529115519748
84	30867	5	0.2193077208781069042942135638441
87	31970	5	0.21869537328920546359611876141571
90	33072	5	0.21789499210352830660397671636019
93	34175	5	0.21743362728249063242635941151093
96	35277	5	0.21677530084049248526589792618324
99	36379	5	0.21625075887312969480369417851762
102	37482	6	0.21575391536978227868814883549931
105	38584	6	0.21525911366595520957112341875472
108	39687	6	0.21497691151493728001220517853653
111	40789	6	0.21452615811160799519363706622244
114	41891	6	0.21411208906407405705429880526935
117	42994	7	0.21392336645024201402520702686161
120	44096	7	0.21344891453791198232536885370791
123	45199	7	0.21319831074950104654597282660689
126	46301	7	0.21288117596238956275023213038367
129	47404	7	0.21263862329432614561852687984356
132	48506	7	0.21235315889131628486197200800234
135	49608	8	0.21218995749933422523270110104932
138	50711	8	0.21189772988543342790990209323354
141	51813	8	0.21186254482404701104947264411749
144	52916	8	0.21148326483461221680926200860995
147	54018	8	0.21155536829103752105574187680759
150	55121	8	0.21112409391132874736385360847635
153	56223	9	0.21107061706076532536791034999624
156	57325	9	0.21083343451438044113821490554983
159	58428	9	0.2107426803323138309043116578323
162	59530	9	0.21057959305791135173890893383941
165	60633	9	0.21052529006435519165485459325282
168	61735	10	0.21028816530309737964365979223658
171	62837	10	0.21021086027680027652486671740917
174	63940	10	0.21014470232568507879200581101031
177	65042	10	0.20997712491558775949052062514966
180	66145	10	0.20998727928875299264532827692165
183	67247	10	0.2098452416158348987629267412558
186	68350	11	0.20963434421158105847027286472439
189	69452	11	0.20983715398183161449097156037169
192	70554	11	0.20945378279316195779813369881595
195	71657	11	0.2095868373891758285054720545304
198	72759	11	0.2093160744528943795206288314148
201	73862	11	0.20944748715939789929230130383075
204	74964	12	0.20915781079250825302828786789178
207	76066	12	0.20946327938484940456298488697939
210	77169	12	0.20905071464155827731801196023298
213	78271	12	0.20922495716016689670802009004547
216	79374	12	0.20895928269032540414151810637122
219	80476	13	0.20903229752294572030280050967121
222	81579	13	0.20885817942805828817398605679045
225	82681	13	0.20901958642257831288979730288702
228	83783	13	0.20874910362713555711522417368542
231	84886	13	0.20877314859353365839034211148828
234	85988	13	0.20874418208983858136207345523871
237	87091	14	0.20864453550649436630592958863417
240	88193	14	0.2086035963683605665153208974516
243	89296	14	0.20864122565465281766705629706848
246	90398	14	0.2085902347922106714328549514903
249	91500	14	0.20854654905961689248528045936837
252	92603	14	0.20847765270476911747543624642276
255	93705	15	0.20859994549812876929451022078865
258	94808	15	0.20838618308391071431984187256603
261	95910	15	0.2085268840044101623654171362432
264	97012	15	0.20834004591032603825873081859754
267	98115	15	0.20841331512450780860667975957767
270	99217	16	0.20827456569409222297828421233135
273	100320	16	0.20839298471138598123353347091324
276	101422	16	0.20822428543708482173713036900153
279	102525	16	0.20841475570148046414509224177891
282	103627	16	0.20820932116249915577732565452607
285	104729	16	0.20833697509537768555176739937451
288	105832	17	0.20816822238845719694744218486449
291	106934	17	0.20826181611962499284906868979306
294	108037	17	0.20808597434888914667894255217107
297	109139	17	0.20829907262730343320278336705087
300	110242	17	0.20810066827823403556863013363909
303	111344	18	0.20815658119730684472159509823541
306	112446	18	0.20806190218560327576113877512398
309	113549	18	0.20821723133437541886081589836976
312	114651	18	0.20806468056296786861558700820751
315	115754	18	0.20812067466051964448325861667399
318	116856	18	0.20805540458547142068645996459963
321	117958	19	0.20803454863846113087610945058259
324	119061	19	0.20804956212777048207840380200651
327	120163	19	0.20800127045830418826000141052646
330	121266	19	0.20801867367667398189823302345758
333	122368	19	0.2080359961649564659591504778291
336	123471	19	0.20796261805842430891999583764118
339	124573	20	0.20798885937963490500024477114493
342	125675	20	0.20795770453992878934457166906213
345	126778	20	0.20793963869199111327290552253544
348	127880	20	0.20801447972560663246532897119323
351	128983	20	0.20795073286258197731157792986778
354	130085	21	0.20794700265328813770793203730136
357	131187	21	0.20793250212373889929118320196721
360	132290	21	0.20791496017395263984361974962667
363	133392	21	0.20793866957049897403742022561346
366	134495	21	0.20784026075692393908944666236494
369	135597	21	0.20799017498677629944836553477217
372	136700	22	0.20781757493096172928481735198147
375	137802	22	0.20799368394473422005930274281127
378	138904	22	0.20783841213375001122365404171433
381	140007	22	0.2079215158998952706070895146695
384	141109	22	0.20782630555129050220486419675581
387	142212	22	0.2078534591800570707764705957743
390	143314	23	0.20782914394690052417580261590047
393	144417	23	0.20795162935158803541035865691811
396	145519	23	0.20782825981163355333336539843003
399	146621	23	0.20777569685512106700819856541784
402	147724	23	0.20794934390021216352728572474007
405	148826	24	0.2077958029030693987149192025754
408	149929	24	0.20786974191715765214460986953782
411	151031	24	0.20782218874730673530137892157654
414	152133	24	0.207733209348123754045545297231
417	153236	24	0.20794567123767548899593293754151
420	154338	24	0.2077390864660835778643388493947
423	155441	25	0.20779550204472030383584524315665
426	156543	25	0.20782007084980491651293732502381
429	157646	25	0.20786367370540340115958599653823
432	158748	25	0.20776373289271835020919354519719
435	159850	25	0.20776271082047859106722853539395
438	160953	25	0.20772842387590212398507105717727
441	162055	26	0.20792593778951615202110758673371
444	163158	26	0.20771421857788022191648735770286
447	164260	26	0.20787344585053199597091122541315
450	165363	26	0.20772705347489758831436290620331
453	166465	26	0.2079224431099842562709056892345
456	167567	27	0.20771520678585150831985117747536
459	168670	27	0.20782800859305747276373210752354
462	169772	27	0.20774511855120952885656038233719
465	170875	27	0.20782727818407500941511045766674
468	171977	27	0.20774921866032472483887261205382
471	173079	27	0.20779140403415397031494649127126
474	174182	28	0.20776994703243556461558227965725
477	175284	28	0.20776095962283006035598020844191
480	176387	28	0.20781774815196643602099868530786
483	177489	28	0.20768382621412626032331161241018
486	178592	28	0.20798014491758215482875016277831
489	179694	28	0.20771805340621882218776761419576
492	180796	29	0.20781595964400159659568601000501
495	181899	29	0.20771664399118663912879867439187
498	183001	29	0.20778311814199051932305906120746
501	184104	29	0.20779884872409210005983482005831
504	185206	29	0.207752631523396152912752654629
507	186308	30	0.20780928440884122165854819286324
510	187411	30	0.20769750944739726050691785985691
513	188513	30	0.20782110879030640804288054823701
516	189616	30	0.20771372044843255944002180513053
519	190718	30	0.20772414361870783494623537990265
522	191821	30	0.20776955323097187622316539545864
525	192923	31	0.20769924748448209683715504070278
528	194025	31	0.20775109497338681285860673142452
531	195128	31	0.20782112132260618930779116908525
534	196230	31	0.20773092145474181258180124132195
537	197333	31	0.20778946843137338640339351059083
540	198435	31	0.20771911687240304789092704140785
543	199538	32	0.20771660959010770919341837270622
546	200640	32	0.20773934903240487415132520254701
549	201742	32	0.20768038738725161373999128500145
552	202845	32	0.20772606416276975793699932637537
555	203947	32	0.20782310761593650316747527995176
558	205050	33	0.20772290723457847994026792548539
561	206152	33	0.20776063132224639740108784735639
564	207254	33	0.20773450426416287251107917199988
567	208357	33	0.20777749936564030019958693173976
570	209459	33	0.20773892837542501377257053718495
573	210562	33	0.2078021812061153772432930963987
576	211664	34	0.20769729684232976496538469746156
579	212767	34	0.20776198477088816951585670267377
582	213869	34	0.20775049878499721178748416150484
585	214971	34	0.20776200446803558263830780106218
588	216074	34	0.20772909249828827582540213825268
591	217176	35	0.20777817224975472787384944695077
594	218279	35	0.20776157077159077002370679565502
597	219381	35	0.20777912501090767261047176361899
600	220484	35	0.20767318088043096313555224696756
603	221586	35	0.20778220338768876862545198491716
606	222688	35	0.20766915021647078254396490137879
609	223791	36	0.20781686177818772809366976161982
612	224893	36	0.20768494733641523763978398164909
615	225996	36	0.20776050855455541199745539415744
618	227098	36	0.2077009818532085105857731832657
621	228200	36	0.20776165949608516037017125199782
624	229303	36	0.20767761977274612483768123638583
627	230405	37	0.20781605435290761985100971287466
630	231508	37	0.20764649162280404692815238831827
633	232610	37	0.2077912933071614232094503904591
636	233713	37	0.20767748253298345950668135628803
639	234815	37	0.20768574160706157472056077040179
642	235917	38	0.20776603075222785377285106278578
645	237020	38	0.20768606739088285584315940468514
648	238122	38	0.20772168224866255359373212741048
651	239225	38	0.20770543435288005285066503802227
654	240327	38	0.20769272300540073117325334806083
657	241429	38	0.20776424452179889645897503669403
660	242532	39	0.20767201543407218244929879347183
663	243634	39	0.20775974468224750468792194624257
666	244737	39	0.20770164026293569392578319821041
669	245839	39	0.20774057584064073433971486792871
672	246942	39	0.20773220319234550479414735946193
675	248044	39	0.20768504225671652330120764418098
678	249146	40	0.2077752010097123347431846696054
681	250249	40	0.2076899548105683723786540895162
684	251351	40	0.2077951998804526689834659691769
687	252454	40	0.20765357065977252393196295088273
690	253556	40	0.20771297200069466226679537612654
693	254659	41	0.20780715430736809712364276947483
696	255761	41	0.20770507945273786187811992931529
699	256863	41	0.20772745969751305050721157385851
702	257966	41	0.20776394239148995857213719773426
705	259068	41	0.20772150413205095476065764614759
708	260171	41	0.20776314359458050717854860067746
711	261273	42	0.20770588883146565151172069363383
714	262375	42	0.20775209179729434150196709651937
717	263478	42	0.20772577523066243498917060605891
720	264580	42	0.20773637226134863964510657297069
723	265683	42	0.20770213023233582982918221659929
726	266785	42	0.207696797493819057534025773748
729	267888	43	0.20771978105807259451509594327945
732	268990	43	0.20772046592010495746905007763417
735	270092	43	0.20773355945209176498522651854728
738	271195	43	0.20766573873336774402886817370018
741	272297	43	0.20774619736965033167663818858273
744	273400	44	0.20770302322517261717216285887844
747	274502	44	0.20777315679044502938488392373984
750	275605	44	0.20764110783037145746554585912236
753	276707	44	0.20781136489722618065911774465349
756	277809	44	0.20763089084821229057808977813693
759	278912	44	0.20788194326683384627330042349058
762	280014	45	0.20763596037474765787500530223042
765	281117	45	0.20787660825639736605907614830357
768	282219	45	0.2076708505687280825746654500108
771	283321	45	0.20779441139392576531896850156045
774	284424	45	0.20764774436091387732616908579075
777	285526	45	0.20781428888811287469806643457559
780	286629	46	0.2077058699165638955275170474124
783	287731	46	0.20778008127796701587364225360943
786	288834	46	0.20770105524674181696198616009497
789	289936	46	0.20766598649821543798310585771105
792	291038	46	0.20778730725321173378183914337569
795	292141	47	0.20764705289397919485416821316903
798	293243	47	0.20784299920235815850588778630481
801	294346	47	0.20769355824799254350843114025338
804	295448	47	0.2077304124030136533995971603872
807	296550	47	0.20776638038756567450349166392698
810	297653	47	0.20771117187257887026774483274494
813	298755	48	0.20780308861503332673592581159028
816	299858	48	0.20766310371663324052526888863213
819	300960	48	0.2076899673353719277812956534035
822	302063	48	0.20775181971123096724696210912953
825	303165	48	0.20768403413337038765362763115263
828	304267	48	0.20775743497993620634289868576161
831	305370	49	0.20762254865410859072660798574361
834	306472	49	0.20783847242399841603877064244443
837	307575	49	0.20770406223381510102399261086248
840	308677	49	0.20771036115049318349079499057552
843	309780	49	0.20765277762965847485610026978975
846	310882	50	0.20766096193779282064184599221335
849	311984	50	0.20775391043255178602500166107347
852	313087	50	0.20772654992221445402478252617584
855	314189	50	0.20770044928828448882462964775186
858	315292	50	0.20775683334887573572302699176362
861	316394	50	0.20773631516618415449038081987965
864	317496	51	0.20768609666908535715812433863903
867	318599	51	0.20772352581552255834651532495627
870	319701	51	0.20770913560312320722545109674684
873	320804	51	0.20770506765228485823726600756345
876	321906	51	0.20774297652282372461662873774912
879	323009	51	0.20776894515088104031796945037058
882	324111	52	0.20771226031309023007942471394927
885	325213	52	0.20777812822610849941007415964123
888	326316	52	0.20769734076133905542604907168425
891	327418	52	0.20776189097210265299686682283209
894	328521	52	0.20770953515168030789617148457182
897	329623	53	0.20765732925632382488423388622323
900	330726	53	0.20773762296190076415136616105883
