0	0	0	0.69314718055914625871594125783304
3	1268	9	0.33288943151998706682093143172096
6	2537	19	0.30803011008700537098903282640094
9	3806	29	0.29607540999071257914465604699217
12	5074	38	0.28939969639658774669399576850992
15	6343	48	0.27939728450809819815248147278908
18	7612	58	0.27462884678165755403256298450287
21	8881	67	0.26673213590832273167663402091421
24	10149	77	0.2628626021906690923835014928045
27	11418	87	0.256506407495304455945728250299
30	12687	96	0.25335417915090580054382485286624
33	13956	106	0.24827442717258335624919141082501
36	15224	116	0.24567915022873021424487660624436
39	16493	125	0.24178064010886868295813201257261
42	17762	135	0.23968175182264001010778997624584
45	19031	145	0.23656292706978720996602305604029
48	20299	155	0.23478197601901548696723409648257
51	21568	164	0.23224989177344890212140171570354
54	22837	174	0.230827806053172684963570304717
57	24106	184	0.22878196601284378486340642666619
60	25374	193	0.22757333451776790012033302446071
63	26643	203	0.22591987918657077671902300153306
66	27912	213	0.22485556394429390136835422708828
69	29181	222	0.22356201681469872744045801482571
72	30449	232	0.22262493692014365120890317939484
75	31718	242	0.22158618129819537823088637651381
78	32987	251	0.22076216181366087321080726724176
81	34255	261	0.21988959079494962978174044110347
84	35524	271	0.21920166893023654286487555964413
87	36793	280	0.21846564097707976692674947116757
90	38062	290	0.21786083421815233274188017276174
93	39330	300	0.2172559130825811035681027760802
96	40599	309	0.21668551379569678250192055202206
99	41868	319	0.21623324375197716662455604819115
102	43137	328	0.21571669416014147002691458965273
105	44405	338	0.21530760026051659616896927218477
108	45674	348	0.21485932273219235377759162020084
111	46943	357	0.21453342864852395499575266057946
114	48212	367	0.21409122567552185678607656882377
117	49480	377	0.21384597781139502714609079703223
120	50749	387	0.21344502570059104007427208671288
123	52018	396	0.21322336592529575471921532425768
126	53287	406	0.21289605010950624075505288601562
129	54555	416	0.2126742708328170916587396277464
132	55824	425	0.21238613760789659679062424402218
135	57093	435	0.21220764679574091737812580049649
138	58362	444	0.21191716293482013022675403135509
141	59630	454	0.21180214254408630258907919596822
144	60900	464	0.21149994561304266693646525254735
147	62168	473	0.21148350680016414493422871601069
150	63437	483	0.21114017531212783684857470234419
153	64706	493	0.21113476918518753189246695001202
156	65975	502	0.21082610207733842866417717232252
159	67244	512	0.21080329709712089525375233733939
162	68513	521	0.21053508762348654981266804497864
165	69782	531	0.21056496654337694685033000041585
168	71051	541	0.21027874181493930172415218748938
171	72319	550	0.21030362265518223741089798295434
174	73588	560	0.21006658584148885093867420437164
177	74857	570	0.21007598642451583148549332236144
180	76125	579	0.20986117477860027902281103706628
183	77394	589	0.20985797756135524116949397921417
186	78663	599	0.20967505464270269621707143414824
189	79932	608	0.20968488577549662665866492261557
192	81200	618	0.20950405994693194200451102915395
195	82469	628	0.20955080300960390871090055497916
198	83738	637	0.20935410161938508566414895994967
201	85007	647	0.20939305335746441483202318067924
204	86275	656	0.20922568868877633452285635939916
207	87544	666	0.20924775493746441967779503556812
210	88813	676	0.20908620600480670725929144282418
213	90082	685	0.20913766637748942844865496226703
216	91350	695	0.208971843867687773199648404443
219	92619	704	0.20901642291758265601586685988877
222	93888	714	0.20886811555418613450818554611033
225	95157	724	0.20890267685050079027320180102834
228	96425	734	0.20877267945237557023041574666422
231	97694	743	0.20883686970722692421986721456051
234	98963	753	0.20868717390486146712191839469597
237	100232	762	0.20873293725259303710295455402957
240	101500	772	0.20860503988835865651907397477771
243	102769	782	0.20868371264753846072714793535852
246	104038	791	0.20852618829907612618690393446741
249	105307	801	0.20860554609153753036210332538758
252	106575	810	0.20845968107698351068357567328349
255	107844	820	0.20854516527900054945199315170612
258	109113	829	0.20840177277467550331913059835642
261	110381	839	0.20849377730617960069459115857171
264	111650	849	0.2083409589317108956407764708274
267	112919	858	0.20841322308529794393727740953182
270	114188	868	0.20828931270386460972154907267395
273	115456	877	0.20837743138593556313509225219605
276	116725	887	0.20824824452855197898237804565724
279	117994	897	0.20831072411954584810978019504546
282	119263	906	0.20819965613841975859976685114816
285	120531	916	0.2082417454200950479581422314368
288	121800	925	0.20818093204442941757115193013306
291	123069	935	0.20821345381049879974533212134702
294	124338	945	0.20812678188806568724267265224626
297	125606	954	0.20817877487178104711773585222545
300	126875	964	0.2081127212573824492025664767425
303	128144	973	0.20813747786221362123804112798098
306	129413	983	0.20806945602807505601994364496932
309	130681	993	0.20809455363684209450170214950049
312	131950	1002	0.20804791055134261301695630663744
315	133219	1012	0.20808928698841422377796561704599
318	134488	1022	0.2080160533479904483300515494193
321	135756	1031	0.20809189510200867823108694665279
324	137025	1041	0.20799074106234591297059921544133
327	138294	1050	0.20808485892538419737007870935486
330	139562	1060	0.20794482338172629032335692045308
333	140831	1069	0.20804419414662819742822819080175
336	142100	1079	0.20794857300384766984890916319273
339	143369	1089	0.20803097905570019920951096992212
342	144637	1098	0.20792503144586618746281203584658
345	145906	1108	0.20800123660070518605280653900991
348	147175	1117	0.20789526176864561723967028683546
351	148444	1127	0.20797225394955534683028020026541
354	149712	1137	0.20788633449618845738804395750776
357	150981	1146	0.20796223062419350036122978053754
360	152250	1156	0.20787087332983383847206937389274
363	153519	1165	0.2079486363473350696295938178082
366	154787	1175	0.20785013804754470800872923064162
369	156056	1184	0.20793674882631696387846886864281
372	157325	1194	0.20784932060478819582094445195253
375	158594	1204	0.20792650634054754554824739898322
378	159863	1213	0.20782347912954490798398410333903
381	161132	1223	0.20793151635178858116503874953196
384	162400	1233	0.20782711361728792298642076730175
387	163669	1242	0.20790015919728249693676502829476
390	164938	1252	0.20781846774228909802140208284982
393	166207	1261	0.20786153179630106890840579580981
396	167475	1271	0.20781520729757635423951001030218
399	168744	1280	0.20784023360418185655262846012192
402	170013	1290	0.20780765949283569460348530810734
405	171282	1300	0.2078465746545470893558160696557
408	172550	1309	0.20779420816407742633735722392885
411	173819	1319	0.20783226730589188235853725927882
414	175088	1328	0.20777061457568252178518264372542
417	176356	1338	0.20783174635585505152235441528319
420	177625	1347	0.20778337088892556705488345869526
423	178894	1357	0.20782014813905341776845148160646
426	180163	1367	0.20775693067665221280826415295451
429	181431	1376	0.20781435385421248573933894476795
432	182700	1386	0.20775836430424624023949320417159
435	183969	1395	0.20781353138592831286679540880868
438	185238	1405	0.20777147124867764715894224991644
441	186506	1415	0.20778311374879857020836482206505
444	187775	1424	0.20776658471485504042775005473231
447	189044	1434	0.20778908526589984218091444745369
450	190313	1443	0.20775199557021709062532011103031
453	191581	1453	0.2078253269887112286706809527459
456	192850	1462	0.20773276905012982851417291385587
459	194119	1472	0.20779562665352530048679113860999
462	195388	1481	0.20774197032517821570607452486001
465	196656	1491	0.20778892418014693888039801095147
468	197925	1500	0.20772925880918310936884552120318
471	199194	1510	0.20778934482797842275836330827588
474	200463	1520	0.20773632930345700686736165607726
477	201731	1529	0.20777856965831362212604460637522
480	203000	1539	0.20771700030117618007707847027632
483	204269	1549	0.20778349046633790009330766679341
486	205537	1558	0.20771591783653861607028545677167
489	206806	1568	0.20779526887873248086613386931276
492	208075	1577	0.20771431283811600532196450785705
495	209344	1587	0.20779195013825035864840629074024
498	210612	1596	0.2076941683428468188310489495052
501	211881	1606	0.20783884134890742712009625847713
504	213150	1615	0.20770838539485297902231764055614
507	214419	1625	0.20777000448912072427809505370533
510	215687	1635	0.20771217944123102072673248130741
513	216956	1644	0.20777148057060820796060340853728
516	218225	1654	0.20770619822186139891151412939507
519	219494	1663	0.20776506679082004658276616737567
522	220762	1673	0.2077126706996610394639901642222
525	222031	1682	0.20774486296097774418178971700399
528	223300	1692	0.20770187813134932675041000038618
531	224569	1702	0.20775312183870645044159175540699
534	225837	1711	0.20770155729929282162338211037422
537	227106	1721	0.20778800953212403501701999175566
540	228375	1731	0.2076838094119147770655331441958
543	229644	1740	0.20779365047516298870000639453792
546	230912	1750	0.20768549132817840097153805345442
549	232181	1759	0.20773749358215312654785122958856
552	233450	1769	0.20770124547600760100962702381366
555	234719	1778	0.20773770307847536087386686176615
558	235987	1788	0.20769696571062515322303454468056
561	237256	1797	0.20775311435194440679019578510633
564	238525	1807	0.20769965805214229970232509003836
567	239794	1816	0.20774504823032149958272896128619
570	241063	1826	0.20772275318146021794163402773847
573	242331	1835	0.2077330120336771945854792420505
576	243600	1845	0.20771783423526346545884280203609
579	244869	1855	0.20771792574523559316013177067362
582	246138	1864	0.20770203057234568055910983730428
585	247407	1874	0.20773036322601592940095827088953
588	248676	1883	0.20771038089868210096966549826902
591	249944	1893	0.2077496169310584506195738185852
594	251213	1903	0.20769827131778315076893193236174
597	252482	1912	0.20776499843354390151262123254128
600	253751	1922	0.20768884256475450555967654509004
603	255020	1931	0.20775402263772169142441725853132
606	256289	1941	0.20769177822438350533573725442693
609	257557	1950	0.2077546160028889143944752504467
612	258826	1960	0.20768908058198523591819650846446
615	260095	1970	0.20771027413707843223278359801043
618	261364	1979	0.20770662535133321835445485703531
621	262632	1989	0.20773351318126304088096389932616
624	263901	1998	0.20770423351249112098315663388348
627	265170	2008	0.20772352615264838560094062813732
630	266439	2017	0.20769475513375440511865122061863
633	267707	2027	0.20771958915314697735610138806805
636	268976	2037	0.20769418920602586431378711040452
639	270245	2046	0.20773535095623008039922297029989
642	271514	2056	0.20768346015871580467759827115515
645	272782	2065	0.20776101998564336370556304700585
648	274051	2075	0.20767902633848578375364013481885
651	275320	2084	0.20776247567798325488475086331164
654	276589	2094	0.20769057358658007950147350584302
657	277857	2104	0.20775272578250550403744512095727
660	279126	2113	0.2076912517406466485159199919508
663	280395	2123	0.20773194463413685584285417462524
666	281663	2132	0.20770566749099414471935176607076
669	282932	2142	0.20772525559145393891924413765082
672	284201	2151	0.20769463842787197482842032059125
675	285470	2161	0.20771880086954375155272600750322
678	286738	2170	0.20770328943976415492222997727367
681	288007	2180	0.20772126592850137516421682448708
684	289276	2190	0.2077026085681246136971367377555
687	290545	2199	0.20770254159459114462471518436359
690	291814	2209	0.20770735649265054112433404043259
693	293083	2219	0.20772728352469038703986825566972
696	294351	2228	0.20768676359447668655633378875791
699	295620	2238	0.20771120483624971875258324871538
702	296889	2247	0.2076881392958564997996973033878
705	298158	2257	0.20772829613889817745864263542899
708	299426	2266	0.20768737865955380628157911360177
711	300695	2276	0.20774431631856737912045218763524
714	301964	2286	0.20767012319021027622056863037869
717	303233	2295	0.20773673066116624119636924206134
720	304501	2305	0.20768084907220429879970424735802
723	305770	2314	0.20774766628826182857103788137465
726	307039	2324	0.20767844269665594603146985264175
729	308308	2333	0.20776216941856667785870627085387
732	309576	2343	0.20766365351583301879223597552482
735	310846	2353	0.20776023744886626398731266363029
738	312114	2362	0.20767283781970680145434471342014
741	313383	2372	0.20775174023124365341175234789262
744	314652	2381	0.20766597383273713295359641506366
747	315921	2391	0.2077532808020873811294393362914
750	317190	2400	0.20767541971148781310141373523948
753	318459	2410	0.20772155754817117623289846051193
756	319727	2419	0.20769167242362246428299954459362
759	320996	2429	0.20772617537745899363166302009631
762	322265	2439	0.20768830417490019568660386539705
765	323533	2448	0.20771634841963090845062822609179
768	324802	2458	0.20769571032092809526048426960187
771	326071	2467	0.20772219189521526350183933118387
774	327340	2477	0.20767221869410273926703780489333
777	328608	2487	0.20773401174799838164730658718327
780	329877	2496	0.20768570966642768693688481107529
783	331146	2506	0.20773697247023359402362530090613
786	332415	2515	0.20767599893406085698188690003008
789	333683	2525	0.20773907028890412074240146012016
792	334952	2535	0.20768474349322416094842935763154
795	336221	2544	0.20771043044692324985867060149758
798	337490	2554	0.20769130382976017101803734021814
801	338758	2563	0.2077193284704621778491429040514
804	340027	2573	0.20769049147732615567818470481143
807	341296	2582	0.20771523893176618846823089370446
810	342565	2592	0.20768148322162863217421602257673
813	343833	2601	0.20773482204283838514768945060496
816	345102	2611	0.20766859611716742550768799446814
819	346371	2621	0.20774999568208454836515386432438
822	347640	2630	0.20768083684663329879782622811035
825	348908	2640	0.20774585073680010283148078542581
828	350177	2649	0.20768814482055272807592416484113
831	351446	2659	0.20771014851003899437387190118898
834	352715	2668	0.20769671660326571860366584587609
837	353983	2678	0.20771226684666455053474010128411
840	355252	2688	0.20769762525562265875755940669478
843	356521	2697	0.20773229948670410283106946280895
846	357789	2707	0.20768878793872089238981004655216
849	359058	2716	0.20774461244228104028763937094482
852	360327	2726	0.20768214819755753675067921903974
855	361596	2735	0.20772290461897718882866570311307
858	362864	2745	0.20766741346625586239760252738051
861	364133	2755	0.2077526001898748475582578976173
864	365402	2764	0.20767334098013801035875758316251
867	366671	2774	0.20774416429539430128947685716412
870	367940	2783	0.20767436542856701486847725846019
873	369209	2793	0.20773916069855788424369791300705
876	370477	2803	0.20768935714621994392814485763665
879	371746	2812	0.20774705841015897456180994140595
882	373015	2822	0.20767016363428428271653558567778
885	374284	2831	0.20775460125292646851313804745587
888	375552	2841	0.20767988331639064547573525487678
891	376821	2850	0.20775353877708416239222799504205
894	378090	2860	0.20767108669703421286456546113186
897	379359	2870	0.2077252644071086451482699430926
900	380627	2879	0.2076843311687813220522969004378
