0	0	0	0.69314718055914625871594125783304
3	3876	156	0.33010576499121047078233459615149
6	7680	313	0.30920645780251021506046527065337
9	11483	474	0.29661552371496840985187759542896
12	15360	630	0.2896517616836705721894418275042
15	19163	792	0.27963047365571619407020875769376
18	23040	949	0.27490427826611429917846862736042
21	26843	1114	0.26679557294698175162750430899905
24	30793	1280	0.26288920978866703315190989087569
27	34744	1446	0.25650693890931630658513995513204
30	38695	1604	0.25341589092273403283073207603593
33	42498	1765	0.24837756561271126520829000128288
36	46375	1927	0.24575892770474438986383347582887
39	50252	2084	0.24183920577389422801317664379894
42	54055	2242	0.23968023604559018924220481494558
45	57858	2400	0.23649066822542252896965919717331
48	61661	2562	0.23476637688634269252041519848717
51	65538	2720	0.23220271511021614574410421028006
54	69341	2877	0.23074043677343497593668075751339
57	73144	3035	0.22873481536354833831836685931194
60	76947	3192	0.22745540140109402060808463374997
63	80750	3349	0.2258641592358515137739516376314
66	84554	3505	0.22476713028890618617516850008542
69	88357	3663	0.22345958635486401488989827157639
72	92160	3828	0.2225462526030034526858258914217
75	96110	3994	0.22147407181006470433537458575302
78	100061	4150	0.22067379701522349400022449117387
81	103864	4311	0.21980014222387614375442410619144
84	107741	4469	0.2191101073305077306940802372992
87	111544	4626	0.21837178561533110432435478287516
90	115347	4783	0.21776183311119465257910121636087
93	119150	4940	0.21717770785724119231296924681374
96	122954	5097	0.21660493108118572536113788373768
99	126757	5258	0.21615018144187783666332336451887
102	130634	5419	0.21561667830239877874376475119789
105	134511	5576	0.21524891473106136374759955742775
108	138314	5732	0.21476866704704403177039750971744
111	142117	5889	0.21445244597590859547686648056697
114	145920	6053	0.21404582682908598889603979387175
117	149871	6209	0.21378893705482998610634126634977
120	153674	6376	0.21338632063794954474289511381357
123	157624	6538	0.21317146974440906448400312456215
126	161501	6694	0.2128292863270265788955271091254
129	165304	6851	0.2126313586277144562775021086054
132	169108	7007	0.2123214165408028875070556296123
135	172911	7164	0.21218298832508353246595333985169
138	176714	7320	0.21186792534562959300359352710075
141	180517	7477	0.21175175859665293365274862935621
144	184320	7641	0.2114771562084168665673900022739
147	188271	7797	0.21140519186629727621529184489191
150	192074	7953	0.21111844309889371551491876743967
153	195877	8113	0.21106175356234579965075681684539
156	199754	8269	0.2108094788230103489024003238228
159	203557	8434	0.21075795576248865237367624558829
162	207508	8605	0.2105230187321635582087253624195
165	211532	8766	0.21049797145348642102291591982066
168	215409	8922	0.21027958418880593471911311098665
171	219212	9088	0.21022152619055065048137009853235
174	223163	9244	0.21005923495024481084669787378516
177	226966	9413	0.21004265689537535144459923230897
180	230990	9575	0.2098458408673545272371541159373
183	234867	9739	0.20985287942390473681086859869538
186	238818	9900	0.20966368840191768052605425509682
189	242695	10064	0.20965004456659422360509381633165
192	246645	10221	0.20950517081445244049753284798498
195	250448	10378	0.20948808068570295981558615494578
198	254251	10534	0.20935023272771380309364985805587
201	258055	10690	0.20936929364611603365808889520849
204	261858	10847	0.20920396509109887017707762879581
207	265661	11007	0.20924691361021649504969843746949
210	269538	11163	0.20907448235256440027818314320029
213	273341	11322	0.2091227183683071755293525484376
216	277218	11483	0.20895665550804792820471789127623
219	281095	11637	0.20900957687974391907559379433224
222	284898	11798	0.20886115144995903714075780044368
225	288775	11959	0.20892353093851784295864604246162
228	292652	12116	0.20876961426101928176457533936627
231	296455	12272	0.20883441776024486147278480530076
234	300258	12434	0.20868059015095127839423128079943
237	304135	12590	0.20873241410648957216977805728675
240	307938	12751	0.20861985033249075272010486514773
243	311815	12912	0.2086181392757312236252431603134
246	315692	13072	0.20853865213414682355796969659423
249	319569	13234	0.20858674607083388385930788899714
252	323445	13390	0.20845295601829100240465209026297
255	327249	13547	0.20853323702541912143537672363891
258	331052	13703	0.20837978387184130646403446007753
261	334855	13858	0.20846200064680647789927547819389
264	338658	14014	0.20833097794732313712273708006251
267	342461	14175	0.20842026228575849522428597992985
270	346338	14331	0.20827225359332984799820565058326
273	350141	14487	0.20834383021600308416587665760744
276	353944	14643	0.20823478182048318907426676105388
279	357747	14801	0.20833355256112773279397742953734
282	361551	14966	0.20817354735209167571063915147533
285	365501	15123	0.20828698009530513535203510855354
288	369304	15292	0.20813288433589605119777843356133
291	373329	15449	0.20825416552031467132266584485478
294	377132	15606	0.20810218353316362049909571396711
297	380935	15775	0.20821213056516654771321839234588
300	384959	15936	0.20807276475660041459292415311211
303	388836	16094	0.20818775619085649886130795493955
306	392713	16250	0.20805632908554114179899841019505
309	396516	16415	0.20813614997780474635824532469996
312	400467	16571	0.20804775145398643476646327599155
315	404270	16726	0.20808415663682186536043161595444
318	408073	16882	0.2080231846868230705105418110179
321	411876	17039	0.20807531326847078512187749765872
324	415679	17208	0.20797636170267189137383923025482
327	419704	17364	0.20806100428139256974802151489712
330	423507	17524	0.20796012301383864917525556847977
333	427384	17680	0.20801562001431928017325390101178
336	431187	17836	0.20793365435410746111521973489289
339	434990	17990	0.20799763880398969284613031049957
342	438793	18147	0.20790617938193681202285745257541
345	442596	18308	0.2079637023038157783716428639309
348	446473	18463	0.20791512836976064337868308484758
351	450276	18620	0.2079523948627811924527719611433
354	454080	18776	0.20787948528035912754141634195548
357	457883	18932	0.20799138504492517554034236582083
360	461686	19093	0.20785782460718940645172381209704
363	465563	19258	0.20794520957853718234886741811351
366	469513	19414	0.20785042371760206747488552991854
369	473317	19584	0.20793988320981748874061167953187
372	477341	19741	0.20781951882174179435658345482807
375	481144	19897	0.20793307162334911941670156920736
378	484947	20057	0.20781813778285909699583555720892
381	488824	20212	0.20794690334598919800868088714196
384	492627	20373	0.20781699510651827078611120214191
387	496504	20529	0.20788995463595694168645877653034
390	500307	20696	0.20780228002524778196935528740141
393	504332	20853	0.20790321385694010558609079453163
396	508135	21009	0.2077823285286190535536832157959
399	511938	21170	0.2078879304062355437565656757215
402	515815	21331	0.20778028848898705271963649465761
405	519692	21492	0.20786657841208269759114557473367
408	523569	21653	0.20778182826231941793260205031402
411	527445	21809	0.20784492327809234168967122968752
414	531249	21975	0.20778726662840377170660133288038
417	535199	22144	0.20783760195623604549730600865587
420	539224	22301	0.20776936215977337418792103562737
423	543027	22457	0.20782367404841214919564151841769
426	546830	22630	0.20775937140743755415783766693494
429	550928	22785	0.207839819894358623919572437444
432	554731	22942	0.20775244903413189745400302399503
435	558534	23103	0.20780795191270881594469699393812
438	562411	23260	0.20774876428108179915454911679262
441	566214	23416	0.20783138982621648938042824283912
444	570017	23574	0.20775000983666383480574779696326
447	573821	23729	0.2077872946336961901270257158103
450	577624	23893	0.20776995633141168151603039859765
453	581574	24057	0.20778185388787842602376088052551
456	585525	24225	0.20774516732861070256177526971442
459	589549	24383	0.20779819953543759991632100536663
462	593352	24539	0.20773007635528623060494624041894
465	597156	24696	0.20781454979633195989663363434374
468	600959	24857	0.20772674506137275840522704584146
471	604836	25017	0.20781503132320375271113732651429
474	608712	25173	0.20772002684309506803650435813324
477	612516	25330	0.20778941128175221209062328853179
480	616319	25487	0.2077181532023407717346685785742
483	620122	25655	0.20778323637266740697704392459855
486	624146	25810	0.20773408074409963064432815826876
489	627949	25966	0.20778039407356929668679867972969
492	631753	26121	0.20772057337470709037496874316275
495	635556	26281	0.20778349894806710795869264529756
498	639433	26442	0.20771168247068463874605015462294
501	643309	26598	0.20778621903581478980171937109844
504	647113	26753	0.20769877876825973417318493829953
507	650916	26914	0.20778050566262243337156689904077
510	654793	27071	0.20770228498941331607419158444827
513	658596	27228	0.20777165382148010674967508748523
516	662399	27385	0.20771121068703540801791973535728
519	666202	27542	0.20775129391436975012652510486078
522	670005	27703	0.20770708455917499812848348028638
525	673882	27863	0.20774545070508376731766020384384
528	677759	28020	0.20771645969897611916366031437065
531	681562	28174	0.20775281641962745071694484977343
534	685365	28330	0.20771743274082457575424598417158
537	689168	28491	0.20775230215896783869666819555277
540	693045	28647	0.2077213815813190866954585089843
543	696848	28806	0.20773664264703128878863935824484
546	700725	28962	0.20771514709069949233821716916282
549	704528	29118	0.20773928815294048777495561353135
552	708332	29274	0.20769918601552075920757545191009
555	712135	29435	0.20775564146602679138631231126055
558	716012	29592	0.20769385130535955585884266838548
561	719815	29748	0.20772911013913758493387717862788
564	723618	29905	0.20770605651749107778414327185601
567	727421	30060	0.20773095790060203125193538653548
570	731224	30217	0.20772323199797387838216877753439
573	735027	30378	0.20773641895928429690343364200089
576	738904	30538	0.20769808953107354865252887066163
579	742781	30695	0.20773158726189727696365139308909
582	746584	30852	0.20771241989488645196537675019499
585	750387	31012	0.2077345177012443200315061631045
588	754264	31169	0.20770016263400728484533885875862
591	758067	31325	0.20772972467914285754631009695004
594	761871	31485	0.20770495877047126520587028153386
597	765747	31641	0.20774464117936922158413892702811
600	769551	31801	0.20768413629140908271963894549117
603	773427	31961	0.20775821135944028128506033681333
606	777304	32117	0.20769097210219344962212062455365
609	781107	32274	0.20774333724429105973996456668829
612	784911	32432	0.20769160072967751684558379565715
615	788714	32589	0.20773128211981647939232686894684
618	792517	32750	0.20768579516362392634043487760209
621	796394	32910	0.20772141506014940581792416196549
624	800271	33067	0.20769893520594087665820381971571
627	804074	33228	0.20774997440897069456156032174476
630	807951	33384	0.20769318805024308827178458614071
633	811754	33540	0.20774344735236943693124089804769
636	815557	33700	0.2077018515182521563033901657036
639	819434	33856	0.20774089806996035023622937387699
642	823237	34012	0.20768153892142263150510927971482
645	827040	34168	0.20774350375671291057955158976256
648	830843	34333	0.2076870241578143150285029605584
651	834794	34490	0.20772950811771812018591276682855
654	838597	34647	0.20768741409168933742535045894329
657	842400	34812	0.20775080760184319594863211477787
660	846351	34973	0.20767803065689935393400844532152
663	850228	35129	0.20774505805948023651197331673757
666	854031	35290	0.20768848690853314309379129554145
669	857908	35451	0.2077250324197101039036539305016
672	861785	35608	0.20769568832776563738207187270746
675	865588	35765	0.20773311363169841281539618194074
678	869391	35925	0.2076872333924885405398441662328
681	873268	36086	0.20772979903267577150849376721453
684	877145	36247	0.20768174108930928523086834047717
687	881021	36403	0.20775005738727164716905804198177
690	884825	36565	0.20768133329663424069266852711735
693	888702	36722	0.20774661148859799308930007555318
696	892505	36878	0.20768574488800034538726890787075
699	896308	37043	0.20773628499146684633913650941395
702	900258	37198	0.20769647989333511750587035749049
705	904062	37355	0.2077276141732952718932381230843
708	907865	37517	0.20768227980111900188298079683591
711	911742	37678	0.2077254122094223665051515581581
714	915618	37834	0.2076806042731354495778361979319
717	919422	37990	0.20773581463462723051272007523949
720	923225	38154	0.20767716183325887757682437495532
723	927175	38314	0.20776311315169324056562061286968
726	931052	38471	0.20767545221334518523725876093522
729	934855	38628	0.20772535323011476204868586137309
732	938659	38789	0.20768689648010382753362534913322
735	942535	38945	0.20773770143672506960363932648761
738	946339	39111	0.2076796079074741119274705170028
741	950289	39276	0.2077297070420067170992695082532
744	954240	39437	0.207681575074735780273016416686
747	958117	39592	0.20773995452929827632004844417679
750	961920	39753	0.20769859537661033987987480031734
753	965797	39917	0.20771427878808598754822867249459
756	969747	40076	0.20770313252921454583166394058935
759	973624	40237	0.20771529733118029859006981041603
762	977501	40394	0.20769404771541005727542028580501
765	981304	40551	0.20772059484293475817295870911039
768	985107	40717	0.20768455563049706413814021743747
771	989058	40877	0.20772921856473505752838093485479
774	992935	41038	0.20770902227254464667005606770545
777	996812	41198	0.20773133992555556370795954990172
780	1000689	41358	0.2076872377272995506825026268416
783	1004566	41513	0.20774044162126792389955198814278
786	1008369	41670	0.20767990857625548417608740692231
789	1012172	41830	0.20774015385267582955997056615161
792	1016049	41985	0.20768998620585876757616006216267
795	1019852	42141	0.20772762498573965617154613028106
798	1023655	42305	0.20769360855476975968869624011859
801	1027606	42465	0.20772196787808319684565105944785
804	1031483	42626	0.20770275807390556344067533700581
807	1035359	42781	0.2077269645582505430692066283882
810	1039163	42937	0.20769598524954688278931769218616
813	1042966	43098	0.20772218583375684497482893675624
816	1046843	43252	0.2076846819345052053140676662224
819	1050646	43421	0.20773604916066870651469855602045
822	1054670	43581	0.20766650894753918565882599978067
825	1058547	43737	0.20777475592815314309191876418481
828	1062350	43906	0.20767098334600861408993921486399
831	1066374	44062	0.20775818971792281431021365278866
834	1070178	44219	0.20766480608221185577555445433973
837	1073981	44374	0.20774076063393681623736597430252
840	1077784	44543	0.20768678556465067219782838492392
843	1081808	44698	0.20772990645926356356731901087187
846	1085611	44864	0.20768763026417488837260805212281
849	1089562	45025	0.20774712687523994025795559537073
852	1093439	45181	0.20768496474798275874817932162841
855	1097242	45341	0.20772241488746603921278222060209
858	1101119	45497	0.20769772531318192454463655849395
861	1104922	45652	0.20771889327475948072709854841378
864	1108725	45813	0.2076916663431838672160267833533
867	1112602	45973	0.20773682538522919571732927579433
870	1116479	46130	0.20768053138643313704214676818083
873	1120282	46286	0.2077444379491527326475619474877
876	1124085	46441	0.20768064503229732853384348345571
879	1127888	46597	0.20773682367649198843295721417235
882	1131692	46763	0.20768810763081707593258329325181
885	1135642	46918	0.20772105639190999171184159877157
888	1139445	47074	0.20769454004299772731378936896363
891	1143248	47234	0.20773783217139799028849722617451
894	1147125	47400	0.2076929353886248497129685119944
897	1151076	47556	0.20773422072105307556455500161974
900	1154879	47712	0.20769051594763549006827929588326
