0	0	0	0.69314718055914625871594125783304
3	3579	78	0.3387277974812375469504388547648
6	7131	156	0.31433171700959366967609298626485
9	10682	235	0.29898321424832668968818438770541
12	14233	313	0.28895665600670411565786821483925
15	17784	395	0.2809013579657268500078259876318
18	21393	474	0.27398363575766954136625486171397
21	24944	552	0.26788315126916495412245922125294
24	28495	633	0.26243758058417032685838421457447
27	32075	711	0.25755395529507435492533318210917
30	35627	790	0.25318566176476564599795437970897
33	39178	869	0.24926246662701950773666226268688
36	42729	947	0.24576737450731900302969279437093
39	46280	1028	0.24261401275596539139911556048901
42	49860	1110	0.23978773110563841863829281919607
45	53469	1189	0.2372468212257336783732597496055
48	57020	1267	0.23495531613848816276934883262584
51	60571	1346	0.23287574292143686793821188985021
54	64123	1426	0.23099611543528669743707837369584
57	67703	1505	0.22929246365940272878169992054609
60	71254	1584	0.22773667986934015283750909475202
63	74805	1666	0.2263283166850417471582801454133
66	78414	1745	0.22503776921221974038900270898012
69	81965	1824	0.22385691400124776984092989096098
72	85516	1904	0.22277999772175419157527187508094
75	89096	1982	0.22179399251909259760395798366517
78	92647	2061	0.22088594395586802487940758510376
81	96199	2140	0.22005082099989847765897366116405
84	99750	2220	0.21928052297232564216145078717091
87	103330	2298	0.21856990432259054690788957486802
90	106881	2378	0.21791235137611725258821593342873
93	110461	2456	0.21730306089592543727917473006528
96	114012	2534	0.21673882818477310796545509674615
99	117563	2614	0.21621477873932309909932314440084
102	121143	2694	0.21572707202868771081405441236711
105	124723	2772	0.21527378984810310869058014304755
108	128274	2850	0.21485178461415535555723010929796
111	131826	2930	0.2144575239535784216826641568332
114	135406	3008	0.21408910599822583709084256042843
117	138957	3086	0.2137447458956125145856930203081
120	142508	3166	0.2134216871322761888141172903488
123	146088	3245	0.21312045860440606559471632408531
126	149639	3325	0.21283821445169370800698516177363
129	153219	3404	0.21257163687137786700631636449543
132	156770	3482	0.21232148009988721648610976444616
135	160322	3560	0.21208634601558717935887443672982
138	163873	3639	0.21186467308494938421858932997566
141	167424	3717	0.21165692609447578353965013775451
144	170975	3795	0.21146038471148745352401476793602
147	174527	3877	0.21127535599548782907497468386282
150	178135	3954	0.21110052948310734088899209837109
153	181687	4032	0.21093585089498428919441153084335
156	185238	4111	0.21077973801931151887067983352608
159	188789	4192	0.21063214687741874109327966380079
162	192369	4272	0.21049330621432227328426733947708
165	195949	4353	0.21036084909417351873628376779379
168	199500	4435	0.21023546988161595505673062689311
171	203109	4515	0.21011644688898500898943666470586
174	206689	4595	0.21000333629202330709695445420948
177	210269	4673	0.20989623286011344083235030666401
180	213820	4752	0.20979440324766851500015718556824
183	217371	4830	0.20969761728023286750932641098188
186	220922	4910	0.20960573006224952896658919598849
189	224502	4988	0.20951946070454630088875092042144
192	228053	5066	0.20943732075541382497974041143607
195	231605	5146	0.20935915676979205413132945068355
198	235156	5224	0.20928372228437699953396133878414
201	238707	5302	0.20921184173835638553384796978207
204	242258	5380	0.20914337798478846441874168249342
207	245810	5458	0.20907807273599376962636142707197
210	249361	5536	0.20901683148464217376627516387089
213	252912	5615	0.20895741376368476283076347499446
216	256463	5693	0.20890068976257897270798480349185
219	260015	5771	0.20884658757703405962402598561312
222	263566	5852	0.20879487720818687424007009667548
225	267117	5930	0.20874545767542010410444675017061
228	270668	6008	0.20869827707043789311036618983053
231	274220	6085	0.20865310018351571064165739244345
234	277771	6163	0.20861101223994141240503097378678
237	281322	6242	0.20856971346919972454259095684392
240	284873	6320	0.20853018960057700947885450659669
243	288425	6398	0.20849240050810122215629860420449
246	291976	6477	0.20845626587621468583932937690406
249	295527	6555	0.20842162278158110622072740625299
252	299078	6633	0.20838848090015518743634004295018
255	302629	6711	0.20835670563968447521752125339844
258	306181	6790	0.20832629237135455446683351965476
261	309732	6868	0.20829713770027419306174465418735
264	313283	6947	0.20826921606297421618592125014402
267	316863	7026	0.20824244526930607568360187542567
270	320414	7103	0.20821774890682923087048550314648
273	323966	7181	0.20819313367518127444455444674531
276	327517	7260	0.20816953046727321163800183967396
279	331068	7337	0.20814685098282798003666016484203
282	334619	7416	0.20812510145774565373244513466489
285	338171	7494	0.20810521466661530132213897559268
288	341722	7572	0.20808517561972361686883914444479
291	345273	7650	0.20806595051770668258761531888013
294	348824	7729	0.20804747312010621329569914905733
297	352376	7808	0.20802974319855183082950134121347
300	355927	7888	0.20801271436378857004889653126156
303	359507	7966	0.20799635823359427511114461140096
306	363058	8045	0.20798064767248750084327468812262
309	366609	8123	0.20796553527654776383215562418627
312	370160	8201	0.20795201208528243941309199271927
315	373712	8280	0.20793806624832145146797302004416
318	377263	8358	0.20792465371257662365422902439605
321	380814	8436	0.2079117608066801958788261117661
324	384365	8515	0.20790037777485601000471149291116
327	387917	8592	0.2078884740703463573918696738474
330	391468	8671	0.20787702981313316286104964092374
333	395019	8749	0.20786600656902876060883045283845
336	398570	8828	0.20785540230992596844039610459731
339	402122	8906	0.20784522152823595164683467828581
342	405673	8983	0.20783541191713847395838854481553
345	409224	9062	0.20782598451515793547272892283218
348	412775	9142	0.20781691120297104968805967928347
351	416355	9220	0.20780818773689629930245814648515
354	419906	9298	0.20780078041303667868433535659278
357	423458	9376	0.20779170097469171207826832414867
360	427009	9454	0.20778391824282732569528775457002
363	430560	9533	0.20777642743457053198241624158982
366	434111	9611	0.20776921152791677505078382637294
369	437663	9691	0.20776227893142976133056265553023
372	441243	9770	0.20775558877619360043098595269839
375	444794	9847	0.2077491552015769127326194620764
378	448345	9925	0.20774295946875143137333452614257
381	451896	10004	0.20773699391757452503703973434313
384	455448	10081	0.20773125107378934139923387647286
387	458999	10161	0.20772572479328885175497987347626
390	462579	10239	0.20772039781327156227064278937178
393	466130	10317	0.2077152634831768429624077043627
396	469681	10397	0.20771032283974372179002898519684
399	473261	10475	0.20770556721398833466274425063602
402	476812	10555	0.20770097843242332769086999633146
405	480392	10634	0.20769755598075823055381761150784
408	483944	10712	0.20769329473329631308153864210908
411	487495	10791	0.20768919354430506740705197898933
414	491046	10870	0.20768523884764836240357510632748
417	494626	10948	0.20768143165959018769939348203479
420	498177	11029	0.20767776298102677556833839389583
423	501786	11108	0.20767422313418049117927921543014
426	505337	11186	0.20767081452949939790464384259394
429	508888	11264	0.20766752975590324625798643864982
432	512440	11342	0.20766436030666932111010680728214
435	515991	11420	0.20766130755360412418752957819379
438	519542	11499	0.20765836308068058579934245244658
441	523093	11576	0.20765552451128563293814011103677
444	526644	11654	0.20765279139997724899835418455041
447	530196	11733	0.20765015310123136060838078265078
450	533747	11811	0.20764761148568658399859998553438
453	537298	11891	0.20764515942531058811937327845953
456	540878	11969	0.20764279745144931244027475258918
459	544429	12047	0.20764052089295276237734810820257
462	547981	12126	0.2076383252492906839048458778052
465	551532	12206	0.20763620719675335291043438701308
468	555112	12284	0.20763416530712250351875525211653
471	558663	12364	0.20763219627061343941498705589765
474	562243	12441	0.20763029607931893227856789962971
477	565794	12520	0.20762846437350698791668435205793
480	569345	12598	0.20762669750119930323073447198112
483	572897	12679	0.20762499566146302987235117143427
486	576505	12758	0.20762335257375860719797344700055
489	580057	12836	0.20762176914851873665845971572708
492	583608	12919	0.20762024163634107409848184033763
495	587245	12998	0.20761876716651167518179477156082
498	590796	13078	0.20761734609499288284339968413406
501	594376	13159	0.20761597454290581232783097220818
504	597985	13237	0.20761465203390613853962065604719
507	601536	13314	0.2076133760080751122778508488409
510	605087	13392	0.20761314550213053053973055739334
513	608639	13470	0.20761195872057680578137706106645
516	612190	13549	0.207610812143629447357184858447
519	615741	13627	0.20760970649933446763313327210199
522	619292	13705	0.20760863960349940082750208603102
525	622844	13782	0.20760761024247112449536700751196
528	626395	13861	0.20760661751627604298953144734696
531	629946	13938	0.20760565951716758448242217127699
534	633497	14016	0.20760473554712391419663219949143
537	637048	14094	0.20760384448695601289358592111967
540	640600	14173	0.20760298393198189925712426884274
543	644151	14251	0.20760215307907819992649933737994
546	647702	14329	0.20760135201129789606078190900007
549	651253	14407	0.20760057905899925723147703138238
552	654805	14486	0.20759983299533241174472664170025
555	658356	14564	0.20759911278509898813204870293703
558	661907	14642	0.20759841768122355709635940002045
561	665458	14720	0.20759774735126354516800972760393
564	669010	14797	0.20759710029799102737335658730444
567	672561	14875	0.20759647535096528714326780118427
570	676112	14953	0.20759587260184114709815617061395
573	679663	15031	0.20759529033271328923859755377634
576	683215	15111	0.20759472856347688241029914024693
579	686795	15189	0.20759418643213478627984613922308
582	690346	15269	0.20759366302192025499628869056323
585	693926	15347	0.20759315841226480547909716278809
588	697477	15425	0.20759267039323295311881167890533
591	701028	15503	0.20759220006373868550042516289977
594	704579	15581	0.20759174588430534535987703748106
597	708131	15660	0.20759130692848060117938757684897
600	711682	15739	0.20759088390726224138127520291164
603	715233	15817	0.20759047523368501231288973940536
606	718784	15895	0.20759008063128070453728923894232
609	722336	15973	0.20758970001932874893668667937163
612	725887	16051	0.20758933284166503074885667956551
615	729438	16129	0.20758897816011195880392392609792
618	732989	16208	0.20758863551116069068314118339913
621	736541	16287	0.20758830479373027722012068352342
624	740121	16367	0.20758798551166698920233955050207
627	743672	16446	0.20758767696089308607554357877234
630	747252	16525	0.20758737929808865341207990695693
633	750803	16603	0.20758709219567669790329489387659
636	754354	16681	0.20758681484296642727471748912649
639	757905	16759	0.20758654691413075399353260763746
642	761457	16837	0.20758628837887599383194014990295
645	765008	16915	0.20758603857666291236938604924944
648	768559	16993	0.20758579773222424202927527403517
651	772110	17071	0.2075855649880522235672941633311
654	775662	17150	0.20758534021378610701091815826658
657	779242	17230	0.20758512330393799616423677889543
660	782821	17308	0.2075849136652933302205070731361
663	786373	17389	0.20758471128978828179612037274637
666	789981	17467	0.20758451562669666401461654459126
669	793533	17546	0.20758432700063084164199267434014
672	797084	17624	0.20758414464559707401924981695629
675	800635	17702	0.20758396844378707024603158970422
678	804186	17780	0.20758379834072776537468030255695
681	807738	17860	0.20758363420517825237432418816752
684	811317	17938	0.20758347556875714201574112394155
687	814869	18018	0.20758332230696197040487049889634
690	818449	18097	0.20758317430620257248996551879827
693	822000	18175	0.20758303124537250128334164855914
696	825551	18253	0.20758289323636541778839159633208
699	829102	18335	0.20758275998080996660455355140584
702	832711	18412	0.20758263136943252979982332817599
705	836262	18490	0.20758250711684414491209338393674
708	839813	18570	0.20758238698302072799961592863838
711	843393	18648	0.20758227087437391977786660390848
714	846945	18726	0.20758215869276452902880691908649
717	850496	18804	0.20758205040666699581208831659751
720	854047	18882	0.20758194583353023476846033190668
723	857598	18960	0.20758184490374517738864312832447
726	861150	19038	0.20758174727142245097333272951801
729	864701	19116	0.20758165298803357701196148354938
732	868252	19195	0.2075815619248570498278638751799
735	871803	19272	0.20758147385011380126051960814948
738	875355	19352	0.2075813888854284861018584251724
741	878934	19432	0.20758130672199909261266270732449
744	882514	19513	0.2075812273833310406256913438483
747	886123	19592	0.20758115072004598711252754128509
750	889674	19671	0.20758107665776787120748281267879
753	893254	19749	0.20758100512626445621755522097374
756	896805	19826	0.20758093592762208445812177615153
759	900357	19904	0.20758086905207195904665695707081
762	903908	19982	0.20758080446309928879244921517966
765	907459	20060	0.20758074211830662703093253185216
768	911010	20140	0.2075806818154914135110544748386
771	914590	20219	0.20758062349199421503520568421663
774	918170	20298	0.20758056727121665385737969700131
777	921721	20376	0.20758051276382091798744511379482
780	925273	20454	0.20758046019544904026155052179092
783	928824	20533	0.20758040949879638659147929047322
786	932404	20611	0.20758036039300040154209625598014
789	935955	20689	0.20758031296900134043958985330391
792	939506	20769	0.20758026712379828992993680003565
795	943086	20847	0.20758022280576471363389146063128
798	946638	20927	0.20758017996612859734639755515673
801	950217	21006	0.20758013854177570500780802831287
804	953769	21084	0.20758009850038297572361045695288
807	957320	21162	0.20758005978582913519936425927881
810	960871	21242	0.20758002243740578118824657849473
813	964451	21321	0.20757998629702459347790011179313
816	968031	21400	0.20757995142278728994966741083772
819	971611	21477	0.20757991768442365931868209827371
822	975162	21555	0.20757988508406496896974147148285
825	978713	21633	0.20757985354656491305824772553024
828	982265	21711	0.20757982302215929881761269371054
831	985816	21789	0.20757979349511657130022967976402
834	989367	21866	0.20757976501635455601757485055714
837	992918	21945	0.20757973744224447743000894206489
840	996470	22026	0.20757971072771067011508705490996
843	1000078	22104	0.20757968493897285822136211663747
846	1003629	22183	0.2075796600254585511091676153228
849	1007209	22262	0.2075796359326498863318022358726
852	1010761	22340	0.20757961265522073546208048355766
855	1014312	22419	0.20757959014936519515082125053596
858	1017863	22497	0.20757956837329655241930481679447
861	1021414	22574	0.20757954732555258803294861991162
864	1024966	22652	0.20757952696298329064994447890058
867	1028517	22732	0.20757950723606322096514986697002
870	1032097	22812	0.207579488182242588578674258315
873	1035677	22890	0.20757946974375190984929417936655
876	1039228	22970	0.20757945194581742254236189637595
879	1042808	23048	0.20757943470802167618138867055677
882	1046359	23126	0.20757941802614668369564299155172
885	1049910	23205	0.20757940189737539293801660278405
888	1053462	23285	0.20757938627856792335180102782033
891	1057042	23362	0.20757937116366359520114315273531
894	1060593	23442	0.20757935660880302841668765267968
897	1064173	23521	0.20757934250835460843198632119311
900	1067724	23599	0.20757932880651405738170467429882
