0	0	0	0.69314718055914625871594125783304
3	13307	628	0.36067166988769278068716062080057
6	26394	1261	0.30983628179400451996272636279173
9	39555	1895	0.29664464089359748877328115668206
12	52715	2537	0.28746877932447384429437420294562
15	66023	3177	0.27989073993780794191721383867844
18	79257	3826	0.27322680717252062487787611644308
21	92639	4471	0.2673030300610906295766255880153
24	105947	5113	0.26200518619636919970261601520178
27	119181	5751	0.25727421450387277790383677711361
30	132342	6384	0.25301019372758998260408702662971
33	145429	7023	0.24916385224737114256754466623534
36	158589	7675	0.24572883229497635704241531584557
39	171971	8314	0.24265039823872280866368100760155
42	185131	8948	0.23987453803216599035330602873728
45	198218	9584	0.23736132490894379376555889393785
48	211305	10222	0.23509366167245970835608659399441
51	224465	10865	0.23304274537955563251223622955877
54	237699	11503	0.23118181673595319947089876677637
57	250786	12144	0.22949599868704176341971390229446
60	263947	12782	0.22795774138637286965192174648109
63	277107	13418	0.22656058121126410043189025600441
66	290194	14058	0.22527544306624533443361713125341
69	303428	14699	0.22410319541818043975744956242124
72	316662	15342	0.22302620841711393029349608241318
75	329897	15990	0.22204080916439764004088885940291
78	343278	16623	0.22113550434012596568322805978823
81	356365	17269	0.22029886710292562179702713365259
84	369747	17906	0.21952976584319489061769559157256
87	382907	18540	0.21881556114383143851753743547306
90	395994	19183	0.21815145958206297316372967998177
93	409302	19823	0.21753939353270609902146759395691
96	422536	20455	0.21697063660643514659831510016375
99	435623	21098	0.21644118011713392446537795876793
102	448931	21735	0.21594895256445401088285507285036
105	462091	22371	0.21548962346848718474312533999182
108	475252	23012	0.21506097952080346913383834817068
111	488486	23647	0.21466105629594500747714391764021
114	501647	24277	0.21428677994559736097457403047883
117	514733	24912	0.2139369732693324477335039546233
120	527894	25551	0.21360962618965873005549838126171
123	541128	26194	0.21330139283884455569939575525495
126	554436	26823	0.2130136037572927520944432444594
129	567449	27457	0.21274341478923472492645885267848
132	580610	28090	0.212488444352080835253460122658
135	593696	28730	0.21224774302208315734930010876269
138	606931	29374	0.2120211374967386486201093021009
141	620239	30007	0.21180739510230675581858861278306
144	633325	30649	0.21160676746256057434436570474645
147	646560	31288	0.21141661391414567905400190284126
150	659794	31923	0.21123680427136695691991974399571
153	672954	32559	0.21106692309862865042369151069579
156	686188	33194	0.21090618567891006307490897597745
159	699349	33830	0.21075412902963897021635375494952
162	712509	34466	0.21061029350076609922837178601185
165	725670	35109	0.21047348744974983536515367177344
168	738978	35743	0.210344743839273928820432502107
171	752138	36382	0.21022183861308368912901300973317
174	765373	37029	0.2101051705149691029017589016803
177	778754	37654	0.20999439818734819129808499837964
180	791767	38293	0.20988922548276314761217520299397
183	805002	38927	0.2097891187124830691956844930246
186	818162	39569	0.2096939265762710613572039619612
189	831470	40214	0.20960332845713722238478737835976
192	844778	40848	0.20951787708131855425541800741485
195	857939	41489	0.20943677471382268762134515327489
198	871246	42123	0.20935851436449762208447111788701
201	884407	42754	0.20928488876369819027267737965303
204	897494	43394	0.20921374332867048728701320214896
207	910728	44027	0.20914583467107200620560547577043
210	923888	44658	0.20908105932345613653389193586918
213	936975	45295	0.20902029001186556156355322855234
216	950136	45933	0.20896127923277843518867769034841
219	963296	46568	0.20890490924731092148292077581573
222	976457	47203	0.20885104526092981847007479245804
225	989691	47849	0.2087996496766420795321295145186
228	1003073	48483	0.20875048681350000245871001425257
231	1016159	49116	0.20870342422372248347706147342251
234	1029246	49753	0.20865940725968076807639306480269
237	1042480	50387	0.20861633995900960569791493526282
240	1055641	51028	0.20857515983533989056830648678442
243	1068875	51660	0.20853568580362094597724365030444
246	1081962	52296	0.20849793728823387550797008316295
249	1095122	52929	0.20846179229420652712079231605458
252	1108283	53579	0.2084271329613582024453677377096
255	1121738	54219	0.20839395775020069789817966920964
258	1134972	54866	0.20836217686852226416149846954795
261	1148354	55499	0.20833173020072051628837073167233
264	1161515	56133	0.20830251595689561194824079848331
267	1174675	56774	0.20827449508167958369675432095391
270	1187909	57406	0.20824763854499067639025611242687
273	1201070	58046	0.20822287886958268376957903456059
276	1214304	58690	0.20819813975219553237039349369297
279	1227612	59332	0.20817441180857784721602854460798
282	1240920	59980	0.20815165607977098582992425690463
285	1254376	60619	0.20812979315613389097450180997839
288	1267610	61256	0.20810982406613445783172267056216
291	1280844	61891	0.20808969319455003499363954233559
294	1294004	62522	0.20807035899960787950213614294626
297	1307091	63163	0.2080517668464250680138150073617
300	1320399	63788	0.20803392419951211023132486843679
303	1333412	64425	0.20801677990741987422929071271938
306	1346573	65054	0.20800031838291171970567461357859
309	1359586	65688	0.20798448952656620192236402999697
312	1372746	66326	0.2079692831864252688944816327421
315	1385980	66963	0.2079556562383920170766771207127
318	1399141	67593	0.20794160779999623644975770275778
321	1412228	68227	0.20792808510867291649226729077782
324	1425314	68862	0.2079151043539614329702658324095
327	1438475	69496	0.20790361914644456264866789751977
330	1451635	70135	0.20789162595576479719561291403807
333	1464870	70776	0.20788008414770017817652103531145
336	1478178	71411	0.20786897970153533909964949089044
339	1491338	72053	0.20785828808287812319299803220929
342	1504720	72687	0.20784800769919767327031934200932
345	1517880	73318	0.20783811160646412097285917752743
348	1531041	73960	0.2078286081482089153738002096361
351	1544349	74598	0.20781945275117588711744076590549
354	1557509	75234	0.20781063864868734580859666039032
357	1570743	75871	0.20780316047176627947123961348552
360	1584051	76516	0.2077950110219591861593357862148
363	1597359	77149	0.20778615355837495859425700928114
366	1610520	77783	0.20777859545299834365117419565649
369	1623680	78418	0.20777131325700812225498737007001
372	1636767	79053	0.20776430129367992605260440086568
375	1649928	79683	0.2077575447407546960221225162968
378	1663014	80317	0.20775105312544950297848345144303
381	1676175	80955	0.20774480033080366947473294203519
384	1689483	81592	0.20773878041197785249138973995287
387	1702643	82224	0.20773297941987869941193878275953
390	1715804	82866	0.2077273883275468913112149493827
393	1729112	83503	0.20772200429611956118414184402354
396	1742346	84139	0.20771681652636328485606043159351
399	1755580	84772	0.20771181652578671328335246926144
402	1768741	85405	0.20770700734260796882502120297431
405	1781901	86049	0.20770237376697325837326957298501
408	1795283	86692	0.20769790990217626425184960226034
411	1808591	87324	0.20769460464297587187765259386651
414	1821678	87955	0.20769045592615159590010875945154
417	1834764	88596	0.2076864553011626424172675342561
420	1848072	89242	0.20768260309789987605455507946317
423	1861528	89881	0.20767889645487488947672716221859
426	1874836	90521	0.2076753216790566680671759058896
429	1888144	91156	0.20767187737153272597545594635449
432	1901304	91793	0.20766855538024464600255214463687
435	1914539	92430	0.20766535073371694686272803664906
438	1927699	93070	0.20766226369237897331210263018875
441	1940933	93709	0.20765928673692352068869126924255
444	1954167	94339	0.20765641891862876566854367865744
447	1967254	94977	0.20765365364117127633392101415666
450	1980488	95616	0.20765098749959831625488959616632
453	1993723	96255	0.20764841684794976828243306954391
456	2006957	96890	0.20764593633584094156674382247729
459	2020117	97531	0.20764354783987895580743554546643
462	2033425	98161	0.20764124726775898266417641480075
465	2046512	98797	0.20763902680035681291847993179545
468	2059746	99437	0.20763688283308884274802608160826
471	2073054	100075	0.20763481781220427535572525812313
474	2086362	100708	0.20763282640644151189057708961627
477	2099523	101341	0.20763090744440101942380749733275
480	2112683	101976	0.20762905435597453496221476143546
483	2125844	102612	0.20762726923157828751165254743682
486	2139004	103255	0.20762554724565088215548769312591
489	2152312	103892	0.20762388233515383095806328128674
492	2165546	104524	0.20762227950826356304148134768184
495	2178633	105162	0.20762073357797797279467033604305
498	2191867	105799	0.20761924360052766425077663825505
501	2205102	106437	0.20761780364634888074171215066599
504	2218336	107071	0.20761641707201966555729200081259
507	2231423	107707	0.20761507939842024916821117130894
510	2244583	108340	0.20761378815708436684772664193588
513	2257744	108986	0.2076135418872376015020364548036
516	2271125	109623	0.2076123399212338183073001118828
519	2284360	110255	0.207611181047328258175710402611
522	2297520	110902	0.20761006284006949806908437494712
525	2310976	111530	0.20760898403048572147255868003413
528	2323989	112161	0.20760794292048434517283794775722
531	2337075	112784	0.20760693897820545195109787073307
534	2350088	113411	0.20760597009724249262241357882885
537	2363101	114041	0.20760503544596520253406879419344
540	2376114	114677	0.20760413366886024122415221881965
543	2389201	115313	0.20760326314792931778896445393912
546	2402361	115947	0.20760242391315950061247974645084
549	2415522	116586	0.2076016127713602166249273750509
552	2428756	117215	0.20760083039594295906127285888942
555	2441843	117851	0.20760007599360622010387089630967
558	2455077	118492	0.2075993482457327843349048634991
561	2468385	119120	0.20759864523512777667590967212163
564	2481472	119756	0.20759796662766552555190457951539
567	2494632	120386	0.20759731148236501563353328947414
570	2507719	121023	0.20759667944499302083549707731436
573	2520953	121654	0.20759606902547575457695927525492
576	2534040	122291	0.2075954794028919137005573247734
579	2547201	122922	0.20759491127763840534470318743843
582	2560287	123561	0.20759436255333660326094502579508
585	2573522	124192	0.20759383277872267559160945893382
588	2586682	124835	0.20759332241253031225980407725729
591	2599990	125470	0.20759282937924428136255983190495
594	2613224	126108	0.2075923540828933100410580436801
597	2626385	126749	0.20759189463159569144501404025505
600	2639693	127386	0.20759145077727300665593190842628
603	2652927	128012	0.20759102291493153336077170934004
606	2666014	128638	0.20759061032921088951752608409151
609	2679027	129267	0.2075902104264517877840745541107
612	2692113	129902	0.20758982497777991871323877148825
615	2705274	130543	0.20758945376725290721253713854821
618	2718508	131175	0.20758909497894265094863897047617
621	2731595	131813	0.2075887487814660203877537014705
624	2744903	132451	0.20758841431911856378889069674187
627	2758063	133095	0.20758809101309672051627330802148
630	2771371	133733	0.20758777935641126166643743999884
633	2784679	134365	0.2075874785615222928303325033994
636	2797840	134995	0.20758718817547949786472827327088
639	2810927	135631	0.20758690688805997437427208751615
642	2824161	136265	0.20758663629776591408315766784654
645	2837248	136893	0.2075863742485837271090076683322
648	2850334	137519	0.20758612182246416466568916803226
651	2863347	138156	0.20758587777707124266690641434252
654	2876508	138795	0.20758564211294841528321342138952
657	2889816	139436	0.20758541533793126165896580914705
660	2903124	140064	0.20758519584849530192904865089076
663	2916210	140700	0.20758498331196331698755841443926
666	2929445	141331	0.20758477865868635303669975655794
669	2942605	141972	0.20758458080931760370013705596648
672	2955839	142602	0.20758438954055535852205593982944
675	2968926	143247	0.207584205036853292059007003445
678	2982308	143886	0.20758402687555563281840420586377
681	2995468	144524	0.2075838545092024700622346244927
684	3008703	145161	0.20758368841368610158149010658235
687	3021863	145796	0.20758352763350262915054145196336
690	3035097	146432	0.20758337254845829478178131921595
693	3048258	147074	0.20758322287181579790527052864491
696	3061566	147708	0.20758307801447478668777080201835
699	3074726	148339	0.20758293865676194500657913977193
702	3087813	148973	0.20758280398297576652133500374475
705	3101047	149616	0.20758267418149059513332588267076
708	3114281	150245	0.20758254822031935171722238919756
711	3127368	150894	0.20758242678919266999137960283406
714	3140897	151522	0.20758230927683732347510670024349
717	3153984	152168	0.20758219588603457617104197652225
720	3167440	152807	0.20758208641250544546075218477199
723	3180674	153453	0.20758198055060564368723419192975
726	3194056	154097	0.20758187832585975329813265943812
729	3207437	154724	0.20758177998098453764797000076214
732	3220450	155360	0.20758168447123243050000951370748
735	3233611	156002	0.2075815922918138878294769256172
738	3246993	156643	0.20758150340581238424420007504523
741	3260301	157274	0.20758141728013879134806529691559
744	3273461	157909	0.20758133426549335576183352713997
747	3286548	158546	0.20758125428616469587694837173331
750	3299782	159172	0.20758117687169230780597217744798
753	3312795	159803	0.20758110204077287463952927737409
756	3325882	160438	0.20758102966560637581139303620148
759	3339042	161076	0.20758095974889054224910012180771
762	3352350	161717	0.20758089219574546446800411558797
765	3365658	162354	0.20758082682498216198219154193794
768	3378819	162983	0.20758076365689945297354768172227
771	3391905	163624	0.20758070248925161727093779973075
774	3405213	164267	0.20758064376086690638878451409255
777	3418595	164902	0.20758058658223527137565156408527
780	3431756	165541	0.20758053150246413842694437335012
783	3444990	166175	0.20758047831769221858166929450817
786	3458150	166808	0.20758042708822235788979071458016
789	3471311	167437	0.207580377339639909894941638413
792	3484398	168073	0.20758032911679138998728433307406
795	3497558	168708	0.20758028258171695723532934607647
798	3510792	169342	0.20758023787363058532129400646227
801	3523879	169979	0.20758019449319764504480190225877
804	3537113	170616	0.20758015246920380469930478284368
807	3550347	171246	0.20758011211158455822101132071111
810	3563434	171884	0.20758007308301879012546464764455
813	3576595	172516	0.20758003520241863348871902417159
816	3589681	173152	0.2075799985871038255691445328921
819	3602768	173785	0.20757996311051912785572426400904
822	3615929	174419	0.20757992885011319894594805646193
825	3629089	175048	0.20757989595853984510220868742181
828	3642102	175687	0.20757986415640675148530647220468
831	3655410	176318	0.207579833234953131659850100732
834	3668497	176961	0.20757980337751349986241677925136
837	3681879	177596	0.20757977457370152540860885892471
840	3695039	178238	0.20757974666935199992146010572469
843	3708347	178871	0.20757971983666906323762191277638
846	3721434	179503	0.20757969381097998717855546146893
849	3734521	180137	0.20757966870827293526247103727655
852	3747681	180767	0.2075796443552928027820314582641
855	3760768	181406	0.20757962083219588800275801077078
858	3774076	182044	0.20757959808664355749741048384749
861	3787310	182677	0.2075795761080317658464622354586
864	3800397	183309	0.20757955476707787290102658062096
867	3813483	183938	0.20757953421690059081505808080692
870	3826644	184573	0.20757951426570792063941439664632
873	3839878	185210	0.20757949500525829655828147224383
876	3853039	185849	0.20757947609838051095110245114483
879	3866273	186495	0.20757945815270917311323728426942
882	3879655	187135	0.20757944065674843736601928867458
885	3892963	187771	0.20757942377502452968585089365661
888	3906197	188403	0.20757940744515207542875145918515
891	3919357	189037	0.20757939174175860097548707017268
894	3932518	189670	0.2075793765014707914495772911323
897	3945678	190304	0.20757936171722429774533225099731
900	3958839	190938	0.20757934736124331043249924277916
