0	0	0	0.69314718055914625871594125783304
3	4976	155	0.34300650884050915001566295359225
6	9879	312	0.31111084485855328152226206839259
9	14782	468	0.29707850284541231777879488618055
12	19685	633	0.28785105507887981390879872378719
15	24735	791	0.28012985475647617095162900113792
18	29638	948	0.27341040873382249642986607796047
21	34541	1109	0.26739393621745066731421047734329
24	39518	1266	0.26202968851449215392790392797906
27	44421	1428	0.257263812355435550482951612139
30	49397	1590	0.25298359972441653020780449878657
33	54374	1747	0.24913685412652741835159986294457
36	59277	1904	0.24568866783649886964546737999626
39	64180	2062	0.2425912899084685658834814603324
42	69083	2224	0.23981057828235169404607063370349
45	74060	2385	0.23729525156433162180746876401827
48	79036	2548	0.23502563228267295269979797467386
51	84013	2705	0.23297435745033923115698826222797
54	88916	2863	0.23111546416787684399274382940348
57	93819	3020	0.22942215537910631839579878032964
60	98722	3177	0.22788296187973877682253487364505
63	103625	3339	0.22648590306585147935436452826252
66	108601	3496	0.22520535263196189701417893047619
69	113504	3654	0.22403410284296731980191452748841
72	118407	3816	0.2229593662850818114318229845594
75	123384	3972	0.22197146603308343104643540755205
78	128287	4133	0.22106576867798236052387039762834
81	133263	4294	0.22023121774916634696417361283238
84	138240	4456	0.21945940330966967612980056401284
87	143217	4617	0.21874647250934187159288057955564
90	148193	4779	0.21808607445621469578256323984533
93	153170	4940	0.21747276332032353107770461519976
96	158147	5097	0.21690272051206541115142556463979
99	163050	5254	0.21637511301613432390666957871872
102	167952	5411	0.21588459813185587043982138766296
105	172855	5576	0.21542736056869477012654101599765
108	177906	5738	0.2150004317153409172380662539581
111	182882	5895	0.2146034863279943083469447628886
114	187785	6052	0.21423084709369402678369453951746
117	192688	6214	0.21388169861248668146558316038863
120	197665	6375	0.21355638778113608666764378085645
123	202642	6535	0.21325043440594732002679734250705
126	207618	6696	0.21296430989793865840020714585989
129	212595	6853	0.21269488222686716571985243717791
132	217498	7011	0.21244111664595852206893766833673
135	222401	7177	0.21220216394096577672279124726629
138	227451	7333	0.21197700201681840548317836692149
141	232354	7490	0.21176587032187793591120339442568
144	237257	7651	0.21156576373083282871512267320213
147	242234	7812	0.2113768334598401521517985202081
150	247210	7969	0.21119885526266174435860989433422
153	252113	8127	0.21103017769087129007488101706258
156	257016	8283	0.21087060838703067244814803871122
159	261919	8444	0.21071996731185371753980462017353
162	266896	8606	0.21057696494171748713419844989403
165	271872	8762	0.21044236468681343232844938029302
168	276775	8919	0.21031399696874686355840822216123
171	281678	9079	0.2101922953464334109519029425428
174	286655	9235	0.21007677417213543868967917660484
177	291558	9396	0.20996708252831131069626735552447
180	296535	9553	0.20986270668565884522926978661417
183	301437	9709	0.20976344997345897080975873905118
186	306340	9870	0.20966923503417039809093580515764
189	311317	10035	0.2095795026580605791011180372152
192	316367	10192	0.20949503268979452474951585827512
195	321270	10353	0.20941480961509972846812388524995
198	326247	10515	0.20933837635463289905679573621455
201	331224	10672	0.20926461794077561018312394480745
204	336127	10829	0.20919413821626142713228091452038
207	341030	10995	0.20912693375587837474327557174547
210	346080	11152	0.2090628843756426880062804229965
213	350983	11310	0.20900275677773116900226568759535
216	355886	11466	0.20894433668896017497473849289236
219	360789	11622	0.20888856299193950261106067500805
222	365692	11783	0.20883534361313266236592767199909
225	370668	11942	0.20878443856638823072913169198728
228	375571	12099	0.20873581370757529618309433772083
231	380474	12260	0.20868930592210058194702071432403
234	385451	12418	0.20864580048872757855882298372308
237	390354	12576	0.20860324345821582014970374530094
240	395257	12737	0.20856249026163409254763791977894
243	400233	12899	0.20852351503741431426597330300865
246	405210	13055	0.20848619891229158707091073665651
249	410113	13212	0.20845047392790574947163406704931
252	415016	13369	0.20841629577239026427371015870449
255	419919	13526	0.20838349077663051445163944208616
258	424822	13684	0.20835211079502069519975293587777
261	429725	13844	0.20832200664525571398577596937685
264	434701	14003	0.20829318436461125019221185539209
267	439678	14157	0.20826552201169393208068925105181
270	444581	14313	0.2082390417544563998575313235051
273	449484	14474	0.20821460312756459587468782501674
276	454460	14632	0.20819017612268997385882585149375
279	459363	14788	0.20816675592062186539443757737899
282	464266	14944	0.208144272942915847801614859236
285	469169	15100	0.20812371897621648186849085959693
288	474072	15256	0.20810301601824052197819980847271
291	478975	15421	0.20808313687331597696683616049995
294	484025	15577	0.20806405174372089028622667683521
297	488928	15734	0.20804570605631442226091110114794
300	493831	15894	0.20802808597548699820478645960975
303	498808	16054	0.20801116060861310486096442673443
306	503785	16212	0.20799491141951906292284490973543
309	508687	16372	0.20797927475486824300254795616638
312	513664	16528	0.20796425917127223104152733412775
315	518567	16685	0.20795083564841873591255705377989
318	523470	16843	0.20793695564353820159908536879811
321	528373	17003	0.20792361350117194440656476217555
324	533350	17163	0.20791179504743476091910281411401
327	538326	17322	0.20789947325356517016103907735669
330	543229	17486	0.20788762332022087120364517431881
333	548280	17644	0.20787622020258739174991546860838
336	553182	17808	0.2078652545217349045802990303855
339	558233	17965	0.2078547146303324211213947592114
342	563136	18121	0.20784456824734046098690498638462
345	568039	18286	0.20783481059139832791693436320202
348	573089	18454	0.20782541992034689326551699650736
351	578213	18612	0.20781638837627405824726167793415
354	583116	18773	0.20780768545909569788854298622027
357	588093	18935	0.20780031378668686881105998054409
360	593070	19096	0.20779225951620960977095364796696
363	598046	19262	0.20778349988416397464696672159334
366	603097	19427	0.20777602941961967331074845333205
369	608147	19588	0.20776884820939761633340481239429
372	613124	19748	0.20776192677684546250560515545658
375	618100	19905	0.20775526833107296753588855153794
378	623003	20062	0.20774885476962229313713237388583
381	627906	20218	0.2077426746870110474407766787408
384	632809	20373	0.2077367287528364414583847974427
387	637712	20533	0.20773100557241203079072988657572
390	642689	20689	0.20772549052705130412377343418484
393	647592	20846	0.2077201797521021908732308247636
396	652495	21001	0.20771506400427572347489046933333
399	657397	21159	0.20771013479069305729396432980138
402	662300	21316	0.20770538073433242320930958157987
405	667203	21476	0.20770080562021678294293280941929
408	672180	21636	0.207697393618488712618841418589
411	677157	21791	0.20769314671586924792023864938528
414	682060	21948	0.20768905645703650275635254729423
417	686962	22113	0.20768511087768995460045573508978
420	692013	22271	0.20768130974369639063503711895464
423	696916	22435	0.20767764482598877195940190176771
426	701966	22591	0.20767411214342187952830443009589
429	706869	22753	0.20767071126624245258618373100035
432	711846	22910	0.20766742854034711540656132910954
435	716749	23070	0.20766426575620966499258202020428
438	721725	23228	0.20766122145966417478213372760365
441	726702	23385	0.20765828517565709798731177215814
444	731605	23545	0.20765545467349466601802987497649
447	736582	23701	0.20765272647466642697011707241472
450	741485	23857	0.20765009453541624639960616605094
453	746387	24022	0.20764755428251591151678212554543
456	751438	24183	0.20764510774722408359416192524805
459	756415	24344	0.20764274745070215866249441205582
462	761391	24505	0.20764047264025672911991193814174
465	766368	24666	0.20763828109475698791008824173332
468	771344	24827	0.20763616510966639849833370590204
471	776321	24988	0.20763412736367886646249303339573
474	781298	25144	0.20763216077619353616690034414205
477	786201	25300	0.20763026421430752499475147487829
480	791104	25456	0.207628435729527105468861236659
483	796007	25616	0.20762667143570684435971429593337
486	800983	25780	0.20762497106033211968778573464078
489	806034	25941	0.20762333081428593906103685640119
492	811010	26097	0.20762174723749904359237916651182
495	815913	26253	0.20762022116318812336999144463334
498	820816	26410	0.20761874837046898067960398748255
501	825719	26574	0.20761732825294068605082031808706
504	830769	26734	0.20761595715239450354872019488539
507	835746	26894	0.20761463491253720481388711505133
510	840723	27055	0.20761335993854365677968587533542
513	845699	27220	0.20761312816389820845586200448452
516	850750	27381	0.20761194143870176365140878260718
519	855727	27542	0.20761079586163730392733839380526
522	860703	27700	0.20760969138759441388053517130174
525	865606	27861	0.20760862564165463717280601940729
528	870583	28017	0.20760759630661382302285744572146
531	875486	28177	0.20760660467925548533507651427499
534	880462	28333	0.20760564765416317234425491733418
537	885365	28495	0.2076047250271639277308111104503
540	890342	28654	0.20760383221664152619823084933159
543	895319	28812	0.20760297272882363706081321197416
546	900222	28968	0.20760214150841044267181700888614
549	905124	29123	0.20760134121702228382488897295843
552	910027	29279	0.20760056839488227886647564446321
555	914930	29436	0.20759982215706945796185323160898
558	919833	29597	0.20759910207085308098129416976008
561	924810	29757	0.20759840745205596079792087493843
564	929787	29917	0.20759773732539052448764493874478
567	934763	30078	0.20759709043045301846142081103608
570	939740	30242	0.20759646555290775515878465284914
573	944790	30399	0.20759586276408309446495081829198
576	949693	30560	0.20759528184944192608085700157972
579	954670	30721	0.20759472055250247080060432836035
582	959647	30877	0.20759417892683554307531323956937
585	964549	31038	0.20759365571966115204816105688224
588	969526	31195	0.20759315148466397915605341495393
591	974429	31351	0.20759266352767455354744186024618
594	979332	31511	0.20759219319816710203063792050671
597	984309	31672	0.20759173942117595257350615156611
600	989285	31833	0.20759130103718662074818723795033
603	994262	31993	0.20759087791688266011469465865957
606	999239	32157	0.20759046966809791001651319675148
609	1004289	32313	0.20759007573811127933538500656141
612	1009192	32469	0.20758969535252583260565018008492
615	1014095	32634	0.20758932805317992231763923882681
618	1019145	32791	0.20758897344030938225678539765795
621	1024048	32951	0.20758863118908102429749362727307
624	1029025	33115	0.20758830053604140908340980331559
627	1034075	33272	0.20758798164443240108489874273801
630	1038978	33428	0.20758767384553786228273963843094
633	1043881	33585	0.20758737622438844239169952743396
636	1048784	33746	0.20758708895459856980103552359651
639	1053761	33906	0.20758681202411238819749428330397
642	1058737	34063	0.20758654445266672139425168097659
645	1063640	34219	0.20758628584190746968474172717833
648	1068543	34376	0.20758603622300422775204253866832
651	1073446	34538	0.20758579539926944046435153268249
654	1078423	34697	0.20758556242699494065462317848869
657	1083399	34859	0.20758533772878293155450535323325
660	1088376	35014	0.20758512068635495695367865209846
663	1093279	35171	0.20758491113496257973736192070646
666	1098182	35328	0.20758470879505069861536981079553
669	1103085	35488	0.20758451326840027251208198322274
672	1108062	35644	0.20758432462092302195344473147998
675	1112964	35801	0.20758414221030130342171560187126
678	1117867	35966	0.20758396625503272581170222110813
681	1122918	36123	0.20758379618549985257125456428184
684	1127821	36288	0.20758363209806868221463105328439
687	1132871	36452	0.20758347355220965746447348010406
690	1137922	36608	0.20758332043316501946961238900258
693	1142824	36773	0.20758317263898573568070560213528
696	1147875	36929	0.20758302986390622657530968808715
699	1152778	37085	0.20758289196010631938449364497501
702	1157681	37242	0.20758275861967978581645866142935
705	1162584	37402	0.20758262993661322215466213947366
708	1167560	37562	0.20758250568810687752829835517332
711	1172537	37718	0.20758238562869085752637943187437
714	1177440	37877	0.20758226975768806488176210223173
717	1182417	38038	0.20758215763967646783072495964007
720	1187393	38200	0.20758204938806207318080510049185
723	1192370	38361	0.20758194470005428278192027846671
726	1197347	38517	0.20758184374501278957048100437532
729	1202249	38682	0.20758174628408312956118209058332
732	1207300	38843	0.20758165200118805504558849861496
735	1212277	38999	0.20758156100405728006208505576069
738	1217179	39159	0.2075814730800432938995214726674
741	1222156	39315	0.20758138811386067645869957232208
744	1227059	39475	0.20758130598066834582304807099717
747	1232036	39634	0.20758122665421144259489949490671
750	1237012	39791	0.20758115011069805388999043316289
753	1241915	39952	0.2075810759228233493001170018033
756	1246892	40118	0.20758100431058110202364730412228
759	1251942	40273	0.20758093526093129854714902648993
762	1256845	40431	0.20758086849269152818209249744541
765	1261748	40591	0.20758080397026248964387207252003
768	1266725	40748	0.20758074157229092215892762851581
771	1271628	40910	0.20758068133719101422407504742296
774	1276604	41071	0.20758062306564595278501883512945
777	1281581	41244	0.20758056684643091949205029322911
780	1286779	41400	0.20758051245880931867660024181532
783	1291682	41557	0.20758045992890544750864023626491
786	1296585	41713	0.20758040915639403012349362143141
789	1301488	41870	0.20758036015428282805572735014721
792	1306391	42027	0.20758031273001939509548208206979
795	1311294	42183	0.20758026690621539378511783979775
798	1316196	42344	0.2075802225745509987930859097105
801	1321173	42505	0.20758017976987844233072166844067
804	1326150	42661	0.20758013844412778747816616942146
807	1331053	42821	0.20758009850116562744481996105606
810	1336029	42985	0.20758005980849139615607157338673
813	1341080	43142	0.2075800223802177768561705306638
816	1345983	43300	0.20757998623653597936034032045427
819	1350959	43460	0.20757995143143903593596633072593
822	1355936	43616	0.2075799176713809257588394530103
825	1360839	43771	0.2075798850026476238816997010872
828	1365742	43936	0.20757985352075319918085938297736
831	1370792	44096	0.20757982297917829117572807717806
834	1375769	44266	0.20757979349978031291534819047229
837	1380893	44431	0.20757976496323493620366207323968
840	1385944	44588	0.20757973731624410063112406987784
843	1390846	44748	0.20757971070861164220033856508962
846	1395823	44914	0.20757968491169109803706760430941
849	1400874	45075	0.20757965997889418763300284354045
852	1405850	45232	0.20757963591284614435217292793823
855	1410753	45391	0.20757961265432656183804738248
858	1415730	45548	0.20757959019255778354562380627613
861	1420633	45705	0.20757956834820814884245976372767
864	1425536	45862	0.20757954725609448209944218888268
867	1430439	46027	0.20757952688482522729529478056065
870	1435489	46184	0.20757950715635148375426410893851
873	1440392	46344	0.20757948809840129356096838364465
876	1445369	46499	0.20757946971134838554107204799948
879	1450271	46660	0.20757945190202267693457827135717
882	1455248	46821	0.2075794346643288490472656349084
885	1460225	46978	0.20757941798383630627178320082749
888	1465128	47134	0.20757940189844872880264858849841
891	1470031	47295	0.20757938636250522490556136290252
894	1475007	47457	0.20757937124911654547254613589757
897	1479984	47612	0.20757935657571072174398807419493
900	1484887	47768	0.20757934250347334637076812668965
