0	0	0	0.69314718055914625871594125783304
3	46338	2536	0.35120082236767274919131409660622
6	92529	5072	0.31088642829826201863241408318572
9	138646	7625	0.29672026141722712688775231981708
12	184984	10150	0.28740717637980967014144084714644
15	230806	12690	0.2797711972413082226474045910436
18	276849	15250	0.2730989300043341616586189957161
21	323187	17827	0.26718281770141566466847393712669
24	369747	20389	0.26190072570985439837087938030891
27	416011	22944	0.25715855146377630813248060803744
30	462128	25510	0.25289164097487254467822026526846
33	508393	28073	0.24907650957219856779900624133006
36	554657	30625	0.24565320146382405019913619526051
39	600701	33203	0.24256616697329719256615021549806
42	647186	35785	0.23979889495360476314722575352789
45	693672	38358	0.23730194441548757566806671093218
48	740010	40930	0.23505223945261757845237582387199
51	786349	43488	0.2330123790077899825767815400468
54	832466	46028	0.23115763723989402045333463320276
57	878288	48606	0.22946694046797119770353390322271
60	924773	51164	0.2279390652560621399747020632276
63	970890	53726	0.22654150056018843018001973632636
66	1017081	56284	0.22526568420233580858358379828132
69	1063272	58840	0.22409762637707819621368798834737
72	1109463	61395	0.22302610129416544637592778599355
75	1155506	63943	0.22204175278673787818917162439902
78	1201475	66509	0.22113768317352763825844874645554
81	1247887	69069	0.22030421745428144242318069245812
84	1294152	71616	0.21953406558406157733642771745508
87	1340121	74160	0.21882060069785166933620246254577
90	1386091	76712	0.21815854583978785963260804692254
93	1432282	79294	0.21754558371354515422524400491966
96	1478399	81854	0.21697785793195573100788919873594
99	1524590	84400	0.21644990292869428771815876189066
102	1570559	86948	0.21595719014983769112880906959617
105	1616602	89491	0.21549850402368703194966315095371
108	1662572	92037	0.21506974176002494059112279956025
111	1708541	94590	0.21467022826739079466307202892494
114	1754806	97145	0.21429658835528697657935026654741
117	1800997	99691	0.21394670200026569273354937195109
120	1846966	102238	0.21361924176368587979801816345571
123	1892936	104787	0.21331111881792771955979048925656
126	1939126	107339	0.21302285513826943463833174519095
129	1985391	109889	0.21275254995843329020033252163557
132	2031656	112444	0.21249701049969518806825874435162
135	2077920	114997	0.21225665256954431847624675810948
138	2124185	117553	0.21203016713485525746030191385216
141	2170597	120102	0.2118167881482007075533147144597
144	2216787	122656	0.21161644927191378129371912564238
147	2263126	125209	0.21142601960507589886617552110692
150	2309464	127765	0.21124605590743478211734895921836
153	2355802	130324	0.21107595123584430019114677179459
156	2402361	132868	0.21091525618555734267189905040141
159	2448331	135413	0.21076276828953333097871336576645
162	2494374	137955	0.2106183075780404534427248108841
165	2540344	140507	0.21048138447332137568324128551467
168	2586608	143061	0.21035277626080350898973847506568
171	2632947	145610	0.21022983215969978654236172133096
174	2679137	148158	0.21011291100070086934614721485559
177	2725328	150707	0.2100018480023486677765731656109
180	2771593	153255	0.2098963138186982213539977237815
183	2817783	155808	0.20979601018910568055453325087001
186	2864048	158358	0.20970063544629766183469143925322
189	2910312	160904	0.20960980801001399820293613629474
192	2956503	163446	0.20952430038000430245759275749151
195	3002546	165990	0.20944291507794271511855299650051
198	3048590	168542	0.20936436737193930834877164670615
201	3095002	171085	0.20929061732882811575073844778672
204	3141045	173633	0.20921928590842964190699149185093
207	3187309	176173	0.20915127168605279761592896647926
210	3233279	178713	0.20908631037319128087581532327022
213	3279248	181262	0.20902529621082524546871184156771
216	3325513	183810	0.20896610098708970348901914348971
219	3371851	186351	0.20890962619519706788828727894725
222	3417821	188898	0.20885562012874792081618124939268
225	3464159	191448	0.20880401401785850246106690519809
228	3510571	193987	0.20875470096699011435248394263908
231	3556541	196529	0.20870744342198280230071816276904
234	3602436	199075	0.20866330038193384166511634703056
237	3648701	201617	0.20862011437619318310332516830385
240	3694670	204161	0.20857877028770557825687603781262
243	3740787	206709	0.20853922258272522549660266122373
246	3787126	209256	0.20850132245499553018674987470149
249	3833464	211799	0.20846507167264063942191398837167
252	3879507	214342	0.20843032498206068292567749722366
255	3925624	216883	0.20839703684741989198059286536591
258	3971594	219440	0.20836508744889450928106100491277
261	4018079	221982	0.20833452325231585633424913339695
264	4064196	224533	0.20830522665107767399383931206103
267	4110535	227078	0.208277158592549388460568593473
270	4156652	229626	0.20825017390230426972408395158709
273	4202695	232166	0.20822532413754205049549739214854
276	4248664	234705	0.20820052414965703468929802966159
279	4294560	237255	0.20817670737201424135953686800349
282	4341046	239802	0.20815385497676494597207863535004
285	4387237	242352	0.20813191984160123171321288282343
288	4433723	244895	0.20811188773747818503423445690714
291	4479766	247437	0.20809167082120888503382616363524
294	4525809	249974	0.2080722606965650089971830993818
297	4571631	252516	0.20805359750286944731101357319858
300	4617748	255057	0.20803568309729691954146346688503
303	4663791	257599	0.20801849106372993780667002283735
306	4709908	260149	0.20800196072124513269052670239034
309	4756247	262694	0.20798610234370537575010473574366
312	4802437	265238	0.20797083654780751382773473778798
315	4848628	267785	0.20795718971673476938022417925822
318	4894966	270328	0.20794308722983742554468733487738
321	4941083	272868	0.20792953080655651731944999482948
324	4987127	275401	0.20791649030784198348698055269779
327	5032728	277949	0.20790493323867567654339438831812
330	5079140	280490	0.20789287632179992426628700741276
333	5125183	283043	0.20788127587878468816029453591909
336	5171816	285594	0.20787014006029169710387805025675
339	5218375	288138	0.20785941458800169523435386054189
342	5264566	290683	0.20784910034285652979946235063835
345	5310831	293233	0.20783917580869554209144212109095
348	5357243	295781	0.20782963598256762316474066665251
351	5403728	298327	0.20782045075965724367783593606873
354	5450067	300871	0.20781160689512170880455244059704
357	5496331	303416	0.20780409486201031898922053642309
360	5542522	305955	0.20779589743117132805139135598438
363	5588492	308493	0.20778701359571938311887606687378
366	5634461	311034	0.20777942331325707780997902318632
369	5680578	313579	0.20777211216254778958223425888718
372	5726916	316119	0.20776508166995702464596718073153
375	5772960	318668	0.20775830936721256803068058616191
378	5819445	321203	0.20775178877033034785526410814782
381	5865194	323741	0.20774550256669183090352248655108
384	5911163	326285	0.20773944306152705707724237527145
387	5957354	328824	0.20773361649385663207922902984137
390	6003323	331367	0.20772801061487958240725504310831
393	6049514	333909	0.20772260503244208140749549329485
396	6095631	336452	0.20771740883747988326568645334191
399	6141822	338996	0.20771239157525617224919756154122
402	6188086	341534	0.20770756085721889250272909066553
405	6234056	344074	0.2077029112760592211017751651525
408	6280173	346619	0.20769842828672960277636150294711
411	6326511	349160	0.20769510345721678423736022978119
414	6372555	351702	0.20769093814481998094834125367925
417	6418745	354244	0.20768693303511717718201623483765
420	6464862	356786	0.20768306419696119791140631605231
423	6510979	359333	0.20767933583881720283059735265851
426	6557391	361872	0.20767574646075984134974135031371
429	6603435	364416	0.20767228316022165457432890889322
432	6649625	366956	0.20766894554286430274459007705445
435	6695669	369500	0.20766572649593748045582231043227
438	6741859	372041	0.20766262650307795722959269824059
441	6787976	374575	0.20765963856321467684296067091054
444	6833725	377122	0.20765676254728765437462811860314
447	6879915	379666	0.20765398369494553199032793600054
450	6926106	382235	0.20765130509542409353862524312717
453	6972518	384787	0.20764872750227547637535963076516
456	7018635	387424	0.20764623944192603377523198560084
459	7064531	389999	0.20764383505131703278046018112946
462	7110796	392536	0.20764152165484850431909080725745
465	7156544	395080	0.20763928857073865597016038009315
468	7202735	397623	0.20763713625543028795661371077585
471	7248925	400163	0.2076350628285340005341197411326
474	7294969	402699	0.20763305641292392755836715423357
477	7340791	405254	0.20763112788663534713506919615611
480	7387645	407798	0.2076292725702560681977359990924
483	7433762	410335	0.20762748673914835362275255192799
486	7479584	412877	0.20762575222084353465668016269774
489	7525701	415425	0.20762408200073367847693361909478
492	7572113	417967	0.2076224698075460617374687899428
495	7618304	420513	0.20762092193884940094505964225391
498	7664421	423055	0.20761942335374958257254718319018
501	7710538	425595	0.2076179782756617242522878541422
504	7756507	428144	0.20761658653469708402106164157885
507	7802993	430688	0.20761523866410233618573499825288
510	7849331	433225	0.207613944523243970641246392006
513	7895153	435771	0.20761369024503301128348198290041
516	7941565	438319	0.20761248433706636085105401434703
519	7987830	440860	0.20761132122851347348024830807844
522	8034021	443402	0.2076101959155746135010645048169
525	8080285	445944	0.20760911338217055699395530155016
528	8126476	448484	0.20760807060382627242667297196022
531	8172593	451023	0.20760706550876611986566899759055
534	8218636	453574	0.20760608973415661804295950787491
537	8265048	456118	0.20760514881682312626764996821294
540	8311165	458661	0.20760424562247409285831167835568
543	8357430	461205	0.20760336866676051825741922129964
546	8403694	463742	0.20760252813535132188071941072849
549	8449590	466287	0.2076017144629240251951785012352
552	8495781	468826	0.20760092675453212240910261243698
555	8541824	471368	0.20760016996440336378704216713231
558	8588015	473910	0.20759943488166482383761035634961
561	8634206	476454	0.20759872857534047985161862470704
564	8680470	478996	0.20759804622010571972801074025483
567	8726735	481542	0.20759738820437359518855657825043
570	8772999	484083	0.20759675458328921693329505160364
573	8819190	486619	0.20759613838658341755660785565851
576	8865086	489159	0.20759554827325812920157943608501
579	8911203	491699	0.20759497714049943151159993703914
582	8957393	494237	0.2075944267300577072976608405952
585	9003363	496782	0.20759389405474956702413180664735
588	9049775	499328	0.20759338132561311329737918640603
591	9096261	501868	0.20759288679627121987358862043038
594	9142378	504410	0.20759240994877875552404589143407
597	9188495	506950	0.20759194730858709920795490688761
600	9234612	509490	0.20759150330269271478300652233884
603	9280655	512030	0.20759107436975937632794853016094
606	9326551	514570	0.20759065924826208826559081899177
609	9372668	517115	0.20759025595015073717419795684691
612	9418637	519651	0.20758986742316576368239111616276
615	9464533	522191	0.20758949389442812871742205516057
618	9510429	524735	0.20758913475098828005371842664317
621	9556767	527282	0.20758878580681344727665305072151
624	9603179	529821	0.20758845041684195753539654560882
627	9649222	532356	0.20758812679415242219427284453559
630	9695045	534901	0.20758781251160068892502863491245
633	9741383	537444	0.20758751113456586079308863190818
636	9787574	539988	0.20758721751594522153538946440676
639	9833764	542532	0.20758693553796048192339185334276
642	9880029	545070	0.20758666520258922671970935880381
645	9926072	547609	0.20758640096296973598377633152268
648	9972115	550163	0.20758614621194276805837830579549
651	10018601	552704	0.20758590117355144033517433399538
654	10064644	555242	0.20758566315570617377694873084693
657	10110614	557789	0.20758543501488457838632939456147
660	10157173	560321	0.20758521568128893153293290652073
663	10202848	562861	0.20758500530561846408872384017741
666	10248965	565401	0.20758480009451904524375720484386
669	10295082	567940	0.20758460138231016323118183208862
672	10341125	570479	0.20758440886518350620981721021963
675	10387242	573025	0.20758422220393446533392989294953
678	10433654	575566	0.20758404375198624691734039515723
681	10479771	578107	0.20758387230327773886884301646205
684	10525888	580647	0.20758370565602393686965854158188
687	10572079	583185	0.20758354488404831550418805363734
690	10618122	585722	0.20758338926469582785827583393257
693	10664092	588265	0.207583239369637545523872290687
696	10710283	590808	0.20758309483208234325068985981488
699	10756473	593347	0.20758295302700502382720060268184
702	10802517	595894	0.207582817078965004009560857412
705	10849076	598436	0.20758268497324028345474289380945
708	10895341	600976	0.20758255917216605901387538324343
711	10941384	603514	0.20758243678884896743497279203439
714	10987353	606052	0.20758231814521871383405482447415
717	11033249	608596	0.20758220435971078132730838206044
720	11079514	611131	0.2075820933664265788287650593702
723	11125336	613676	0.20758198702775848554225035513809
726	11171748	616223	0.20758188521034259821362866205163
729	11218233	618764	0.20758178633076992958272910527739
732	11264424	621309	0.2075816901859574847843958878002
735	11310762	623849	0.20758159808415699298933532190858
738	11356806	626393	0.20758150886133289181323391403566
741	11402996	628940	0.20758142299318760315429699403467
744	11449556	631481	0.20758134062679300946285820828052
747	11495747	634021	0.20758126034769688872394510781305
750	11541864	636563	0.20758118368493880256941963580175
753	11588128	639100	0.20758110880448804591580369560688
756	11633950	641649	0.2075810358612728279137371600882
759	11680362	644192	0.20758096526728286868035411316669
762	11726553	646738	0.20758089772531698735669181132835
765	11772965	649290	0.20758083152770737123127275935985
768	11819598	651833	0.20758076856206753024736144652707
771	11865863	654382	0.20758070679683982007190934382379
774	11912348	656923	0.20758064780910934210567120317137
777	11958392	659473	0.2075805906110324006164091770188
780	12005025	662012	0.20758053597263459444377531326609
783	12051068	664553	0.20758048278576421430408061041817
786	12097185	667099	0.20758043103910581161919424175721
789	12143597	669642	0.20758038089364164169303705875791
792	12189788	672187	0.20758033184424135031420632913068
795	12236200	674730	0.20758028577465817421376925722143
798	12282391	677270	0.2075802413006192781441683337107
801	12328360	679812	0.20758019870092583869514157868252
804	12374625	682355	0.20758015729804818461090576420247
807	12420963	684897	0.20758011685631386211703386379668
810	12467154	687432	0.20758007705888253946469035327027
813	12513050	689977	0.20758003885044565284268003324541
816	12559388	692520	0.20758000317637573250983962225291
819	12605652	695056	0.20757996790629393291105486696324
822	12651474	697597	0.20757993340511027291483969747787
825	12697591	700138	0.20757989992351513763857440153515
828	12743708	702681	0.20757986793747335019233446473663
831	12789899	705222	0.20757983680147118477066214836668
834	12835942	707765	0.20757980703490463980642743990757
837	12882133	710308	0.20757977837179797386824020577478
840	12928471	712851	0.20757975073913656482993417284888
843	12974736	715397	0.20757972387851114648427142128639
846	13021222	717940	0.20757969787397881344936934056022
849	13067191	720484	0.20757967281618680543964217122266
852	13113456	723026	0.20757964789493243973339531294187
855	13159499	725562	0.2075796238539487081897760845095
858	13205321	728099	0.20757960095750174756012995658239
861	13251291	730639	0.20757957840686830364163029116753
864	13297481	733177	0.20757955683670148427921731126844
867	13343525	735717	0.20757953560870390230519433316658
870	13389715	738255	0.20757951528706955479641749207076
873	13435759	740792	0.20757949560170507741219125819043
876	13481728	743337	0.20757947601895826439388770268124
879	13528214	745875	0.20757945811978659178542727659078
882	13574183	748418	0.20757944102003264563727213953825
885	13620374	750960	0.20757942428608874840811893136561
888	13666712	753506	0.20757940823285336851000693059177
891	13712903	756056	0.20757939227778318680428526477044
894	13759536	758598	0.20757937697381600994361861012294
897	13805727	761141	0.20757936215790975809092344661622
900	13851844	763683	0.20757934797063581910947505093645
