0	0	0	0.69314718055895352399886633065762
3	7764	2	0.69314717762949074053580034160404
6	15528	4	0.69314717579919071788197015848709
9	23292	7	0.69314716702575684958986812489456
12	31057	9	0.69314716381686303225961864882265
15	38821	12	0.69314712885301443812124944088282
18	46585	14	0.69314712605062189787474835611647
21	54350	16	0.69314674635971962324276773870224
24	62114	19	0.69314673733660070453765911224764
27	69878	21	0.69314673387057268438837809299002
30	77643	23	0.69314669866434075462535702172318
33	85407	26	0.69314669560312958118686310626799
36	93171	29	0.69314669361086023169349346062518
39	100935	31	0.69314668459080197582267146572121
42	108700	33	0.69314668112626998119907284490182
45	116464	36	0.69314664593000685499646351672709
48	124228	38	0.69314664287018701305242984744837
51	131993	40	0.69314664087916000312361575197428
54	139757	43	0.6931466318621661848453641141532
57	147521	45	0.69314662839912621894455924120848
60	155286	47	0.69314659321282789949947300556232
63	163050	50	0.69314659015440027722831928258529
66	170814	52	0.69314658816461427459643118709209
69	178578	54	0.69314657915067867666181200547726
72	186343	57	0.69314509281040292965059279595152
75	194107	59	0.69314505795604408611154667596566
78	201871	61	0.69314505504791557033428262002417
81	209636	64	0.69314505319644936776057875249535
84	217400	66	0.69314504436801627207387355156243
87	225164	68	0.69314504106054075638354561306187
90	232929	71	0.69314500621597063823031703577726
93	240693	73	0.69314500330918626946896665685927
96	248457	75	0.6931450014635510692428965739964
99	256221	78	0.69314499264274442857924896088662
102	263986	80	0.69314498934134871621637330463273
105	271750	83	0.6931449545111985077738836480421
108	279514	85	0.69314495161063016670510705807828
111	287279	87	0.69314494976764995382012557456619
114	295043	90	0.6931448045479605690744051571528
117	302807	92	0.69314480122644017701105667583761
120	310572	94	0.69314476640886046876488535417593
123	318336	97	0.69314476348613662803899160280707
126	326100	99	0.69314476162182336871353527385509
129	333864	102	0.69314475279362297577279150573304
132	341629	104	0.69314474947355042555585669106222
135	349393	106	0.69314471466576610403365066304104
138	357157	109	0.69314471174438985201504692668095
141	364922	111	0.69314470988127707684611777949613
144	372686	113	0.69314470105606751371141172057833
147	380450	116	0.69314469773744336045240288513014
150	388215	118	0.69314466293945464769876707578078
153	395979	120	0.69314466001942354189679917908506
156	403743	123	0.69314465815750836430453318826039
159	411507	125	0.69314464933529318368954363904777
162	419272	127	0.69314464601811542898701645754045
165	427036	130	0.69314461122991666286452527856454
168	434800	132	0.69314452574071860890825291789952
171	442565	134	0.69314452388245972880298495510942
174	450329	137	0.69314451506735819119597863391391
177	458093	139	0.69314451175431845975083433586406
180	465858	141	0.69314447698550563092823040278745
183	473622	144	0.69314447407367918430054487544112
186	481386	146	0.69314447221738817450642500261893
189	489150	148	0.69314446340604618512770684901625
192	496915	151	0.69314446009522556746418331385939
195	504679	153	0.69314442533696474235682671860559
198	512443	156	0.69314442242670859517517101267003
201	520208	158	0.69314442057161462784620198362973
204	527972	160	0.69314441176326291316200922665303
207	535736	162	0.69314440845388380907365899474826
210	543501	165	0.69314437370540638028160174144432
213	551265	167	0.69314437079649071637987844951567
216	559029	170	0.69314436894259312538224548916332
219	566793	172	0.69314436013722735552278209070209
222	574558	174	0.6931443568292950940801233628008
225	582322	177	0.69314432209059517742133493811707
228	590086	179	0.69314431918302110702256868535187
231	597851	181	0.69314431733031978133396933117183
234	605615	184	0.69314430852794040038844514128868
237	613379	186	0.69314430522145031865477449173341
240	621144	188	0.69314427049252647083932288296637
243	628908	191	0.69314426758629110736364964395761
246	636672	193	0.69314426573478604698408389594988
249	644436	195	0.69314425693538950223882011414389
252	652201	198	0.6931442536303438206601867932477
255	659965	200	0.69314421891119359919741782505298
258	667729	202	0.69314289849990251557443343699561
261	675494	204	0.69314289674304818689165585965384
264	683258	207	0.69314288807449020435313968846458
267	691022	209	0.69314167838345985828141238016542
270	698787	211	0.69314164416496404363954297878081
273	706551	214	0.69314164138513456592249895038549
276	714315	216	0.69314163963614061625406748134992
279	722079	219	0.69314163102250414549843071654323
282	729844	221	0.69314162784823840635084479799843
285	737608	223	0.69314159363930694102151619517826
288	745372	226	0.69314159086077653526558606245089
291	753137	228	0.6931415891129395490111164690461
294	760901	230	0.69314158050221741369512074015802
297	768665	233	0.69314157732935144373698221897939
300	776430	235	0.69314154312998699225545351509936
303	784194	237	0.69314154035275543641603235300863
306	791958	240	0.69314153860607330415177784743719
309	799722	242	0.69314152999826894596679949245299
312	807487	244	0.69314152682680030270745419329614
315	815251	247	0.69314149263699575964636778735439
318	823015	250	0.69314148986106405292417775854119
321	830780	252	0.69314148811553777385086050344398
324	838544	254	0.69314147951064686292710348425317
327	846308	257	0.69314147634057532432194648208679
330	854073	259	0.69314144216032846923525312377024
333	861837	262	0.69314143938569472425115236546844
336	869601	264	0.6931414376413251865471920609707
339	877365	266	0.69314142903934572448321205229149
342	885130	269	0.69314095691363564188947066213586
345	892894	271	0.69314127557329785478401618092903
348	900658	273	0.69314127275287629181832471658709
351	908423	276	0.69314127097369604424415001631132
354	916187	278	0.69314126236238438050207832930028
357	923951	280	0.69314105537606751639145841181744
360	931716	283	0.6931410213579038970266310570878
363	939480	285	0.69314101856237653187520209030481
366	947244	287	0.69314101680634720992202346678823
369	955008	290	0.69314100822541657720421426347457
372	962773	292	0.69314100504516651390929382614559
375	970537	294	0.69314097103650962328202922435594
378	978301	297	0.69314096824228066395789937814698
381	986066	299	0.6931409664874075282625653926516
384	993830	301	0.69314085059610131001051058774465
387	1001594	304	0.69314084744153603434568822194706
390	1009359	307	0.69314081348690592676575761288404
393	1017123	309	0.69314081071553546031793757720152
396	1024887	311	0.69314080898306429379118753786315
399	1032651	314	0.69314080043513559559187342529185
402	1040416	316	0.69314079728195943097546205535764
405	1048180	318	0.69314076333679652819341754366178
408	1055944	321	0.69314076056671791725705134012969
411	1063709	324	0.69314075883539327804783169995062
414	1071473	326	0.69314075029035349118089470721316
417	1079237	328	0.69314074713856466125605493289186
420	1087002	331	0.69314071320286718691505711831269
423	1094766	333	0.6931407104340834290923112348537
426	1102530	335	0.69314070870390420697759736867738
429	1110294	338	0.69314070016174988975166115778848
432	1118059	340	0.69314148119301755013310639697011
435	1125823	342	0.69314144709794145438053192265215
438	1133587	345	0.69314144428858492918976708097034
441	1141352	347	0.69314144252300269322120129800169
444	1149116	349	0.69314143392055860282141566131031
447	1156880	352	0.69314143072904221831720406044042
450	1164645	354	0.69314139664347718117198837717297
453	1172409	357	0.69314139383542816563732458234881
456	1180173	359	0.69314139207100422535035022519878
459	1187937	361	0.69314138347146625473982339826762
462	1195702	364	0.69314138028135330316104045778047
465	1203466	366	0.69314134620529765928864662782871
468	1211230	368	0.69314134339855426603094201709609
471	1218995	371	0.69314134163528950960397878588992
474	1226759	373	0.69314133303865632651508121853112
477	1234523	375	0.69314132984994580866100477578584
480	1242288	378	0.69314129578339711557077862380538
483	1250052	381	0.69314129297795856743391595955472
486	1257816	383	0.69314129121585266180005646674545
489	1265580	385	0.69314128262212515441120785908424
492	1273345	388	0.69314127943481618210341821395559
495	1281109	390	0.69314124537777233037161295214901
498	1288873	392	0.69314124257364040371243163463078
501	1296638	395	0.69314124081269101740332416738966
504	1304402	397	0.69314123222186529993393833137816
507	1312166	400	0.69314122903595998259618227166357
510	1319931	402	0.69314119498841642030839693688904
513	1327695	404	0.69314119218558967183696495339973
516	1335459	407	0.69314119042579780405333167436766
519	1343223	409	0.6931411818378762079717603228346
522	1350988	411	0.69314117865337299129180337331491
525	1358752	414	0.69314114461532538857824192746193
528	1366516	416	0.69314121859619559629095419950318
531	1374281	418	0.69314121686254348553291038115276
534	1382045	421	0.69314120829860337291705718598678
537	1389809	423	0.69314120513759391872810056156595
540	1397574	425	0.69314117111377349100820310923154
543	1405338	428	0.69314116833856409538583420726354
546	1413102	430	0.69314116660606128750288235096377
549	1420866	433	0.69314115804501164053164075085078
552	1428631	435	0.69314115488539673748391578556038
555	1436395	437	0.69314112087105050896695956907934
558	1444159	440	0.69314111809713518930209374957485
561	1451924	442	0.69314111636578346065107325557619
564	1459688	445	0.69314110780762105967767183756223
567	1467452	447	0.69314110464939970857045636876137
570	1475217	449	0.69314107064452057382908378713182
573	1482981	452	0.69314106787189933012172105009085
576	1490745	454	0.69314106614169634923428020556457
579	1498509	457	0.69314105758642674537384209543234
582	1506274	459	0.69314105442959761393950657293317
585	1514038	461	0.69314102043418801546437180149951
588	1521802	464	0.69314101766286040362530229685945
591	1529567	466	0.69314101593380728072446572696208
594	1537331	468	0.69314100738142392366114563628798
597	1545095	471	0.69314100422598745598889991015312
600	1552860	473	0.69314097024004428515553399847704
603	1560624	476	0.69314096747000963905094295114395
606	1568388	478	0.69314096574210570800289588078158
609	1576152	480	0.69314095719260815364748395950301
612	1583917	483	0.69314095403856379462581571715418
615	1591681	485	0.6931409200620809452075832268747
618	1599445	488	0.69314091729334126323891496213037
621	1607210	490	0.69314091556658308235228105331771
624	1614974	492	0.69314090701997377319543147677905
627	1622738	495	0.69314090386732063464592101809103
630	1630503	497	0.69314086990029888379893918681773
633	1638267	499	0.69314086713285061325251490416122
636	1646031	502	0.69314086540723929275031878205482
639	1653795	505	0.69314085686351489812295767478645
642	1661560	507	0.69314085371225131471106806202442
645	1669324	509	0.69314081975468511132021376397461
648	1677088	512	0.69314081698852758606221868831199
651	1684853	514	0.69314081526406501332360221567797
654	1692617	516	0.69314080672322586629263696522685
657	1700381	519	0.6931408035733513939291583483282
660	1708146	521	0.69314076962523984981601188337663
663	1715910	524	0.69314076686037529029249526502099
666	1723674	526	0.69314076513705702442535994123318
669	1731438	528	0.69314075659909912818790189703577
672	1739203	531	0.69314075345061476607355643864139
675	1746967	533	0.69314071951195233012299468100537
678	1754731	535	0.69314071674837873793251219467493
681	1762496	538	0.69314071502620755449441958262469
684	1770260	540	0.69314070649113235234040075738449
687	1778024	543	0.69314070334403687922986136982217
690	1785789	545	0.69314066941482166406274245673558
693	1793553	548	0.69314066665253903920529410243034
696	1801317	550	0.69314066493151260672789248928893
699	1809081	552	0.69314058820462143284402145582135
702	1816846	554	0.69314058507329778802130704207229
705	1824610	557	0.69314055115831274545001861042692
708	1832374	559	0.69314054841073680091056985475007
711	1840139	562	0.69314054670320834894425843231147
714	1847903	564	0.69314053818636844894740534073208
717	1855667	566	0.69314053505642814201337387203239
720	1863432	568	0.69314050115088066128521404607454
723	1871196	571	0.69314049840458924478525659651496
726	1878960	573	0.69314049669820088084293274732772
729	1886724	576	0.69314048818424089937195731181419
732	1894489	578	0.69314048505568137681365215030382
735	1902253	580	0.69314045115957112486171354248654
738	1910017	583	0.69314044841456590173578433677903
741	1917782	585	0.69314044670931751479514559832751
744	1925546	588	0.69314043819823012437808529284666
747	1933310	590	0.6931404350710521633516236761352
750	1941075	593	0.69314040118437536541762256092625
753	1948839	595	0.69314039844065467033118466133601
756	1956603	597	0.69314039673654703754834827122977
759	1964367	600	0.69314038822833135000678339565638
762	1972132	602	0.69314038510253384028914069858729
765	1979896	604	0.693140351225290385350774613471
768	1987660	607	0.69314034848285466239303787006065
771	1995425	609	0.69314034677988578536655950301792
774	2003189	612	0.69314033827454279990121221999289
777	2010953	614	0.69314033515012740682692538030096
780	2018718	616	0.69314030128231007843453426175984
783	2026482	618	0.69314029854115810636017158685718
786	2034246	621	0.69314029683932720793393400526838
789	2042010	623	0.69314028833685514818796491454123
792	2049775	625	0.69314028521381942926637975688209
795	2057539	628	0.69314025135542822741996360491612
798	2065303	630	0.69314024861556011725127746103681
801	2073068	633	0.69314024691486830764830529005849
804	2080832	635	0.69314023841526450908645529125351
807	2088596	637	0.69314023529361001862980629084632
810	2096361	640	0.69314020144463939221424197967281
813	2104125	642	0.69314019870605336759439296656637
816	2111889	644	0.69314019700649953659166158104199
819	2119653	647	0.69314018850976599761537499944097
822	2127418	649	0.69314018538948884984307596823783
825	2135182	651	0.6931401515499394649921782729507
828	2142946	654	0.69314014881263530387656146558584
831	2150711	656	0.69314014711421823022874377784319
834	2158475	658	0.69314013862035506186032307596179
837	2166239	661	0.69314013550145625597309617660358
840	2174004	663	0.69314010167132367179476659657666
843	2181768	666	0.69314009893530104111647460740642
846	2189532	668	0.69314009723802116891278046750813
849	2197296	670	0.69314008874702437434933699478279
852	2205061	673	0.69314008562950368830257730223821
855	2212825	675	0.69314005180878501821695181206451
858	2220589	678	0.69314004907404391797598464108887
861	2228354	680	0.69314221685700649899786185414996
864	2236118	682	0.6931422082207290280564393469831
867	2243882	685	0.69314220498562673089537611303967
870	2251647	687	0.69314217083369911165391386020929
873	2259411	690	0.69314216798707284361569236352807
876	2267175	692	0.69314216619730839585855619588983
879	2274939	695	0.69314215756394292888842301181285
882	2282704	697	0.69314215433025760937368886516197
885	2290468	699	0.69314212018784271407412234111689
888	2298232	702	0.69314211734253061703014964223257
891	2305997	704	0.69314211555393467900643145185313
894	2313761	706	0.69314250566945168063881510533975
897	2321525	709	0.69314250238855501518031587693258
900	2329290	711	0.69314246816764335523686213491601
