0	0	0	0.69314718055895352399886633065762
3	7764	4	0.69314717762949074053580034160404
6	15529	8	0.69314717579919071788197015848709
9	23293	13	0.69314716702575684958986812489456
12	31058	17	0.69314716381686303225961864882265
15	38823	22	0.69314712885301443812124944088282
18	46587	26	0.69314712605062189787474835611647
21	54352	31	0.69314712432732816793645724828821
24	62116	36	0.69314711556392727409559029183583
27	69881	41	0.69314711235872417116610222365125
30	77646	45	0.69314707740473491259791671836865
33	85410	50	0.69314707460397917415662050188985
36	93175	54	0.69314707288184818079201932050637
39	100939	58	0.69314706412139825975060603013844
42	108704	63	0.69314706091760269757173773541581
45	116469	67	0.69314702597343524903550360249938
48	124233	72	0.69314702317427689948203806125093
51	131998	77	0.69314702145330819860191695624962
54	139762	81	0.69314701269580847320384009435656
57	147527	86	0.69314700949342122893170881070546
60	155292	90	0.69314697455906482126408718613675
63	163056	95	0.69314697176135831035992396209622
66	170821	99	0.69314697004177283634618333962862
69	178585	104	0.69314696128721953183315918067819
72	186350	108	0.69314694061502557520526579537545
75	194115	113	0.69314690548354151999888017599005
78	201879	117	0.69314690246087895530990863335319
81	209644	122	0.69314671125296123399550651811296
84	217408	126	0.6931467023326450815901011992537
87	225173	131	0.69314669895275593525241220049793
90	232938	135	0.69314666393623192153228274037247
93	240702	140	0.69314666099868260662475449862541
96	248467	145	0.6931466591390472720135562667565
99	256231	149	0.69314665025991728519727530510863
102	263996	154	0.69314664691968075338479593483498
105	271761	158	0.69314661191852577903915744172991
108	279525	162	0.69314660898233282360081375372829
111	287290	167	0.69314660712390219199363627922139
114	295054	172	0.69314666757280929410001135693165
117	302819	176	0.69314666414989822840198030462489
120	310584	180	0.69314662908587654222003493487136
123	318348	185	0.69314662608241361940741853686632
126	326113	189	0.69314612658491314700626162448316
129	333877	194	0.69314611772364198571949600591324
132	341642	198	0.6931461143808087532747208570072
135	349407	203	0.69314607946995820952906797174364
138	357171	208	0.69314607652996262920908066007541
141	364936	212	0.69314607466658517687108087557135
144	372700	217	0.69314606580830107063206924067345
147	380465	221	0.69314645087773718579171600140398
150	388230	226	0.6931464158490443505655775879859
153	395994	230	0.69314641283577760333400874515064
156	403759	235	0.69314641090288797720120328449411
159	411523	239	0.69314640196280785655602585393353
162	419288	244	0.69314639855007342816861637402326
165	427053	248	0.69314636353120306910824410806526
168	434817	253	0.69314576264846572417610559568857
171	442582	257	0.69314576071045608252063630061457
174	450346	262	0.69314575179930260073746239868342
177	458111	267	0.69314574838143983015470439568162
180	465876	271	0.69314571348790177118814881396247
183	473640	276	0.69314571047406481341113249072805
186	481405	280	0.69314570853727730526117056797375
189	489169	285	0.69314569962913497036538501561154
192	496934	289	0.69314569621275379240898928401293
195	504699	294	0.69314566132899890771312811921234
198	512463	298	0.69314565831654029182118392782286
201	520228	303	0.69314565638097347388679736468475
204	527992	308	0.69314564747584372916833217459498
207	535757	312	0.69314637910005605370145076449262
210	543522	317	0.69314634411816711256904000038048
213	551286	321	0.69314634106279993108756798392278
216	559051	326	0.69314673095568724026094287182787
219	566815	330	0.69314672193845794367916823830456
222	574580	335	0.69314671842072395069322965355241
225	582345	339	0.69314668336334872567050524594379
228	590109	344	0.69314668025078329804955501458608
231	597874	348	0.69314667822707376476643048590631
234	605638	353	0.69314666921289536105632578255609
237	613403	357	0.69314740298539501139885032898746
240	621168	362	0.69314736780752206346534194381093
243	628932	366	0.69314736467468973657446440483909
246	636697	371	0.69314736262733156468840434172307
249	644461	376	0.69314735356381196318409365630941
252	652226	380	0.69314735002479055392399232005118
255	659991	385	0.69314714175059377598842047518701
258	667755	389	0.69314713861056820309869408447412
261	675520	394	0.69314713656204018921158649391145
264	683284	399	0.69314712752646379101406637346372
267	691049	403	0.69314712397727706871819464140572
270	698814	408	0.69314701215344265428086600877577
273	706578	412	0.69314700903601333958903296661447
276	714343	417	0.69314700701058384879615914542228
279	722107	421	0.69314699799223833398542637951323
282	729872	426	0.69314699447526073594616491391207
285	737637	430	0.69314695946946425220147602885845
288	745401	435	0.69314695635344281132717014770606
291	753166	440	0.69314695432925910179022821466788
294	760930	444	0.69314694531395815157992501553963
297	768695	449	0.69314796633703790185165871662321
300	776460	453	0.69314793110109496065973644363112
303	784224	458	0.69314792794531987496498004475143
306	791989	463	0.69314792588222950975307412591064
309	799753	467	0.69314963129504503225319922421477
312	807518	472	0.69314962763546872359654571482679
315	815283	477	0.69314959207493331838634276209632
318	823047	481	0.69314982695926585787304929908714
321	830812	486	0.69314982481164000294171501082019
324	838576	490	0.69314981556603783019454567693174
327	846341	494	0.69314981191038005370330665755318
330	854106	499	0.69314977632482166480798468910507
333	861870	503	0.6931497730762026243667150993133
336	869635	508	0.69314977092986651552308785539935
339	877399	513	0.69314976168738939854563341214089
342	885164	517	0.69314975803328904291333856235724
345	892929	522	0.69314972245778205817146044864785
348	900693	527	0.69314971921061285797804885078222
351	908458	531	0.69314971706556494090989417600213
354	916222	536	0.69314970782621343481366693595191
357	923987	540	0.69314976538895090030223400390241
360	931752	545	0.69314972980330435969875679802499
363	939516	549	0.69314972655089135411543566078763
366	947281	554	0.69314972440240785189757843909319
369	955045	558	0.69314971515976342431031298474409
372	962810	563	0.69314938217747623649955812652479
375	970575	567	0.69314934665461591656310247344663
378	978339	572	0.69314934342210410278539711725898
381	986104	576	0.69314934129061689382922395452624
384	993868	581	0.69314933207520090796549538936233
387	1001633	585	0.69314932844220700225434939056868
390	1009398	590	0.69314929293156890555138716081274
393	1017162	595	0.69314847679326030416291359870229
396	1024927	599	0.69314847470545326579838274483336
399	1032691	604	0.69314846555690523555171012048959
402	1040456	608	0.69314846197440960207103444190579
405	1048221	612	0.69314842661565356785047242738074
408	1055985	617	0.69314842343397120583148307559895
411	1063750	622	0.69314842134743348545100616320269
414	1071514	626	0.69314841220198109006389586284058
417	1079279	631	0.69314840862101678720108566267299
420	1087044	635	0.69314837327224398944025551827508
423	1094808	640	0.69314837009199170569928583063302
426	1102573	644	0.69314836800672030570069637178676
429	1110337	649	0.69314835886436321210624100785935
432	1118102	653	0.69314835528492746430373472321662
435	1125867	658	0.69314831994613279597672317322576
438	1133631	663	0.69314831676731059051377314972342
441	1141396	667	0.69314831468330539987476868191152
444	1149160	672	0.69314830554403994433698699140223
447	1156925	677	0.6931483019661355271523461851757
450	1164690	681	0.69314826663731665679080151676317
453	1172454	686	0.69314826345992008871377265677438
456	1180219	691	0.69314826137718044130053840490291
459	1187983	695	0.69314825224100962142159687573439
462	1195748	700	0.69314824866463320418574767245445
465	1203513	704	0.69314821334578669009829354763497
468	1211277	709	0.69314821016981686963021047631628
471	1219042	713	0.69314820808834476384419076566701
474	1226806	718	0.69314819895526602611113275997923
477	1234571	723	0.69314717700193451133117150675389
480	1242336	727	0.69314714196722160277630564451101
483	1250100	732	0.69314713888657997209463701437926
486	1257865	737	0.69314713688966322902018646345823
489	1265629	741	0.69314712787731103116328768010135
492	1273394	746	0.69314712439544423627779679009109
495	1281159	751	0.69314708937057190052399846535991
498	1288923	755	0.69314708629132648631809843209339
501	1296688	760	0.69314708429564719782689508065232
504	1304452	765	0.69314663185101099696083792878198
507	1312217	769	0.6931466283943422679314494416758
510	1319982	774	0.69314659343373619115880046592792
513	1327746	778	0.69314659037755754766862992255483
516	1335511	783	0.69314658840018994467868651554454
519	1343275	788	0.69314657941960611253762181149796
522	1351040	792	0.69314657596442430520511379654636
525	1358805	797	0.69314654101363903926369403052377
528	1366569	801	0.69314618918510184641945670591667
531	1374334	806	0.69314618721495857567305165503058
534	1382098	810	0.69314617825398361361521892831661
537	1389863	815	0.6931461748097461628148607815092
540	1397628	819	0.69314613992664309005675704611349
543	1405392	824	0.69314613688148973835723154479638
546	1413157	828	0.69314613491257437427606191704399
549	1420921	833	0.69314612595462354871500565423048
552	1428686	838	0.69314597274277200966707823681645
555	1436451	842	0.69314593790531919825781415056554
558	1444215	847	0.69314593484465369943592349954997
561	1451980	851	0.69314593285861880733733642045991
564	1459744	856	0.6931459238954004176136436399247
567	1467509	860	0.69314592043574974056241444486659
570	1475274	865	0.69314588560809764494763385300757
573	1483038	870	0.69314588254881703832666062226053
576	1490803	874	0.6931458805640136056069877668051
579	1498567	879	0.69314587160382712394124382626615
582	1506332	883	0.69314586814566614414445666625397
585	1514097	888	0.69314583332781098956587584325462
588	1521861	892	0.69314649489903534806956031388836
591	1529626	897	0.6931471590385388514832243345154
594	1537390	901	0.6931475364927260907066397521703
597	1545155	906	0.69314753297621944927442427797359
600	1552920	910	0.69314749787963980676153141757823
603	1560684	916	0.6931474947744385994852223120688
606	1568449	920	0.69314749275078346713030441605952
609	1576213	924	0.693147483702034161723304350744
612	1583978	929	0.69314748018871319423794830072438
615	1591743	934	0.69314767588388903618579206522554
618	1599507	938	0.69314767274739441660358352237381
621	1607272	943	0.69314832241713497662516374475672
624	1615036	947	0.69314831328208981187088966180454
627	1622801	952	0.69314830968956597789798479425372
630	1630566	956	0.69314827445441118403124391988968
633	1638330	961	0.69314827127367051318174162588548
636	1646095	966	0.69314826917723504351442898041569
639	1653859	970	0.69314826004527951841538424559985
642	1661624	975	0.69314825645428823630567194413743
645	1669389	979	0.69314822122907648882517150923377
648	1677153	984	0.69314821804975557117955986541347
651	1684918	988	0.69314821595458964154090608644765
654	1692682	993	0.69314820682572031440571436178288
657	1700447	997	0.69314820323625891962393552603316
660	1708212	1002	0.69314816802098555559297210493241
663	1715976	1006	0.69314816484308938715486192450044
666	1723741	1011	0.69314816274918644722902172361501
669	1731505	1016	0.69314815362340265192386823400739
672	1739270	1021	0.6931481500354720326484425640956
675	1747035	1025	0.69314811483013616388859645667253
678	1754799	1030	0.69314811165366096989970401409664
681	1762564	1035	0.69314810956102423933344880424556
684	1770328	1040	0.69314810043832275621156213674112
687	1778093	1044	0.69314809685192191324176747002639
690	1785858	1049	0.69314806165651854374942786307656
693	1793622	1053	0.69314805848146299194212360816891
696	1801387	1058	0.69314805639009158255703368922696
699	1809151	1062	0.69314804727047607535439510684228
702	1816916	1067	0.69314804368560434255641666823067
705	1824681	1071	0.69314800852011493326187974162167
708	1832445	1076	0.6931480053714578204449026088696
711	1840210	1080	0.69314809749686112638755730586126
714	1847974	1085	0.69314808840073427465000577285537
717	1855739	1090	0.69314808484168843882855526317144
720	1863504	1094	0.69314804967193777152090206072899
723	1871268	1098	0.69314804652015526986730264979997
726	1879033	1103	0.69314804445477673500164428332937
729	1886797	1108	0.69314803536172542308690935897175
732	1894562	1113	0.69314803180419926054156576356036
735	1902327	1117	0.69314799664435189363587141997414
738	1910091	1122	0.69314799349398203975880505822715
741	1917856	1126	0.69314799142985994429011498141335
744	1925620	1131	0.69314798233988017539530801514047
747	1933385	1136	0.69314797878387313101455902142334
750	1941150	1140	0.69314794363392906451082353669335
753	1948914	1145	0.69314794048496941591963604878401
756	1956679	1149	0.69314793842210653540547582451836
759	1964443	1154	0.69314792933519453477231309079798
762	1972208	1158	0.69314792578070916206911533663515
765	1979973	1163	0.69314789064065940316083924699342
768	1987737	1167	0.6931480278174627640552785123873
771	1995502	1172	0.69314802575197720369004628082621
774	2003266	1177	0.69314801665991998547156072163489
777	2011031	1182	0.69314801310185913951755765083362
780	2018796	1186	0.69314797794975835376618533700821
783	2026560	1191	0.69314797480003553786787051649299
786	2034325	1195	0.69314797273580641689960657458869
789	2042089	1200	0.69314796364682063067874651096645
792	2049854	1204	0.6931479600902804572015725170786
795	2057619	1209	0.69314741727400142057291532182717
798	2065383	1213	0.69314741413173364126265596496523
801	2073148	1218	0.69314772368939103763807452196488
804	2080912	1222	0.69314726059469078389696505837492
807	2088677	1227	0.69314725704267676764658290267107
810	2096442	1231	0.69314722204267720240267180997762
813	2104206	1236	0.69314721889734920434733567162766
816	2111971	1240	0.69314721683550861719425029150443
819	2119735	1245	0.69314678561302645043440406880109
822	2127500	1250	0.69314678207465851844659709968255
825	2135265	1254	0.69314674715348245648272040853044
828	2143029	1259	0.69314674402096976280063245212659
831	2150794	1263	0.69314688730037610220335864141816
834	2158558	1268	0.69314687826036414097785609556013
837	2166323	1273	0.69314687471839009358376415548264
840	2174088	1277	0.6931468397708951956204259658989
843	2181852	1282	0.69314683663416154502101562684402
846	2189617	1286	0.69314695998582787073161171065294
849	2197381	1291	0.69314695094107103834346617077244
852	2205146	1295	0.69314694740076221446400950298994
855	2212911	1300	0.69314691243992720970368281996343
858	2220675	1304	0.69314690929942879282776857507997
861	2228440	1309	0.69314690724700556145876362279523
864	2236204	1313	0.69314689820530295261136188855744
867	2243969	1318	0.69314689466650869498209885932738
870	2251734	1323	0.69314685971551481813435202639084
873	2259498	1327	0.69314685657642383098675509245368
876	2267263	1331	0.69314685452525026665426821637084
879	2275027	1336	0.69314488494842085852809532298124
882	2282792	1340	0.6931447744304616298549603925494
885	2290557	1345	0.69314473994355330077610233274754
888	2298321	1350	0.69314473690073963307867188632372
891	2306086	1354	0.69314473493100126066934763002791
894	2313850	1359	0.69314472606141408483892973890761
897	2321615	1363	0.69314529240383448982498748591752
900	2329380	1368	0.69314525784868330493537769143586
