0	0	0	0.69314718055914625871594125783304
3	2537	19	0.50830435255124806204207743576262
6	5074	39	0.4249675668052877441915882172907
9	7612	58	0.38066880240153622150245382727007
12	10149	78	0.35538782646222177863393199004349
15	12693	97	0.3396415103913857369555273635342
18	15231	117	0.32904450683568498003950253405492
21	17768	136	0.32143967380513910336858884875255
24	20306	156	0.3156675800194265746334565392317
27	22843	175	0.31106685285645985228342169648386
30	25380	195	0.30727729759745392446035339162336
33	27918	214	0.30403624517825533768444756788085
36	30455	234	0.30117246072341780083192475103715
39	32993	253	0.29858761081431556272391958373191
42	35530	273	0.29622387137051753303040868559037
45	38068	293	0.29402176743337937736555431911256
48	40605	312	0.29195377936305816346518327009107
51	43143	332	0.28998876114629690281532248263829
54	45680	352	0.28811123551608502912912967985903
57	48218	371	0.2863066003379586832444658739405
60	50755	391	0.28456988469380828377097714110278
63	53293	410	0.28288938014398762321732760938175
66	55830	430	0.28126373021616007941148041027191
69	58368	450	0.27968496722985963787166951988183
72	60905	469	0.27814815323820496484330533348839
75	63443	489	0.27665371991327292189311037873267
78	65980	508	0.27519809188369726005163329318748
81	68518	528	0.27378177753277505024342985961994
84	71055	548	0.27239915072936476958531670788943
87	73593	567	0.27105391184613192301355866220547
90	76130	587	0.26973909757984920743112411400944
93	78668	607	0.26845805568302488763876567645639
96	81205	626	0.26720753249640599724656908620091
99	83743	646	0.26598566561704595212489721234306
102	86286	666	0.26479430116677604711838966977666
105	88824	686	0.26363214083726832503984383038187
108	91361	705	0.26249719494778850359395505620341
111	93899	725	0.26139364202549525417751397071697
114	96436	745	0.26031328142740495223961261217482
117	98974	764	0.25925840405496708429566865561355
120	101511	784	0.25822777857840012449841538000328
123	104049	804	0.25722181147836803427608742822486
126	106592	824	0.2562395975008703308262170139642
129	109130	844	0.25528102110878764241519434108341
132	111667	863	0.25434471244501083431188703798398
135	114205	883	0.25343134768030656234216735356313
138	116742	903	0.25253859815910162378571612862288
141	119280	922	0.25166901021873844257470409502275
144	121817	942	0.25081841867531662337853504141094
147	124355	962	0.24998948129827441855255187874718
150	126892	981	0.24917957129513920722096997906192
153	129429	1001	0.24838813515889374139433698474022
156	131967	1021	0.24761701448057124586021870982222
159	134504	1040	0.2468640016283623617177056530636
162	137042	1060	0.24612674450556518146449036521517
165	139579	1080	0.24540664139980020164166774065961
168	142117	1099	0.24470307520530987233087216736749
171	144654	1119	0.24401551353661679599760248038365
174	147192	1139	0.24334472520861807898207018752146
177	149729	1158	0.24269010947341113082487140673038
180	152267	1178	0.24204882734435312352516689315962
183	154804	1198	0.24142244125054720949030695464899
186	157342	1217	0.24081095777544370140077489850228
189	159879	1237	0.24021349865809335510924427126156
192	162417	1257	0.23963124597225093914687477081316
195	164954	1277	0.23906019227039659869049614826508
198	167492	1296	0.23850233971995188353432126859843
201	170029	1316	0.23795652521419566327587347132066
204	172567	1336	0.2374228271675996315703827121979
207	175104	1355	0.23690056748909435468952722203539
210	177642	1375	0.23639038752750032856830841865303
213	180179	1395	0.23589240607719175191192562124343
216	182717	1414	0.23540501451340542504730990458484
219	185254	1434	0.23492748421063716635082130324008
222	187792	1454	0.23446058907253203296150445567037
225	190335	1474	0.23400369215635732911273692025134
228	192873	1494	0.23355723869097935740946070382051
231	195410	1514	0.23312051234063144167230063885654
234	197954	1533	0.23269231664774644996462882318156
237	200491	1553	0.23227422039779971330020202913147
240	203029	1573	0.23186463031830242820241494428046
243	205572	1593	0.23146427791292012443591374903917
246	208110	1613	0.23107122591516787712961900069786
249	210647	1632	0.23068650460276060587538893287274
252	213185	1652	0.23030976118576304556562206471426
255	215722	1671	0.22994098746299715396723684079916
258	218260	1691	0.22957976766942317370379100793798
261	220797	1711	0.22922617674769515949684262068331
264	223335	1730	0.22887959839599605893489808750019
267	225872	1750	0.22854015754725640063860225836834
270	228410	1770	0.22820745953779478232270605531085
273	230947	1790	0.22788132184815867997684790680069
276	233485	1810	0.22756171770896155281960204774805
279	236022	1830	0.22724856977627630461036289943877
282	238560	1849	0.22694158082867854631103909923695
285	241097	1869	0.22664084226174607827886120503535
288	243641	1889	0.22634595430733012166868434178468
291	246178	1909	0.2260572687036235539626005675018
294	248716	1929	0.22577396663632787188191741734045
297	251259	1948	0.22549645562710388113636383877747
300	253797	1968	0.22522513082981290843953559033253
303	256334	1988	0.22495816499587345527189086169528
306	258872	2007	0.22469623582209793943853526343446
309	261409	2027	0.22444049481348130048452560458827
312	263947	2047	0.22418846361497465902168357843038
315	266484	2066	0.22394149109150965348824513512227
318	269022	2086	0.2236987146167743467639610344122
321	271559	2105	0.22346087240518144878542727838067
324	274097	2125	0.22322728601088556721343536537461
327	276634	2145	0.22299822077362307926051698814263
330	279172	2164	0.22277327552923192888201242567447
333	281709	2184	0.22255261828271485913255389732512
336	284247	2204	0.22233608903735824213754312950186
339	286784	2224	0.2221242193156163780010103891982
342	289322	2243	0.22191642017552831722682071813324
345	291859	2263	0.22171159061708373139154559794406
348	294396	2283	0.22151022871802864000478905381897
351	296934	2302	0.22131250433034882485472394364479
354	299471	2322	0.22112026945250148890487196240429
357	302009	2342	0.22092950785157217108434224428493
360	304553	2362	0.22074217538781742975473321166646
363	307090	2381	0.22055823435046528757652595231775
366	309628	2401	0.2203775301043581491544642858571
369	312165	2421	0.2202000283203874586579473771053
372	314702	2440	0.22002562135367609297276203506044
375	317240	2460	0.21985423625873351527459931276098
378	319777	2479	0.21968575178787477786279680458392
381	322315	2499	0.21952013211935025860377379558486
384	324852	2519	0.21935751732147856785104522714391
387	327390	2538	0.21919866698703341367782115867158
390	329927	2558	0.21904143075182122557542641061445
393	332465	2577	0.21888687826186445373188860230584
396	335002	2597	0.21873508626748458527622176461591
399	337546	2617	0.21858577699415765449586501745216
402	340083	2636	0.21843888751952630911112862577284
405	342621	2656	0.21829462855845804813981203551521
408	345158	2676	0.21815375000403158800565961428219
411	347696	2696	0.21801421965651995860113743219699
414	350240	2716	0.2178769929878501543374369475714
417	352783	2735	0.21774197697639474657904656851315
420	355321	2755	0.21760917648341177033088911230152
423	357864	2775	0.2174784119341565402638849491268
426	360402	2795	0.21734996231944539446523378956044
429	362939	2814	0.21722355710673679762834353823564
432	365477	2834	0.21709912290313465588198482691951
435	368014	2853	0.21697668364502276094896160429926
438	370552	2873	0.21685622631242795765871278490522
441	373089	2893	0.21673767457714160356019306163944
444	375627	2913	0.2166211029922412156789590653716
447	378164	2932	0.216506320046568584425372705482
450	380702	2952	0.21639328146541220165843810718798
453	383239	2972	0.21628198976319343294072439221054
456	385783	2992	0.21617244799902479712727654259652
459	388320	3011	0.21606466365154608499921096154139
462	390858	3031	0.21595852915433921825894003632129
465	393395	3051	0.21585413701318992285571596312366
468	395933	3070	0.21575132541121358475955105404864
471	398470	3090	0.21565012208577979957446757452999
474	401008	3109	0.21555041655685425183719416963868
477	403545	3129	0.21545224826864070588605670764082
480	406083	3149	0.21535551594157392729655953189649
483	408620	3168	0.21526027275000431115969945494726
486	411158	3188	0.21516644257857239774800461873383
489	413695	3208	0.21507401538752718428426646823937
492	416232	3227	0.21498299638420970136820642437669
495	418770	3247	0.21489439332450321895606748512364
498	421307	3267	0.21480611182253775415240681923024
501	423845	3286	0.21471909357938023799050597517635
504	426382	3306	0.21463335750891091024961099265056
507	428920	3325	0.21454888214502101928538024822046
510	431457	3345	0.21446563728179823815622739857645
513	433995	3365	0.21438364930163739119350907458283
516	436532	3384	0.21430281706923848261681087024044
519	439070	3404	0.21422315761423252333806033220753
522	441607	3423	0.21414466495630810061179261083453
525	444145	3443	0.2140673606029492581637185821819
528	446682	3462	0.21399113432876820661832084624621
531	449220	3482	0.21391597156418534764199534947693
534	451757	3501	0.21384189717168622379972475755494
537	454295	3522	0.21376984734305656821184982163686
540	456832	3541	0.21369784504118313761544811768545
543	459370	3561	0.21362688330043874684882609926717
546	461907	3580	0.21355689062381963405634621722129
549	464445	3600	0.21348790225614475146720394604927
552	466982	3620	0.21341985954439091077716739164316
555	469520	3639	0.21335279504481111101377166505699
558	472057	3659	0.2132866774516198049571613637454
561	474595	3678	0.21322240961333269182453875600913
564	477132	3698	0.21315807435138386938255905533879
567	479669	3717	0.21309466663372153560906951952347
570	482207	3737	0.21303212091471823708133115360397
573	484744	3757	0.21297039945763801549460936257674
576	487282	3776	0.21291049832701772204224255347071
579	489819	3796	0.21285045313954989443239185220591
582	492357	3816	0.21279123409100123009984883992729
585	494901	3836	0.21273276945201596843659785918135
588	497438	3855	0.21267512246073405624002816693974
591	499975	3874	0.2126182704734871919960426112084
594	502513	3894	0.21256217708552727074788890604395
597	505050	3913	0.2125068101379248286519896282698
600	507588	3933	0.21245220973164660738241593662678
603	510125	3953	0.21239834820261807579733215334272
606	512663	3973	0.21234514769643619835903791681631
609	515207	3992	0.21229267599111362185837492688734
612	517744	4012	0.21224090100455816898517014124081
615	520281	4032	0.21218978493632398296675489746121
618	522819	4051	0.21213935023264710033608082540013
621	525363	4071	0.21208955036913545999510688488954
624	527900	4091	0.21204041209640783760548288228165
627	530438	4110	0.21199191521157889628312886998174
630	532981	4130	0.21194404080936538048440809234307
633	535519	4150	0.21189680186002288198032772470469
636	538056	4170	0.21185014693711728961389439973573
639	540594	4189	0.21180410012071448910830895329127
642	543131	4209	0.21175963795181113047405574434379
645	545669	4228	0.21171477666610979961880900646065
648	548206	4248	0.21167046610544343332449557237851
651	550744	4268	0.2116267307879930448244465424068
654	553281	4288	0.21158354982992338966241163689119
657	555819	4307	0.21154090699547747900233218842914
660	558356	4327	0.21149881256284835950864930964599
663	560893	4347	0.21145721127343014567045997864625
666	563431	4367	0.21141612570383577773824868017982
669	565975	4386	0.2113755749388628590867966750011
672	568512	4406	0.21133553164004004187859209196176
675	571050	4426	0.21129597834265895217598085764621
678	573587	4445	0.21125691923091974300241702167114
681	576125	4465	0.21121834520839360971322662408056
684	578662	4485	0.21118025305034160421513433902874
687	581199	4504	0.21114260542659471497906054082705
690	583737	4524	0.21110543085836824817036472268228
693	586274	4544	0.21106870070526767557694824972714
696	588812	4563	0.2110324249105285376870710933872
699	591349	4583	0.21099660482616491852247975202772
702	593887	4602	0.2109612232199608861105133428282
705	596424	4622	0.21092627647694597858851750515896
708	598962	4642	0.21089174292972875934815135678946
711	601499	4661	0.21085761931288632409220440422359
714	604037	4681	0.21082390498448652649265966374514
717	606574	4700	0.21079058653168158965485190492473
720	609112	4720	0.21075765877204244436171620691312
723	611655	4740	0.21072511874707827717045915960625
726	614193	4760	0.2106929731019671903080592301194
729	616730	4779	0.21066122313190172032904001753195
732	619268	4799	0.21062984995828909484671953578072
735	621805	4819	0.21059883412652971590439676674578
738	624343	4839	0.21056818859239162522456467740994
741	626880	4859	0.2105379021918809268054673111692
744	629418	4878	0.21050797017576655667525642456894
747	631955	4898	0.21047839736403231580830208713451
750	634493	4918	0.21045015523684884595212452040869
753	637030	4937	0.21042125968905461830260605893272
756	639568	4957	0.21039269458080969710245256010239
759	642105	4976	0.21036446946350093045730034191365
762	644643	4996	0.21033656983014487051875107681553
765	647180	5016	0.21030898765045966114506370558956
768	649718	5035	0.21028171558220989934007150168327
771	652255	5055	0.21025476423549063764717459434905
774	654793	5074	0.21022812086328210301466867804265
777	657330	5094	0.21020179062332644548405369278044
780	659868	5113	0.21017575424227125102660806987842
783	662405	5133	0.21015000190422933323830534391163
786	664942	5152	0.21012456411229904484905262052052
789	667480	5172	0.21009940044251906865468981777667
792	670017	5191	0.21007451752841446723785168160248
795	672555	5211	0.21004992476350614616364964604145
798	675092	5230	0.21002561318135887225011515511142
801	677630	5250	0.21000157038455324887138431222411
804	680167	5270	0.2099777981196480070025245368015
807	682705	5289	0.20995429772531798429113791826239
810	685242	5309	0.20993104719530703006213911976374
813	687780	5328	0.20990806324254981940491404657223
816	690317	5348	0.20988531862353351775674070722744
819	692855	5368	0.20986284096866850146234639851173
822	695392	5387	0.20984060599593468143808649983839
825	697930	5407	0.20981861334182624889699297909829
828	700467	5427	0.20979687039391325953374689561315
831	703005	5447	0.20977536794168857858799981386255
834	705542	5467	0.20975410709188418989512570078659
837	708080	5487	0.20973307425768794587384036276489
840	710617	5507	0.2097122716566754974110153852962
843	713155	5526	0.20969169706150919685327949082421
846	715692	5546	0.20967134760010247562789231778879
849	718236	5566	0.2096512251551404248939292074283
852	720773	5586	0.20963131514329877425062420570612
855	723311	5605	0.20961161992703705725382690161496
858	725848	5625	0.20959213980035454327754962378094
861	728386	5645	0.20957287071442759485151441367634
864	730923	5664	0.20955380782881541379403245173307
867	733461	5684	0.20953594810932185676932704154751
870	735998	5704	0.20951729401320742796066554092249
873	738542	5724	0.20949884027703408184706290739996
876	741079	5743	0.20948058307545044942621359496115
879	743617	5763	0.20946251821829883765779811710672
882	746160	5783	0.20944465167626780122134277917212
885	748704	5803	0.20942796387651327338907947250846
888	751241	5822	0.20941047108439464485840630914026
891	753779	5842	0.20939316089937715092972325692244
894	756316	5861	0.20937603020057016234289903877652
897	758854	5881	0.20936008355290020022110297759355
900	761391	5901	0.20934331644595433052913335814083
