0	0	0	0.69314718055914625871594125783304
3	13234	633	0.50685756942995152662945201882394
6	26320	1271	0.42317608412195201195160620954994
9	39481	1913	0.37971876623391737082258146074309
12	52789	2547	0.35509294989808259934704892657464
15	65949	3177	0.33956217799197985218739859192283
18	79036	3808	0.32901622358868515272334320798109
21	92123	4436	0.32142020432344869940166631749889
24	105136	5069	0.31564800160314782084824969388137
27	118223	5722	0.31108357253421825561190416919999
30	131678	6367	0.3072720311993719088938803452038
33	144986	6999	0.30402430186762707808867389758234
36	158073	7631	0.30116145015386142080870968129602
39	171160	8274	0.29858583381213943397369803278707
42	184468	8902	0.29622214190333573391455956880236
45	197481	9533	0.29402733809736492087694159636158
48	210567	10165	0.29195888040851475375703216741385
51	223654	10810	0.28999242033886069025427900669456
54	236962	11451	0.28811712237370418199233768064005
57	250196	12084	0.28631517808583756279361409724515
60	263283	12739	0.28457929100088025231585220353736
63	276738	13371	0.28290035058064644246655916504096
66	289825	14013	0.28127142642849667364401966551668
69	303059	14655	0.27969455482836003135105329420185
72	316294	15290	0.27815880711017459958611652837135
75	329380	15927	0.27666521782234254622778735210886
78	342541	16572	0.27521078661332176729104048718
81	355849	17215	0.27379428514334602784430217070621
84	369083	17853	0.27241250212024409327327134633379
87	382244	18494	0.27106399838051298267771471728338
90	395478	19132	0.26974884984083968841872547272942
93	408638	19775	0.26846642017838978633292867925775
96	421873	20419	0.26721560336180544270590075939253
99	435107	21062	0.26599435384781972002699035328988
102	448341	21691	0.26480252071760063126149020718003
105	461354	22329	0.2636396034324218762279201655474
108	474515	22986	0.26250334854260087835697845548566
111	487970	23643	0.26139899118689868817710930670728
114	501425	24287	0.26031751657672602684456819588377
117	514660	24928	0.25926096917611374248480160531471
120	527820	25563	0.25823014150770728925010644161375
123	540907	26207	0.25722454459305910123845251291641
126	554141	26856	0.25624347771777400417647641006624
129	567449	27505	0.25528570608733325286721083102748
132	580757	28144	0.25434997284955529472938451363007
135	593918	28779	0.25343601175834473693271320371423
138	607004	29423	0.2525444178359002589395743143541
141	620239	30062	0.25167243565767877244709893602703
144	633399	30709	0.25082190682773819467854536924278
147	646707	31358	0.2499908852160172556544637245679
150	660015	32015	0.24918150546915454612850737703411
153	673470	32655	0.24839011844245070803616215471266
156	686631	33290	0.24761765313514050301790803132462
159	699718	33937	0.24686402471226920329883114391123
162	713026	34578	0.24612650029719429500829619428259
165	726186	35217	0.24540648007735610391932823404204
168	739347	35852	0.24470252023032029731197667388187
171	752433	36500	0.24401526627115777134946483784006
174	765741	37140	0.24334383365696363177299588187452
177	778902	37788	0.24268905124559747576995505369268
180	792210	38441	0.24204856190900647661123912257608
183	805592	39084	0.24142205686807025055706787952658
186	818826	39730	0.24080994672011626911434234443732
189	832060	40370	0.24021201238053585536036393932591
192	845220	41015	0.23962952198437076356540842425602
195	858455	41651	0.23905880060471798587151681658725
198	871541	42291	0.23850072339481570571351198850607
201	884702	42926	0.23795491123814202505393211595219
204	897789	43567	0.2374209804234708176551293945522
207	910949	44210	0.2368992580865279529156453008909
210	924183	44849	0.23638879377441796014736041797732
213	937344	45498	0.23589048121749062181251588299347
216	950652	46142	0.2354032727955010229070609284463
219	963886	46786	0.23492565236617099500016081492504
222	977120	47437	0.2344587378651472875379369043003
225	990502	48081	0.23400178772478083533137294125481
228	1003736	48730	0.23355462993818662531531060722045
231	1017044	49369	0.23311850439381437416486164693197
234	1030205	50020	0.23269002386231529833082731784089
237	1043586	50663	0.23227220713917498540190820222051
240	1056821	51316	0.23186195539166964962873862532433
243	1070202	51965	0.23146161241964124943848446491756
246	1083510	52607	0.23106862646430587071577633651032
249	1096671	53251	0.23068374127997121059152618727239
252	1109905	53889	0.23030710738621582023277767348191
255	1122992	54521	0.22993841946838278200715421917266
258	1136005	55165	0.22957685658193716093933289812412
261	1149239	55805	0.22922308036786359641823196398036
264	1162400	56453	0.22887631569436878153922521050845
267	1175708	57086	0.22853692360186170229319202462648
270	1188721	57723	0.22820430217172965603467105211166
273	1201807	58374	0.22787815020042090363716624779045
276	1215189	59013	0.22755866514817174595108895118756
279	1228350	59646	0.22724573640896311710335453426524
282	1241363	60286	0.22693871881766836118288210855098
285	1254523	60923	0.22663817119404308653152213537396
288	1267610	61569	0.22634342647838459616771444871119
291	1280918	62209	0.22605462027259690116487433897419
294	1294078	62863	0.22577112241247465629356838690001
297	1307534	63498	0.22549353805785107840442549331783
300	1320620	64138	0.225222109831324485140768842939
303	1333781	64777	0.22495491830824820844725309143541
306	1346941	65413	0.22469307172572278163968917397142
309	1360028	66053	0.22443717683209349345041516698984
312	1373189	66701	0.2241851218039128401660065037504
315	1386497	67336	0.2239380638903493703217861821031
318	1399583	67979	0.22369547856283275577560232250107
321	1412818	68636	0.22345762052162584931913613672805
324	1426347	69275	0.22322420937650128136553462354641
327	1439507	69910	0.22299494362781804857043255196913
330	1452594	70545	0.22277000813402964007892137487943
333	1465681	71183	0.22254928613940733184151099521841
336	1478841	71834	0.22233262174037843328378016849456
339	1492223	72472	0.22212091923813376270757657948707
342	1505383	73124	0.22191315343473275167873737245827
345	1518839	73763	0.22170831865150700257238725043862
348	1531999	74415	0.22150700585876653692096738268447
351	1545455	75052	0.22130934877923136294697314951918
354	1558542	75699	0.22111617401413191652537193476746
357	1571850	76343	0.22092639284908516250638399469608
360	1585010	76988	0.22073916685506461687893420275941
363	1598318	77630	0.22055521795340499169313375205093
366	1611552	78281	0.22037461187489912339820818942826
369	1624934	78927	0.2201970809205778811801224037481
372	1638242	79566	0.22002264676728927605964258873428
375	1651402	80210	0.21985127043699745352789420849149
378	1664637	80860	0.21968276692507662795073031247739
381	1678018	81516	0.21951717857374533626746426762111
384	1691548	82165	0.21935456216428997344713991424214
387	1704929	82811	0.21919567299077585831312831032847
390	1718237	83461	0.21903848502920378327196715417813
393	1731619	84101	0.2188840501445495079213543476726
396	1744853	84738	0.21873216746065934912301997883333
399	1757940	85372	0.21858277386732360980658995686099
402	1771027	86003	0.21843591592278044366537415044149
405	1784040	86649	0.21829151336888266698998961601319
408	1797348	87291	0.2181506311192388525288521350376
411	1810582	87933	0.21801105544605592356788292818237
414	1823816	88582	0.21787376791876647552648194050562
417	1837198	89225	0.21773876552314491705786281272594
420	1850432	89863	0.21760589645647096523894958863821
423	1863593	90506	0.21747525015681046234305995312752
426	1876901	91143	0.21734679844310733631829180012573
429	1890061	91790	0.21722036587885432123989914998674
432	1903369	92435	0.21709594432454126788911707990337
435	1916677	93073	0.21697356546096399632084228414897
438	1929838	93712	0.21685315693012924276317221483623
441	1942998	94360	0.2167346364169341066396867745425
444	1956306	94994	0.21661797943311394964993610301462
447	1969393	95630	0.21650318191415740542993262351956
450	1982480	96283	0.21639016462830049092325168658135
453	1995935	96915	0.21627895618660430976376574108144
456	2008948	97546	0.21616941336966216669068785449781
459	2021961	98189	0.21606162708577214548455458498211
462	2035195	98832	0.2159555278019045509996232112826
465	2048503	99469	0.21585110361134107748171118146274
468	2061664	100101	0.21574824783570900610385479012621
471	2074677	100740	0.21564700061303102018861466149247
474	2087837	101379	0.21554725093261162260915853039478
477	2100998	102014	0.215449078955616740715939272377
480	2114084	102651	0.21535230379024961067102594824973
483	2127171	103284	0.21525701204870092975163231585611
486	2140258	103920	0.21516320256688631351593699037039
489	2153418	104567	0.21507085145083609800664703470829
492	2166726	105215	0.21497984234987543850081692653475
495	2180108	105856	0.21489119970727574293611894518108
498	2193342	106497	0.21480292262759584365205967060319
501	2206577	107142	0.21471594708856289734910660627065
504	2219885	107775	0.21463022744913179407078018812172
507	2232971	108408	0.2145457697860375101406305020646
510	2246058	109041	0.21446255131043881481112123310595
513	2259071	109677	0.21438054495476352445670897850505
516	2272231	110315	0.21429974030440754328985519805428
519	2285392	110958	0.21422010688762499475146228178346
522	2298626	111599	0.21414164172752186976467214662989
525	2311860	112241	0.2140643034348932438604151684558
528	2325095	112883	0.21398807952526552322858321986132
531	2338329	113521	0.21391292749517007432125126342726
534	2351489	114166	0.21383886574474791908428983333579
537	2364797	114810	0.21376685482807997185084047941928
540	2378105	115444	0.21369489404917360597657705056918
543	2391192	116082	0.2136239170848753254894347719528
546	2404353	116721	0.21355397511666396326290850993246
549	2417513	117355	0.2134849825674367262973163406059
552	2430600	117990	0.21341698425661834170874442406785
555	2443760	118628	0.21334992509239042446367307093169
558	2456921	119260	0.21328377758069955172359755124489
561	2469934	119903	0.21321956561565044707684535296721
564	2483242	120553	0.21315526165154058402251280313067
567	2496550	121186	0.21309182868751180839339554040635
570	2509636	121821	0.21302925107175643693047106808081
573	2522723	122458	0.21296756882243550457189940061653
576	2535884	123096	0.21290772097145663210859822811472
579	2549044	123728	0.21284770909491931845103351861326
582	2562057	124364	0.21278848785617004990555756194226
585	2575218	125001	0.21273008069309756740139505382103
588	2588378	125643	0.21267245944349552622121279910061
591	2601612	126279	0.21261562378860304756145183091576
594	2614773	126919	0.21255953671777369495821119471657
597	2627933	127558	0.2125041712733380105948555183204
600	2641094	128189	0.21244957456108015669826727389591
603	2654107	128826	0.21239570030927398813780371256144
606	2667194	129469	0.21234254122979895340606049103371
609	2680502	130103	0.21229008523622380777418072739238
612	2693588	130734	0.21223830551561714830022253863717
615	2706601	131374	0.21218720589653300434562765985902
618	2719836	132012	0.21213677468929029168442923491966
621	2732996	132656	0.21208700585300591101578504549252
624	2746230	133291	0.21203787761410095025205180263583
627	2759317	133938	0.21198939263697552659593270618643
630	2772699	134575	0.21194154793173236583925245213322
633	2785859	135215	0.21189431308725814595561587339034
636	2799093	135853	0.21184769965319688589389102162386
639	2812254	136491	0.21180168082658684669539184142195
642	2825414	137135	0.21175725755791288684726225710619
645	2838722	137779	0.21171240188360407330492307664827
648	2852104	138421	0.21166812974303511607487848777964
651	2865338	139061	0.2116244100176833953241839481052
654	2878499	139695	0.21158122045213473283453708972957
657	2891586	140331	0.21153859518213635748651313406299
660	2904746	140972	0.21149649799428338337037303062971
663	2917980	141611	0.21145492966304033077840074383857
666	2931141	142249	0.21141386203432732671103622124065
669	2944301	142887	0.21137332881455903055289979874942
672	2957462	143528	0.21133329958000421355812648016581
675	2970696	144165	0.21129376245485090302089759006776
678	2983857	144797	0.21125472804219727618324498052971
681	2996943	145428	0.21121616537251530765217921725707
684	3009956	146065	0.21117808281242134160748946669628
687	3023117	146714	0.21114047048699804975946392460173
690	3036498	147365	0.21110331531866341481240567645727
693	3049954	148011	0.21106661905208465301875264685805
696	3063262	148654	0.21103036268466379699049184637261
699	3076570	149291	0.2109945533084366942055964955216
702	3089657	149924	0.21095917184088747164949495527253
705	3102743	150560	0.21092422085874218407042235412518
708	3115904	151189	0.21088968308723116118486018422118
711	3128917	151835	0.21085555802169575478899332665605
714	3142299	152467	0.21082185451113652496779593548126
717	3155385	153119	0.21078856241023441464577103943157
720	3168841	153762	0.21075565371059565289435511203919
723	3182075	154397	0.2107231355383849258355866140846
726	3195162	155035	0.21069100331795179159577457994601
729	3208322	155672	0.21065925907866650534927543958474
732	3221483	156314	0.21062789392492595186290316178201
735	3234717	156955	0.21059689729549288528254180619115
738	3247951	157590	0.21056627031825078666393835646886
741	3261038	158235	0.21053598789731828300197946646222
744	3274346	158869	0.21050606620835168869554365755903
747	3287433	159505	0.21047750143054982929768925714598
750	3300667	160136	0.21044829086705696408188259738381
753	3313680	160770	0.21041940290696814486182120162994
756	3326767	161411	0.21039085241869545650494899291516
759	3340075	162052	0.21036264613725597083515594931669
762	3353309	162684	0.21033476379370430464632590883411
765	3366322	163324	0.21030719206601275472756640283478
768	3379556	163954	0.21027993733873340254092454415513
771	3392569	164595	0.21025299671044828109245372615987
774	3405803	165238	0.21022636939746494610936622393638
777	3419038	165875	0.2102000371295250635839124697668
780	3432198	166518	0.21017401309617306237598199913919
783	3445432	167164	0.21014828401784188538492514908285
786	3458740	167805	0.21012284919457163701039803527237
789	3471974	168445	0.21009769789650278859483023552457
792	3485209	169076	0.21007283415501562529037471449556
795	3498222	169715	0.21004825450684344589902252664615
798	3511382	170353	0.21002394713822084004739565443742
801	3524543	170986	0.20999992081661955634075411580852
804	3537629	171622	0.20997615851425488475712199942791
807	3550790	172275	0.20995266199480550062261841048894
810	3564098	172927	0.20992943669434674380802618998132
813	3577553	173567	0.20990646180300712164701337769657
816	3590714	174203	0.20988374470367879287557855150226
819	3603874	174845	0.20986127236641555215967969161284
822	3617109	175481	0.20983905295976337801455713361065
825	3630269	176116	0.2098170744584902380758251183579
828	3643356	176759	0.20979534397160351510969178434607
831	3656664	177404	0.20977385740975459937907032781368
834	3669972	178038	0.20975260740649379065381197051465
837	3683058	178677	0.20973157627461272434210570736468
840	3696293	179319	0.2097107907571303386795591450209
843	3709527	179958	0.2096902260111708493628412952603
846	3722687	180591	0.20966988241589359920347135357588
849	3735774	181238	0.20964976361470441523771057745762
852	3749082	181884	0.20962986525627691491990844951943
855	3762390	182520	0.20961018375663284518672924150451
858	3775551	183160	0.20959071411630664227843112712435
861	3788785	183806	0.20957144999874224855496152031265
864	3802093	184441	0.20955239617877985391913853163715
867	3815180	185082	0.20953455052951461268229138568131
870	3828414	185719	0.20951590713403164811801104860933
873	3841574	186355	0.2094974613642702487847913062069
876	3854661	186999	0.20947920606448530711496403000638
879	3867895	187651	0.20946115179474933398751090862788
882	3881351	188287	0.20944329160379038246020400038105
885	3894437	188929	0.20942661674605428379081217826752
888	3907672	189567	0.20940912908784622969982081031048
891	3920832	190203	0.20939182890482271881538167690451
894	3933993	190834	0.20937471505824134521134283204447
897	3947006	191468	0.20935877630347779487784976026887
900	3960166	192103	0.20934202438018295611144026224792
