0	0	0	0.69314718055914625871594125783304
3	4902	166	0.5018152236041897307217141133151
6	9953	322	0.42235192028602680514026701530383
9	14856	479	0.38000839687485810092226756751188
12	19759	648	0.3555475947666009162162481516134
15	24883	809	0.3399403496150202319547872775729
18	29859	965	0.3292700553668390650585706680431
21	34762	1126	0.32162463318919648491700513659453
24	39739	1288	0.31583071534631923515945572944474
27	44716	1445	0.31119835328263628637657234321523
30	49619	1607	0.30738481076741347441938501106051
33	54595	1768	0.30410860640602771498564038665791
36	59572	1924	0.30122756925052002197062961386109
39	64475	2085	0.2986394705627417600624085025629
42	69452	2246	0.29626845340844476517361272271955
45	74428	2404	0.29405593166669868887552752312331
48	79331	2560	0.29197950394737881563145265317871
51	84234	2718	0.29001105448436242939536100493569
54	89137	2879	0.28813384327299879084094413883577
57	94114	3036	0.28632698508142273574605951580452
60	99017	3193	0.28458641809285845081234356257482
63	103919	3358	0.28290566083718660106427478240221
66	108970	3520	0.28127610115239798371788992881193
69	113947	3682	0.27969567403605621880302578574629
72	118923	3843	0.27816041132264190949285875831265
75	123900	4001	0.27666568970494420653949418920092
78	128803	4175	0.27521001058232197333808244366082
81	134001	4336	0.27379184600419370632096160989022
84	138977	4498	0.2724097022150062108458712373249
87	143954	4664	0.27106191139483803986820475984132
90	149004	4822	0.26974675524215824262697083213425
93	153907	4984	0.26846746872984916798543508775765
96	158884	5141	0.26721632084967195108760051880381
99	163787	5303	0.26599562364635748190622166475805
102	168764	5461	0.26480389952563332389701145075378
105	173667	5623	0.26364024263492930044705531145155
108	178643	5781	0.26250482219518489479526124341646
111	183546	5943	0.26140055710182752424231011900702
114	188523	6105	0.26031907214900468217066986653663
117	193499	6267	0.25926330814837911242776158360357
120	198476	6425	0.25823230106682537599027682517772
123	203379	6583	0.25722701388403323985443194032996
126	208282	6741	0.25624417107872915488897547220404
129	213185	6899	0.25528505606410056838484479158069
132	218088	7061	0.25434967114841539048697427460866
135	223064	7223	0.25343725605337741324518674446153
138	228041	7381	0.25254585631634191011940515636525
141	232944	7539	0.25167610896095848893594393302919
144	237847	7697	0.25082610326757037721989718193072
147	242750	7859	0.24999575176405222642905812335812
150	247727	8017	0.24918573036220748040392436450929
153	252629	8174	0.24839474421747834154139411566575
156	257532	8336	0.24762296604543609923609892575769
159	262509	8498	0.24686836191595670775278392738983
162	267486	8661	0.24613067641150962461260576219502
165	272462	8823	0.24541070920681101741323004716833
168	277439	8986	0.24470816717495252889946755203709
171	282416	9148	0.24402117025350456014365363444085
174	287392	9310	0.24335060145380577045770564836857
177	292369	9477	0.24269634885783697431094196872436
180	297419	9639	0.24205551023765828344558315166068
183	302396	9801	0.24142950793736200898464971942303
186	307373	9963	0.24081723680817321286973253791075
189	312349	10122	0.2402194572779597914191640484205
192	317252	10280	0.23963750430089605925054740964697
195	322155	10450	0.23906613838139526007076085534209
198	327279	10613	0.23850762704225592081286322354572
201	332256	10771	0.23796158653920909675782979775249
204	337159	10933	0.23742836169967218573617628862849
207	342136	11096	0.2369065153239852672406584588316
210	347112	11254	0.23639652812972003492753003683902
213	352015	11412	0.23589885245929984036727944385348
216	356918	11570	0.23541218001074959431662136921659
219	361821	11738	0.23493467326467462608086123054818
222	366872	11896	0.23446752375746618413110411438538
225	371774	12058	0.23401072261791422413068630703492
228	376751	12221	0.23356337423427755983773579373519
231	381728	12391	0.2331269216482389772249206316701
234	386852	12557	0.23269847721820482999710577587393
237	391902	12720	0.2322801732559214016315962680892
240	396879	12879	0.23187007879289897593899638650328
243	401782	13036	0.23146947943423404336904525280261
246	406685	13194	0.23107631642455597753560425644537
249	411588	13353	0.2306911874761939373890129445499
252	416491	13520	0.23031442411070607301226687013695
255	421541	13682	0.22994518320109774700554794435448
258	426518	13840	0.22958373820622068883778865711065
261	431421	13998	0.22922966312240500297292555842432
264	436324	14165	0.2288829186347839383941504820541
267	441374	14322	0.22854327580289965360371695624053
270	446277	14485	0.22821071683236993088428334885975
273	451254	14647	0.22788455789221037650627010862081
276	456230	14805	0.22756506432126061278964357370569
279	461133	14963	0.22725194739701773394280337470263
282	466036	15120	0.22694541965715589459939849348302
285	470939	15278	0.22664469514993709764461016220594
288	475842	15435	0.22634995643266775378066313351155
291	480745	15594	0.22606114959070969239185444621398
294	485648	15761	0.22577806069291181390035205822642
297	490698	15918	0.22550013892005590920852853287215
300	495601	16084	0.22522888590615097736957750385045
303	500651	16241	0.2249617887309905417403399496834
306	505554	16399	0.22470006290995397923992982214259
309	510457	16556	0.2244441390651747414430872140656
312	515360	16719	0.2241922681738788281080587694305
315	520337	16877	0.22394499657555935745456565655331
318	525240	17035	0.22370234920480949747378929259867
321	530143	17198	0.22346420243789591464356192318519
324	535119	17360	0.22323058952605265292667979792895
327	540096	17531	0.22300140000108598092865008766239
330	545220	17689	0.22277638152979734043057646886155
333	550123	17851	0.22255549300692789582711839102558
336	555100	18013	0.22233875862964136427279981944594
339	560076	18171	0.22212709650778394987469255283941
342	564979	18329	0.22191935822167907499391503733932
345	569882	18491	0.22171434977126963650206903366779
348	574859	18653	0.22151308887385434687189444957767
351	579836	18810	0.22131546180411260094089698213793
354	584739	18971	0.22112342874089938038473235337733
357	589715	19134	0.22093268113497857574323290918983
360	594692	19296	0.22074525191079372166136352007015
363	599669	19453	0.22056132075579595874792460108438
366	604571	19611	0.22038056074502931913627890025964
369	609474	19769	0.22020298097748144949825643834629
372	614377	19926	0.22002841858083774240206764716277
375	619280	20088	0.21985695678878094949659782741946
378	624257	20249	0.21968848674222737904493385485694
381	629234	20406	0.21952297147906527086114181201992
384	634136	20573	0.2193602334578695911559975684213
387	639187	20739	0.21920124917725736235496469817008
390	644237	20895	0.21904405844184457463619253303477
393	649140	21057	0.21888963767951769012753970855556
396	654117	21218	0.21873771998872415522896517359186
399	659094	21376	0.2185883532613475399575264646046
402	663996	21533	0.21844152087548754370693870896503
405	668899	21695	0.21829723866238814888873775998945
408	673876	21861	0.2181563004735411759327234904049
411	678926	22022	0.21801672676544445184099174639414
414	683903	22180	0.21787943142011051422812784039706
417	688806	22346	0.21774438664861470171807411588816
420	693856	22503	0.21761158635504745939570625523629
423	698759	22659	0.2174809086079382003386939459233
426	703662	22816	0.21735240064995758890731281098851
429	708565	22974	0.21722589683757925760332341269532
432	713468	23135	0.21710143665113545985434484464349
435	718445	23298	0.21697899398785566726921558711183
438	723421	23464	0.21685847749878867096740009401401
441	728472	23625	0.21673989672341084644635600398033
444	733449	23781	0.2166231842832349596683627623861
447	738351	23942	0.21650838803443703262097130846087
450	743328	24105	0.21639533083224135601163595765684
453	748305	24270	0.21628402893748840951637646412564
456	753355	24427	0.21617455851207315054018920363887
459	758258	24589	0.21606680496209987318856349247653
462	763235	24751	0.21596064620746668882844687686884
465	768211	24913	0.21585611418749009460249510539143
468	773188	25075	0.21575323422099226822190587427031
471	778165	25232	0.21565195169171563760457388525538
474	783068	25394	0.21555219970025568665406012769381
477	788044	25550	0.21545398918738142834961024618678
480	792947	25707	0.21535731301818908378642447587481
483	797850	25864	0.21526203134912885728269316132355
486	802753	26027	0.21516820162359656665174156842113
489	807730	26184	0.21507575736713679948053368207184
492	812633	26342	0.21498467562479448011991678413324
495	817536	26504	0.21489600875674591540231972430774
498	822512	26675	0.21480766780862642351124236483884
501	827636	26833	0.21472060375736576331995308919431
504	832539	26989	0.21463482556435889425650032080739
507	837442	27158	0.21455040336154829194725834895507
510	842493	27316	0.21446709821087608927037138073501
513	847396	27477	0.21438503987310603138283227053762
516	852372	27634	0.21430421649518097138020777947531
519	857275	27796	0.2142245430179490484068338673751
522	862252	27959	0.21414600268439143437859684127034
525	867229	28116	0.21406858258733596489520323302713
528	872131	28279	0.21399230486572179410487137829477
531	877108	28438	0.21391712103556090318612348255556
534	882011	28595	0.21384300489555951862996607815148
537	886914	28768	0.21377097273623618667315327002143
540	891964	28932	0.21369895245844314213279346859053
543	896941	29096	0.2136279777238888899493218787029
546	901918	29253	0.21355798088108104981763801788475
549	906821	29416	0.21348897875280115066232156095793
552	911797	29574	0.21342091586773390132769634419674
555	916700	29732	0.21335381691424504246867854817538
558	921603	29890	0.21328765756099787864741301746108
561	926506	30052	0.21322342991516976540289363128977
564	931483	30213	0.21315910418735325992933837824239
567	936459	30371	0.21309564327101690461852001590159
570	941362	30528	0.21303306032490018639968809566199
573	946265	30685	0.21297134030815451088969325610378
576	951168	30843	0.21291148810323043405468013133941
579	956071	31000	0.21285143968840355976901435042237
582	960974	31157	0.21279221054947300428850098796829
585	965877	31318	0.21273374147917256671291852399008
588	970854	31480	0.21267611573034500560552828574146
591	975830	31637	0.21261925790368782496209121291031
594	980733	31800	0.21256314080715654757369748040219
597	985710	31962	0.21250778793671029620604429055675
600	990686	32132	0.21245313579543781412617420301103
603	995811	32295	0.21239923823155687498953625436116
606	1000787	32452	0.21234606545824072365569179510203
609	1005690	32610	0.21229356872187687965691793579026
612	1010593	32767	0.21224179317512509301835166297678
615	1015496	32926	0.21219067741456607012473511986173
618	1020399	33090	0.21214022881327926350891743823013
621	1025449	33252	0.21209046214725807422141201641352
624	1030426	33409	0.21204131869879599969763717126625
627	1035329	33575	0.2119928225316777270492707430094
630	1040379	33733	0.21194494723215009934769170740765
633	1045282	33890	0.21189766335338935943077842694038
636	1050185	34051	0.21185101736307526687497215789335
639	1055162	34208	0.21180496564322218167042422010127
642	1060065	34365	0.21176049021590145904347934902034
645	1064968	34528	0.21171560280696732903038537187967
648	1069944	34686	0.2116712731786016821189377878909
651	1074847	34844	0.21162751298789425624669036096748
654	1079750	35003	0.21158429030507100443436740988545
657	1084653	35173	0.21154163856609761729110630312789
660	1089777	35335	0.211499520891096137731324233755
663	1094754	35494	0.21145791786127851596965854241716
666	1099657	35655	0.21141683235969946363930205279758
669	1104633	35812	0.21137627136283493323176685407816
672	1109536	35970	0.21133621603715765924214053939068
675	1114439	36128	0.21129665625087323821418294755858
678	1119342	36286	0.21125758016116041870802177982114
681	1124245	36448	0.21121898697112753695570575018792
684	1129222	36616	0.21118088365334478084811564713164
687	1134272	36786	0.2111432399184880459586111101089
690	1139396	36943	0.21110605711864327549420750074205
693	1144299	37100	0.21106933680524392338284656034375
696	1149202	37257	0.21103305934679189581615332826914
699	1154105	37419	0.21099723229304256921778915057075
702	1159082	37578	0.2109618258825982084481154288369
705	1163985	37739	0.21092684856467830423198961398157
708	1168961	37896	0.21089228777653135082914559461642
711	1173864	38058	0.21085816654893954624760965543828
714	1178841	38220	0.2108244373374319746705651823504
717	1183818	38386	0.21079110701765155222453529404447
720	1188868	38544	0.21075817905908111882240518752951
723	1193771	38702	0.21072564006647470646882425171498
726	1198674	38860	0.2106934928637380355365138484558
729	1203577	39017	0.21066172570497715410553496440116
732	1208480	39183	0.21063032331965825250108537147753
735	1213530	39341	0.21059930689701622519294232915854
738	1218433	39506	0.21056865541285971210605509895686
741	1223483	39663	0.21053836175638906968998753654887
744	1228386	39830	0.21050841914327436676934723891463
747	1233437	39991	0.21047882546787494151274700016074
750	1238413	40148	0.21045058199757418759823224263528
753	1243316	40306	0.21042168710020828226170408470352
756	1248219	40466	0.21039312380253485934566981541138
759	1253196	40626	0.21036489952245784884610202425392
762	1258173	40784	0.21033698679080126137108663897379
765	1263076	40943	0.21030940473577447447084409759555
768	1268052	41102	0.21028213848670346264313479878183
771	1272955	41258	0.21025518398022366439725772124802
774	1277858	41420	0.21022853979538472235510937480285
777	1282835	41576	0.21020219126805816944880689334241
780	1287738	41733	0.21017615187235627605133458928321
783	1292641	41891	0.21015040194028453135466349976923
786	1297543	42052	0.21012494431531028582504916357721
789	1302520	42210	0.21009978736879611482812890699279
792	1307423	42367	0.21007490858468103045453290178557
795	1312326	42523	0.21005030619149092641073650611361
798	1317229	42684	0.21002599223882056911349991423776
801	1322206	42850	0.21000193631892838386221455948544
804	1327256	43012	0.2099781543911402315050196420998
807	1332233	43177	0.20995463562804428381269872261328
810	1337283	43334	0.20993138142994582917566503965645
813	1342186	43491	0.20990839644157061050222523590492
816	1347089	43653	0.20988566220776336268549755459389
819	1352066	43815	0.20986317869794565704744115919311
822	1357042	43976	0.20984093912427040362622676639148
825	1362019	44135	0.20981894897182870596274995023123
828	1366922	44293	0.20979720779943980546455861713184
831	1371825	44459	0.20977569820675739942217319367046
834	1376875	44616	0.2097544326713381701576821569688
837	1381778	44782	0.20973339570322352409803556838597
840	1386828	44943	0.20971259116003193589961028919788
843	1391805	45100	0.20969201278773769159258222316566
846	1396708	45257	0.20967165857531808170755027731502
849	1401611	45414	0.20965152973228354249535243525315
852	1406514	45570	0.20963161872500457594270528716152
855	1411417	45727	0.20961192491893432254812523751752
858	1416320	45885	0.20959243602316496302151449526718
861	1421223	46045	0.20957316420670771273115917665564
864	1426199	46203	0.20955409477903041981505793955876
867	1431102	46368	0.209536229528896000839921498482
870	1436153	46529	0.20951757387664485254852309026319
873	1441129	46691	0.20949911230289389174608061239269
876	1446106	46853	0.20948085297561883089123568879586
879	1451083	47009	0.20946278029709891610465888334147
882	1455986	47166	0.20944490812744798180489169681096
885	1460888	47324	0.20942822627781010336178724173806
888	1465791	47482	0.20941072347868910918933238463069
891	1470694	47640	0.20939341136424149958372709079413
894	1475597	47805	0.20937628017135723190733642695704
897	1480648	47962	0.20936033341083101766422203127149
900	1485551	48119	0.20934356164663120436486565267842
