0	0	0	0.69314718055914625871594125783304
3	12060	642	0.49543277980030653306897647780715
6	24195	1285	0.4186942073074257364417860571848
9	36403	1916	0.3772842730628677698767603487795
12	48390	2564	0.35246222446805880457176840536704
15	60672	3197	0.33867023269648549588239916374732
18	72732	3828	0.32785441590814368151285407293472
21	84719	4473	0.32098107130566255751347171099042
24	96928	5121	0.31505562876543585781874412532488
27	109210	5762	0.31076569659643776821766891771404
30	121344	6407	0.30700554792491374644924917447497
33	133552	7063	0.30376755663739068991091585303366
36	145982	7699	0.30107947480675462115229379378434
39	158042	8339	0.29834631148933304922721276852826
42	170177	8979	0.29625009268876079104870768787805
45	182311	9611	0.29378035029085958207417661469663
48	194298	10250	0.2920396145441516155827343936835
51	206433	10886	0.28973578780252101649850260400854
54	218493	11518	0.28822756949835592887865232114564
57	230480	12154	0.28605606863936433592598973518761
60	242541	12786	0.28470355152540205434519293703488
63	254528	13426	0.2826332508839553558921409148752
66	266662	14063	0.28139615974904169659609465270478
69	278723	14703	0.27942542150058397032452717212436
72	290858	15344	0.27827421779996769357623520591005
75	302992	15986	0.27639227348155626096115611289861
78	315127	16627	0.27531643091085089558589515945641
81	327261	17260	0.27351852041406349291818855817837
84	339248	17889	0.27250562303467218416841433281661
87	351161	18526	0.27078594812178979900352260301588
90	363222	19159	0.2698246871918993372574391287344
93	375209	19799	0.26818859702814057399677949433681
96	387270	20432	0.2672722335002716831375835226936
99	399257	21075	0.26571886976679492953223871154478
102	411391	21718	0.26484530660318045258705410560651
105	423525	22357	0.26336973565503174476987169327913
108	435586	23004	0.26253393300598387716249249024258
111	447794	23647	0.26113208618854999443215092469472
114	459929	24282	0.26033222411206746738088213533047
117	471916	24938	0.25900220652560518308504811102466
120	484271	25573	0.25823350451423082718704904436891
123	496258	26203	0.2569706013158016277841966257256
126	508172	26841	0.25623307886083435125357254946721
129	520232	27485	0.25503476719755452384319482916908
132	532367	28125	0.25432677471870490659711094849627
135	544427	28764	0.2531899739981543495659366271866
138	556488	29403	0.25251122665553848989361540589016
141	568549	30051	0.25143080584912091968163849742268
144	580757	30690	0.25078065608207122938466682171565
147	592818	31343	0.24975551497636278019953692819399
150	605100	31986	0.24913165884320770393500765749195
153	617234	32626	0.24815890317057182068438692112977
156	629295	33257	0.24756078412513563002939065427199
159	641208	33905	0.24663616185552025839022860509431
162	653416	34550	0.24606302956179604279896011576056
165	665551	35190	0.24518452575495924827819749225455
168	677611	35825	0.24463339034111877823285396971187
171	689598	36461	0.2438004479707703286983644375141
174	701585	37101	0.24327209506366442859359722206136
177	713646	37740	0.24247844754784816934112257058587
180	725707	38372	0.24197219463899821700891834552749
183	737620	39007	0.24121851333990967924947312894801
186	749607	39651	0.24073023291141401602821758842765
189	761741	40312	0.24001392006786098631820891569078
192	774171	40952	0.23954611469800926593087808669225
195	786232	41588	0.23886546179390630295635844504432
198	798219	42223	0.23841553414188063064749201203085
201	810206	42864	0.23776649748019176855429179795465
204	822266	43506	0.23733346058725732219407689171931
207	834253	44146	0.23671698445649841380244993160886
210	846314	44786	0.23630057862263192935969868813118
213	858375	45428	0.23571511208916054447293220164283
216	870435	46071	0.23531537821512704677928695673472
219	882570	46711	0.23475503814719003714550638051151
222	894630	47363	0.23437049115845759450493801523407
225	906912	48007	0.23383675547669108274462246299663
228	919047	48655	0.23346686534081759201164629757841
231	931255	49298	0.23295770082360969799317729211907
234	943390	49931	0.23260223312586575383775766567851
237	955303	50567	0.23211703334219560557194483862986
240	967290	51207	0.23177446584896188586100151951541
243	979350	51850	0.23131171612524534242361085034645
246	991485	52490	0.23098094731498539089464827611664
249	1003546	53125	0.23053891155552821978780286826805
252	1015533	53777	0.2302204223060224652641636566841
255	1027814	54417	0.22979848696669094576527925255505
258	1039875	55064	0.22949125340163387121172888782894
261	1052083	55719	0.22908812755583596310060556788812
264	1064439	56374	0.22879176843098067428705633119534
267	1076795	57013	0.22840686588696773595685840518854
270	1088855	57653	0.22812061612115178133031179186219
273	1100916	58296	0.22775254429944707945665527404344
276	1113051	58943	0.22747661483979636498631293761719
279	1125259	59579	0.22712506669602861020251793888747
282	1137246	60216	0.22685871917284383680879500388983
285	1149233	60859	0.22652190485209017234424777598178
288	1161293	61500	0.22626441942951894259472567227931
291	1173354	62133	0.22594267409534871116072451968648
294	1185267	62772	0.22569372851905150634266306042264
297	1197328	63415	0.22538705979562401182647590758279
300	1209463	64047	0.22514645130771140935088681089837
303	1221376	64690	0.22485184289677348501435005800886
306	1233510	65335	0.22461995427731920593750203352101
309	1245718	65967	0.2243383125493748353473932866109
312	1257632	66602	0.22411270801200491864513253403857
315	1269619	67234	0.22384293027968910072544872491562
318	1281532	67878	0.22362417656471453297761797784915
321	1293666	68526	0.22336584618603791407842606986378
324	1305948	69166	0.22315451614226233800764020998031
327	1318009	69809	0.22290633172848683951627890564851
330	1330143	70447	0.22270181228802402029209872580395
333	1342204	71088	0.22246417286130432122703837194422
336	1354339	71742	0.22226608430214186973294943072688
339	1366694	72388	0.22203804305351523828981896713231
342	1378902	73026	0.22184710962067646922157848621282
345	1390963	73667	0.22162925679379974486238324971055
348	1403098	74303	0.22144367086228455843155416005175
351	1415085	74946	0.2212356837709362478161523313247
354	1427219	75590	0.22105473467226349759684467244369
357	1439353	76236	0.2208539563620504075913686392596
360	1451562	76871	0.22067815124896553169442370290199
363	1463549	77512	0.22048546277757727351875871590892
366	1475609	78150	0.2203150489481553175874495309472
369	1487670	78786	0.22013030036204636608054840962723
372	1499657	79421	0.21996544513990715086215743667708
375	1511644	80062	0.21978702351928966485239413941599
378	1523778	80705	0.21962745802782440707190403372806
381	1535913	81359	0.21945597059232904713077516589692
384	1548269	82011	0.21930075788837774530826152385998
387	1560624	82664	0.21913715237324518647632487500232
390	1572980	83308	0.21898647918235936149500275860191
393	1585114	83962	0.21882913396559264262997146488487
396	1597470	84594	0.21868181018518054181676291136682
399	1609457	85231	0.21853077496863534956439423240226
402	1621518	85863	0.21838822662708010091670018937293
405	1633431	86510	0.21824167584303097444653474212828
408	1645713	87156	0.218103101393421400233663121071
411	1657921	87798	0.21796204964339185861099679186736
414	1670055	88434	0.21782737843375829522862829890073
417	1682042	89070	0.21769164187876011151701050039264
420	1694103	89706	0.21756065903556068286128777344857
423	1706090	90345	0.21743007522773435957752496960893
426	1718151	90979	0.21730298432940786668154942162801
429	1730138	91625	0.21717719457160009066676309430477
432	1742346	92260	0.21705333083065722621363136113359
435	1754259	92898	0.21693211019384112114849472163769
438	1766320	93541	0.21681148718188614221702437134809
441	1778454	94173	0.21669515734206598600586346492491
444	1790368	94811	0.21657731694995821514204692448402
447	1802428	95442	0.21646562885396508635338364001655
450	1814342	96078	0.21635059463479180963396686365741
453	1826328	96716	0.21624302073789697375971741166722
456	1838389	97360	0.21613103179595116731803727816441
459	1850524	98002	0.21602756303513406810345998110279
462	1862658	98644	0.21591830847807522153480874749221
465	1874793	99285	0.21581922493033919852045698917209
468	1886927	99933	0.21571207002465772606392135912756
471	1899209	100568	0.21561632989110743330307684573199
474	1911196	101210	0.21551220242729510201407094882597
477	1923330	101846	0.21542001347391043220014239523152
480	1935317	102505	0.21531835085677492047651071516157
483	1947820	103143	0.21522944678491795489350124626071
486	1959955	103791	0.21513043008133320155295109543658
489	1972237	104436	0.21504550075808126496923478043755
492	1984445	105073	0.21494901964567544871975712794665
495	1996432	105709	0.21486642138382253119921472261922
498	2008419	106343	0.2147719745610444097572155897069
501	2020406	106981	0.21469243085880726495950909793464
504	2032467	107617	0.2146002001784486912239202638375
507	2044454	108260	0.21452367688238124787680760618969
510	2056514	108902	0.21443331768071677290166121565562
513	2068649	109544	0.21435982966407485239557217937545
516	2080783	110176	0.21427134387396554182636521090899
519	2092770	110811	0.21420041335154343942193122529716
522	2104757	111451	0.21411391571104260167501820433245
525	2116818	112090	0.21404566421325912917161815585132
528	2128879	112720	0.21396120162051773805345078471873
531	2140792	113363	0.21389541635657755014321423914225
534	2152926	114001	0.21381387927795170167399874117109
537	2164987	114637	0.21375016489151840715088326305704
540	2177048	115275	0.21366974852022985187360859526962
543	2189108	115915	0.21360844177755719530686917551066
546	2201169	116551	0.21352946940728584346302909580118
549	2213230	117204	0.21347044409828386246630316236406
552	2225659	117846	0.21339338526355647318588637517678
555	2237794	118488	0.21333618230139167470937877624237
558	2250002	119128	0.21326205886954222035178929672838
561	2262136	119761	0.21320677347643415822098234002624
564	2274123	120399	0.21313314943852557092895949608646
567	2286184	121039	0.21308003607383285693543939487427
570	2298318	121675	0.21300899984499058192888298890466
573	2310379	122302	0.2129574105707215669891496645505
576	2322292	122940	0.21288710349448258796201116638258
579	2334353	123577	0.2128373097100380306745392999801
582	2346414	124221	0.21276836027025505804211036320339
585	2358622	124857	0.2127202899652875789371364589897
588	2370683	125491	0.21265288184177366659355357114691
591	2382670	126137	0.212606838177737261785793521085
594	2394878	126771	0.21254036094696304726170410503983
597	2406865	127406	0.21249609097577537575318729068385
600	2418852	128048	0.21243070101384672887512294892076
603	2430986	128682	0.21238875123695433178028224574518
606	2442973	129314	0.21232420206313684651888706866885
609	2454960	129949	0.2122839270961520419245260882235
612	2466947	130585	0.21222030349304940588517354171927
615	2478934	131221	0.21218183549574454183073157764738
618	2490995	131863	0.21211935255520716903099298633606
621	2503129	132505	0.21208185675821264459806059221592
624	2515264	133140	0.21202087014400425313276343786129
627	2527251	133779	0.21198458473347450703450078890455
630	2539311	134431	0.2119250607672872876996450486331
633	2551667	135062	0.21189021237014157850175877229049
636	2563654	135703	0.21183157244384370754275437320757
639	2575788	136343	0.21179881101819864053226183386869
642	2587923	136984	0.21174151667912838314933310357446
645	2600057	137622	0.21170990030163167050503147947893
648	2612118	138265	0.21165283945616439331693925396394
651	2624326	138906	0.21162219537687146364568491208047
654	2636461	139539	0.21156619378185465008002097420103
657	2648448	140175	0.21153672626457931116306099283975
660	2660508	140816	0.21148202287638570573413687725406
663	2672643	141466	0.21145346800165018552597473444621
666	2684925	142111	0.21139965832938620304837229468831
669	2697133	142751	0.21137232918003434622988834235002
672	2709267	143391	0.21131938843152500706601415458863
675	2721402	144032	0.21129308298791277254125020590436
678	2733536	144666	0.2112411723742382563262509620472
681	2745523	145301	0.2112158438537684035374297764065
684	2757510	145943	0.21116479939201965310147102172778
687	2769645	146580	0.21114035931050606498260435728298
690	2781705	147219	0.21109037741436789681337415913731
693	2793766	147848	0.21106651133885553917046706828842
696	2805679	148484	0.2110178560557061933078415449927
699	2817666	149126	0.21099461314515735588237532738276
702	2829801	149770	0.21094701810189708801601682353066
705	2842009	150405	0.21092453492737545106550101081666
708	2853922	151045	0.21087770593352136994091949873109
711	2866057	151687	0.21085627273295398653729648685839
714	2878265	152322	0.21081024825208419248845359561528
717	2890252	152972	0.21078934224374412664815281459596
720	2902608	153607	0.21074447937046816847761476765299
723	2914594	154239	0.21072392151224886291949189853767
726	2926581	154884	0.21068014401007284508438033299171
729	2938790	155514	0.21066043312893115158068724213081
732	2950703	156148	0.21061723821881800366995207696164
735	2962690	156792	0.21059800114956025995915922521817
738	2974898	157428	0.2105559048072076777646799428112
741	2986959	158063	0.21053727704438277013032632112299
744	2998946	158701	0.21049677468198052521231034006632
747	3011006	159336	0.21047913886522987003679929784994
750	3023067	159972	0.21043827047257498974452971651772
753	3035128	160606	0.21042122895447182284733855794912
756	3047115	161247	0.21038090589216251746762509355904
759	3059249	161891	0.2103648355210935572134900439778
762	3071457	162532	0.21032493880889441273396300857712
765	3083592	163174	0.21030917417402747449095556930843
768	3095726	163808	0.21027037467852321972472395827936
771	3107713	164447	0.21025536884499276824023183962709
774	3119848	165088	0.2102168976794839272415060804633
777	3131982	165728	0.21020279735651545283126040430943
780	3144043	166368	0.21016461946693565376875767469755
783	3156104	167003	0.210151162507399430490195868515
786	3168164	167638	0.21011371490465108324841025932983
789	3180225	168282	0.21010080401407715822159616436693
792	3192433	168924	0.21006375854752407095205057885323
795	3204568	169552	0.21005159275341617197696564289799
798	3216481	170192	0.21001506258376431701684339259373
801	3228542	170824	0.21000338723495309833921851350169
804	3240529	171460	0.20996751020455306502299208659679
807	3252589	172103	0.20995617712709233049217516509088
810	3264797	172745	0.20992091368070914247923042239563
813	3276932	173375	0.20991007022307855978127122398291
816	3288845	174010	0.20987534865354326441000409886328
819	3300832	174654	0.20986447917918515937429901896394
822	3313040	175285	0.20983107889778626620191914753377
825	3324954	175929	0.20982029551891892560355756813806
828	3337162	176561	0.20978746654355504008826471817883
831	3349149	177207	0.2097773648537743507169750500907
834	3361357	177851	0.20974473187292028142358901732223
837	3373565	178495	0.20973510443898457644706923019839
840	3385773	179144	0.20970301618316483649451242854411
843	3398129	179790	0.20969398441337933070016674719227
846	3410337	180437	0.20966214068350139121399422492686
849	3422545	181076	0.20965363026180250383134762159898
852	3434606	181719	0.20962207367332560958850251608965
855	3446814	182364	0.20961476697686429182532208415068
858	3459022	183001	0.20958293781889766882464698483091
861	3471157	183645	0.20957615657912445628063835556532
864	3483365	184283	0.20954484538260559345346223381057
867	3495426	184929	0.20953805945659248477497271778702
870	3507634	185563	0.20950842264373298329260819627962
873	3519621	186199	0.2095030965908859232893490798233
876	3531682	186834	0.20947180035387993890516611372732
879	3543669	187472	0.2094668421529757296184470760636
882	3555729	188117	0.20943693122904880055124010596046
885	3567938	188753	0.20943193512058963512423304109689
888	3579998	189400	0.2094029511581651792351266294645
891	3592280	190040	0.20939805836054373178178877878963
894	3604415	190683	0.2093685506700647125377656720957
897	3616623	191314	0.20936412333545528774436661478831
900	3628610	191945	0.20933501247714109139153038086079
