0	0	0	0.69314718055914625871594125783304
3	1268	9	0.49244787292978331461057450724184
6	2537	19	0.41453409012907754815913108359382
9	3806	29	0.37565270183576532359026600715879
12	5074	38	0.35211742555357455897180329884577
15	6343	48	0.33850174721980647030150635146128
18	7612	58	0.32803298264087260571741921921785
21	8881	67	0.3211113341616255723032224977942
24	10149	77	0.31534142322809705083486164767237
27	11418	87	0.31102207513872454081038654294389
30	12687	97	0.30731289490309615652918751038669
33	13956	106	0.30404233918564566030440232680121
36	15224	116	0.30137517930196244808627170641557
39	16493	126	0.2985991629648175327282899615966
42	17762	135	0.29652043444798509286286503083829
45	19031	145	0.29399798281390709941973682362004
48	20299	155	0.29226978910038453607356245811388
51	21568	164	0.28994142001155509547061228659004
54	22837	174	0.28843835160988628985023751738481
57	24106	184	0.28623765590511446310628684841504
60	25375	193	0.28489052445063156593363373758621
63	26644	203	0.28279987356045027668827174238686
66	27912	213	0.2815677274033133725694710847165
69	29182	222	0.27957278672311425271601592612569
72	30450	232	0.27842507944897226801472811530402
75	31719	242	0.27652955537316248335599766505766
78	32988	251	0.27544725549096399364046305890952
81	34257	261	0.2736420357085775911798464221647
84	35526	271	0.2726221062392886751446496873541
87	36795	281	0.27090611241047896085021307044371
90	38063	290	0.26993553037932688232203304323775
93	39332	300	0.26830478486961667483612359319523
96	40601	310	0.2673820013329409328584063132439
99	41870	319	0.26582773350539434797923377118423
102	43139	329	0.26494681876375619777874703686393
105	44408	339	0.2634703989125753431643772728421
108	45676	348	0.26262814975248266469165514536144
111	46945	358	0.26122765988395918457243283228308
114	48214	368	0.26042133629647001846763032517629
117	49482	377	0.25909272921205489526030874003482
120	50751	387	0.25831970540398363489487110200571
123	52020	397	0.2570503539709991236428265892755
126	53289	407	0.25631041295881112906940302309522
129	54557	416	0.25510738003955957253765518544242
132	55826	426	0.2543974243638490451147049498104
135	57095	436	0.25325738973245115470689370340551
138	58364	446	0.25257610241955419372317237503012
141	59632	455	0.25149655171179668977643473226635
144	60901	465	0.25084456850988168241656239842996
147	62170	475	0.24981798450946937628636135286797
150	63439	484	0.2491933116853058682860222461386
153	64707	494	0.24821985492219741931130272405426
156	65976	504	0.24762036222559330456149950805411
159	67245	514	0.24669158607931521154377207949437
162	68514	523	0.24611769084371665217148006377101
165	69782	533	0.24523814769176063843580948287126
168	71051	543	0.24468762943449676172669171592133
171	72320	552	0.24385042511572033174793716625572
174	73589	562	0.24332009909435420302870056730171
177	74858	572	0.24252511373022983542924180255795
180	76127	581	0.24201527390127533512220736611198
183	77395	591	0.24125969319170720295275600619789
186	78665	601	0.2407705777149831138927993379184
189	79933	611	0.24005193478955447194955752365786
192	81203	620	0.2395833372958018070431052137792
195	82471	630	0.23890339110980199355260822358105
198	83740	640	0.23845200728103532750168369602761
201	85009	650	0.23780278500797799590138481562462
204	86278	660	0.23736869155749443227598760586261
207	87546	669	0.23674968275207999846010409328301
210	88815	679	0.23633273443245894629427539257449
213	90084	689	0.23574640045594261184014328591729
216	91352	698	0.23534511541756486519005875379662
219	92621	708	0.23478396428968006937054724403424
222	93890	718	0.23439737252662184996410132953315
225	95159	727	0.23386365782978202343400653262506
228	96428	737	0.23349183475499138418207678569161
231	97697	747	0.23298270506839199867066270144278
234	98965	756	0.23262425762100319426295413904882
237	100234	766	0.23213961184760462108656042801158
240	101503	776	0.23179466812936508346432162852579
243	102772	786	0.23133193684225977770907434205583
246	104040	795	0.23099900603802786536178359710902
249	105309	805	0.23055595219877550450249259483826
252	106578	815	0.23023673140717082485906530564534
255	107847	824	0.2298143055367523057697098920471
258	109115	834	0.22950536592990528061974941920198
261	110384	844	0.22910165987449043756285504969128
264	111653	853	0.22880418232660351685048283343349
267	112922	863	0.22841815214631097652464575276099
270	114191	873	0.2281314978227640122288022439534
273	115460	883	0.22776275576011559276246032368363
276	116728	893	0.2274863756095221734021549764293
279	117997	902	0.22713424910101026599207330036734
282	119266	912	0.22686675371715689375484714673803
285	120535	922	0.22652925359388167980689843261644
288	121803	931	0.22627178966657232606074501291005
291	123072	941	0.22594932912199258701058113274485
294	124341	951	0.22569987520210071929582795746683
297	125610	960	0.22539190168626715982114205871767
300	126878	970	0.22515155442480944136818266088085
303	128147	980	0.22485566670058848570690201995603
306	129416	989	0.22462389802038437713882501611806
309	130684	999	0.22434049206675149568113170062134
312	131953	1009	0.22411543361046334932318302435306
315	133222	1018	0.22384479700420534253879623065586
318	134491	1028	0.22362714537915914791987859189248
321	135759	1038	0.22336728344581077698727256120037
324	137028	1047	0.22315705180100070537108081225597
327	138297	1057	0.22290785059216275398874529400928
330	139566	1067	0.22270401759282529297045982730197
333	140834	1076	0.22246502998800748995833487242635
336	142103	1086	0.22226730063833727291111586055194
339	143372	1096	0.22203808913076261699615088218707
342	144641	1105	0.22184792242251855087786793774285
345	145909	1115	0.22162793952543718978276388043014
348	147178	1125	0.22144352807702347152307709166053
351	148447	1134	0.22123465070774817053944616418448
354	149716	1144	0.22105365840159874046833010652335
357	150984	1154	0.22085264153813211063237531561754
360	152253	1163	0.22067771795363877451734424539609
363	153522	1173	0.22048339245611586756368183159793
366	154791	1183	0.22031336913685731215828411677649
369	156059	1192	0.22012720304206320753870329554047
372	157328	1202	0.21996347422952122752093373492244
375	158597	1212	0.21978432433360969855407063278108
378	159865	1221	0.21962458790432859423447098379256
381	161134	1231	0.21945227944114245599571688671858
384	162403	1241	0.21929759903406492727029331035737
387	163672	1250	0.21913399004027830918595043385722
390	164941	1260	0.21898243085241558825160268497712
393	166210	1269	0.21882444904955197784168774433056
396	167478	1279	0.21867781819646625596220701481798
399	168747	1289	0.21852499194447494446080781926867
402	170016	1298	0.21838294779002800916067883463256
405	171285	1308	0.21823645096174471014194296003552
408	172553	1318	0.21809796948188223120190798454132
411	173822	1327	0.21795658075269797038231445185374
414	175091	1337	0.21782220147484024352912967970042
417	176360	1347	0.21768600047472785874447254172992
420	177628	1356	0.21755507528335324418655716272042
423	178897	1366	0.21742403662327314251001553202514
426	180166	1376	0.21729696140663157244432568404591
429	181435	1385	0.21717108449479216591981867168215
432	182703	1395	0.21704736727704188048448941117385
435	183972	1405	0.21692660708263342139723306445376
438	185241	1414	0.21680518070214624404279391001182
441	186510	1424	0.21668918347289869985594634727022
444	187778	1433	0.21657084678917945530507438434142
447	189047	1443	0.21645903781172845525837544755632
450	190316	1453	0.2163442603343387060643721042652
453	191585	1462	0.21623618338079780842875265989278
456	192853	1472	0.21612470869865371692064570652292
459	194122	1482	0.21602096404875750779162046910642
462	195391	1491	0.2159117026623970092558124633797
465	196659	1501	0.21581186801296348143353043269599
468	197928	1511	0.21570541508710944222926286784059
471	199197	1520	0.21560925624901278174760932415666
474	200466	1530	0.21550544788695782938425793417991
477	201734	1539	0.2154124541929644809368227242885
480	203003	1549	0.21531124674505111582512029144709
483	204272	1559	0.21522217360050596712817139177787
486	205541	1568	0.21512360080027617681430740503856
489	206809	1578	0.21503764704533928631136063813756
492	208078	1588	0.21494242855727749286209871115716
495	209347	1597	0.21485906661842904541437349053012
498	210616	1607	0.21476548180315635505621685297228
501	211885	1617	0.21468539203777356472180315449805
504	213154	1626	0.21459307880323577610859331343818
507	214422	1636	0.21451628181674162187952958902315
510	215691	1646	0.2144261580201116956789775258585
513	216960	1655	0.21435201627676281344037079179543
516	218229	1665	0.21426405024511510633011823756533
519	219497	1675	0.21419244620411914681312737229746
522	220766	1684	0.21410665217468424770252966027329
525	222035	1694	0.21403737166291039728527323404705
528	223304	1704	0.21395377994268552357404189478984
531	224572	1713	0.21388681891743308027820091865578
534	225841	1723	0.21380606875608845762748444485624
537	227110	1733	0.21374201201674875028047040359525
540	228379	1742	0.2136620249089748457826942740212
543	229647	1752	0.21359995758385796893463748347131
546	230916	1762	0.21352179853283925758944405970396
549	232185	1771	0.21346199193686118955604058555764
552	233453	1781	0.21338550040129994345150521439791
555	234722	1791	0.21332732215216071436358902246866
558	235991	1800	0.21325425590881408322019296974759
561	237260	1810	0.21319863127224419896421636622108
564	238528	1820	0.21312528779526282440848206078954
567	239797	1829	0.21307276027773422444333561998064
570	241066	1839	0.21300102301738568777444982060842
573	242335	1849	0.21294923966203724297052701786015
576	243603	1858	0.2128792826527529102875746502832
579	244872	1868	0.21282909902719709949181492447678
582	246141	1878	0.21276054559924170717088998117106
585	247410	1887	0.21271233999308000739425494884927
588	248678	1897	0.21264507585176420367822913704003
591	249947	1907	0.21259891196790975387287403464143
594	251216	1916	0.21253277420578509104842623855802
597	252485	1926	0.21248818246861850278506267386547
600	253754	1935	0.21242331138983136518127992076188
603	255023	1945	0.212380022411280428018542920654
606	256292	1955	0.21231689479518980889771739839489
609	257561	1964	0.21227496210159113587678803014569
612	258829	1974	0.2122132743037072888370175860473
615	260098	1984	0.21217278280345969188047661191376
618	261367	1993	0.21211227750954350645962165344827
621	262636	2003	0.21207314808374855275019399414305
624	263904	2013	0.21201384997799416209929290744185
627	265173	2022	0.21197661070449910769575296853873
630	266442	2032	0.21191797828742314768746268782706
633	267711	2041	0.21188189205783236612745668026037
636	268979	2051	0.21182455335811473107199276455503
639	270248	2061	0.21178973842769513447059637201164
642	271517	2070	0.21173450960437870116415126631182
645	272785	2080	0.21170059210728969789627740283322
648	274054	2090	0.21164573944687703477285367625882
651	275323	2099	0.21161316784083758490986326705752
654	276592	2109	0.21155953288289447433712098245451
657	277861	2119	0.21152795877429828030891201251507
660	279130	2128	0.21147527971527146917196660069749
663	280398	2138	0.21144507638161252893738151215075
666	281667	2147	0.21139320373895476024017625604756
669	282936	2157	0.2113642595609828422897891186949
672	284205	2167	0.21131271690579023214695553178899
675	285473	2176	0.21128522785190051447301584630623
678	286742	2186	0.21123455589424200429249367516604
681	288011	2195	0.21120825726113734432942692365032
684	289280	2205	0.21115814341499350437203474939452
687	290549	2215	0.2111334435442604740007510599753
690	291818	2224	0.21108382726973146104043621562596
693	293086	2234	0.21105948192086215753349165424879
696	294355	2243	0.21101157792189315087760803635319
699	295624	2253	0.21098810876171833483816442367242
702	296893	2263	0.21094068732422327494546721027291
705	298161	2272	0.21091815027551244488002168964158
708	299430	2282	0.21087149020968759538519066154549
711	300699	2291	0.21084957339035681478378592146328
714	301968	2301	0.21080442219843148476954297620978
717	303236	2311	0.21078270906724957955979959933757
720	304505	2320	0.2107385789837694367587772603656
723	305774	2330	0.21071775193167466277976984656561
726	307043	2339	0.21067421874746594667726640182082
729	308311	2349	0.21065435663866891036200001963152
732	309580	2359	0.21061139159446432000954985142016
735	310849	2368	0.21059187426035066992291433507489
738	312117	2378	0.21055105875785370961317255478207
741	313386	2388	0.21053232985193018333980319312104
744	314655	2397	0.21049105146461782878120061468508
747	315924	2407	0.21047319720029245004866425006185
750	317192	2416	0.2104322698102187305657650995272
753	318461	2426	0.21041574781228608581606920324703
756	319730	2436	0.2103752306844530739482479475555
759	320999	2445	0.21035936316809783486192486634536
762	322267	2455	0.21031920216412294810659489030513
765	323536	2464	0.21030409073247485762792052810255
768	324805	2474	0.21026491366310948172291261926148
771	326074	2484	0.21025037422740447401459107368282
774	327342	2493	0.21021149473864519929833249989315
777	328611	2503	0.21019799829740073993100679672352
780	329880	2513	0.21015915674049229222575263520412
783	331149	2522	0.21014667786384702563573512179573
786	332417	2532	0.21010834379708664965136222235742
789	333686	2541	0.21009652418853802524623120007163
792	334955	2551	0.21005869383591896371044072111545
795	336224	2560	0.21004664867382621951108490065963
798	337492	2570	0.2100100717907094904912668198449
801	338761	2580	0.20999835519339288270046495199495
804	340030	2589	0.20996255993497214831222663633525
807	341298	2599	0.2099510967970711350361057156988
810	342567	2608	0.20991611828396808392405148424587
813	343836	2618	0.20990585172480144549034264400689
816	345105	2628	0.20987058783866244238147658052185
819	346373	2637	0.20986154942586857097275299111061
822	347642	2647	0.20982598803789340169423383031244
825	348911	2656	0.2098170554561505918300667872245
828	350180	2666	0.20978264307884722517094644445024
831	351448	2675	0.20977390266398482365772792945791
834	352717	2685	0.20973993110682592755367181780457
837	353986	2695	0.20973180323536308455878440781817
840	355255	2704	0.20969811982325586852127230486076
843	356523	2714	0.20969040375349717875153032764501
846	357792	2724	0.20965752742778720474348119751085
849	359061	2733	0.20965062440795959042283413964469
852	360330	2743	0.20961766932223127590795286323555
855	361598	2753	0.20961117332354772813118870544713
858	362867	2762	0.20957899500234547507382387721009
861	364136	2772	0.20957231722120975292433797676495
864	365405	2781	0.20954087374308830171720785529033
867	366673	2791	0.20953422823416512077443485395634
870	367942	2800	0.20950452910922198745957700793952
873	369211	2810	0.20949899119765083566058194719517
876	370480	2820	0.20946780413873614112851839763607
879	371748	2829	0.20946311001075079705202597324387
882	373017	2839	0.20943307793542736972014495222538
885	374286	2848	0.20942774620914472727406518970383
888	375554	2858	0.20939921456422169732114468843065
891	376824	2868	0.20939368229703445023481833686674
894	378092	2877	0.20936497445089607971624445781345
897	379361	2887	0.209359644405531619693050515707
900	380630	2896	0.20933165070620279868407465073687
