0	0	0	0.6931471805595997848215006342798
3	8014	27	0.68779651148241827129936609708238
6	16028	50	0.68308224390351313104474684223533
9	24042	72	0.67502674925616379386639209769783
12	32056	91	0.67007768420120983332566311219125
15	40070	111	0.66775707845629495018613397405716
18	48084	128	0.66438610734799896651026074323454
21	56098	145	0.65737115564178250082250087871216
24	64112	165	0.65254449157811489357072787242942
27	72126	182	0.64642061275519879792739175172755
30	80140	200	0.64085353584870397014583431882784
33	88155	220	0.63561490013415367084093077210127
36	96169	240	0.6305026986478351469500580606109
39	104183	267	0.62778230542336821429216797696427
42	112197	294	0.62386416467079464087674978145515
45	120211	317	0.62002177303470862312906319857575
48	128225	336	0.6153817018475623568107835126284
51	136239	355	0.60946148453510584630521407234482
54	144253	379	0.60644546318742797996748095101793
57	152267	401	0.60293914787836899726869432925014
60	160281	421	0.59965453611641517106534138292773
63	168296	440	0.59596876858855307723672467545839
66	176310	462	0.59284800559377470730026971068582
69	184324	485	0.59055045897770108709323721996043
72	192338	504	0.58754547137082535623875401142868
75	200352	524	0.58484403383625016559221876377705
78	208366	546	0.58452513589533927618191455621854
81	216380	566	0.58163933770037345993841881863773
84	224394	585	0.57838766031287924818116152891889
87	232408	608	0.57606698587669546984812996015535
90	240422	630	0.5731749020687004758656257763505
93	248437	649	0.57100705992038314207093208096921
96	256451	668	0.57028317900417546670865931446315
99	264465	685	0.56758361075677310481069071101956
102	272479	702	0.56532358365894030960419058828847
105	280493	721	0.56381283294610717859995929757133
108	288507	738	0.56132094116226893820709165083827
111	296521	755	0.55873770998956240330102218649699
114	304535	772	0.55607322005767167993894872779492
117	312549	792	0.55260270318688842206000799706089
120	320563	819	0.55149999240325464633372121170396
123	328578	846	0.55016732475735941054750810508267
126	336592	868	0.54853840253421337624928355580778
129	344606	891	0.54651176998718942190436109740403
132	352620	910	0.54530524275891700813900797584211
135	360634	926	0.54333646328220730481461941963062
138	368648	944	0.54169566129405433141386083661928
141	376662	963	0.53944415383734234392676398783806
144	384676	982	0.53661068710861781205778697767528
147	392690	999	0.53419857182017260743833730884944
150	400704	1016	0.53229452798364085275295565224951
153	408718	1035	0.53053904744196545006929000010132
156	416733	1054	0.52886106405210264735927694346174
159	424747	1080	0.52757836389254775255608365114313
162	432761	1103	0.52636387989052735303374674913357
165	440775	1125	0.52440512794795735018738014332484
168	448789	1144	0.52372911811344391441735979242367
171	456803	1163	0.5229927620354644091094087343663
174	464817	1181	0.52176257001330583751297353956033
177	472831	1198	0.52090080405989147571688135940349
180	480846	1217	0.51903278107953032538546267460333
183	488860	1237	0.517943829378041953326317070605
186	496874	1253	0.51689455472813683467592227316345
189	504888	1270	0.51583223624185547961928932636511
192	512902	1290	0.51493413096121698480089889926603
195	520916	1309	0.51336293162638968468058919825125
198	528930	1336	0.51327239184687245554528089996893
201	536944	1359	0.51284198643764922209697942889761
204	544958	1382	0.51198134135433193137032503727823
207	552972	1401	0.51011476375868669563828916579951
210	560987	1420	0.50978004901659879077868708918686
213	569001	1437	0.50849292683861402331046974722994
216	577015	1454	0.50784906089208470270079942565644
219	585029	1474	0.50744781768609326100261114333989
222	593043	1498	0.50604453115879399760501655691769
225	601057	1525	0.5052932706638979531987843074603
228	609071	1548	0.50449884293419000602654023168725
231	617085	1570	0.50383216675414588259229731193045
234	625100	1589	0.50299841190841609872563822136726
237	633114	1606	0.501865960595965887591773935128
240	641128	1622	0.50082617922657901576855010716827
243	649142	1641	0.49987375367297398609522929291415
246	657156	1660	0.49925502178859387791831636604911
249	665170	1687	0.49861134779212507028844925116573
252	673184	1715	0.4979480615691216360829685072531
255	681198	1737	0.49745044098951435307398583063332
258	689212	1757	0.49651600560829645125693332374794
261	697227	1776	0.49560473923711895194443854961719
264	705241	1793	0.49479950671539912887553214204672
267	713255	1810	0.49407804336679894685602221215959
270	721269	1830	0.49390703857574913548944550711894
273	729283	1848	0.49358176546413434770954609120963
276	737297	1865	0.49250549372783769541683795978315
279	745311	1882	0.4916339017884106543654354481987
282	753325	1900	0.49078560300969431562378986200201
285	761339	1920	0.48977821042956931618661542415794
288	769353	1938	0.48892184930678522780667094593809
291	777368	1954	0.48835653240607745928514304978307
294	785382	1974	0.48796033797271293197539421271358
297	793396	1993	0.48766088136795676666324084180815
300	801410	2020	0.48748047879421479988693022278312
303	809424	2042	0.48707074508420594716184837125184
306	817438	2064	0.48670126585432421650878609398205
309	825452	2084	0.48643589100597112162560620163276
312	833466	2104	0.48620907290478987405890620721038
315	841480	2126	0.48577920155955967018712726712693
318	849494	2150	0.4856299317468430465360995640367
321	857508	2169	0.48524268839637840766698673178325
324	865523	2191	0.48442052330510593227685944839322
327	873537	2214	0.48383999817831063738893249137618
330	881551	2234	0.4835100362736649004524736028543
333	889565	2254	0.48306649789379785264742395156645
336	897579	2276	0.48225920916646103364655573386699
339	905593	2299	0.48147757383677003417687956243753
342	913607	2318	0.48124738632456653952829128684243
345	921621	2337	0.48091378429517100956402941847045
348	929635	2360	0.48023740490287114557332870390383
351	937649	2379	0.47994301724889620874847651066375
354	945663	2398	0.47961583183197797897179270876222
357	953678	2420	0.47914351951368150395182965439744
360	961692	2442	0.47828626474632590648283780865313
363	969706	2462	0.47743402192510631110167196311522
366	977720	2481	0.47680545569751170420502717206546
369	985734	2504	0.47669785518694846038201262672374
372	993748	2523	0.47639663366235418529015532840276
375	1001762	2541	0.47618758485175072259210082847858
378	1009776	2563	0.47592701416449617601855948123557
381	1017790	2586	0.4753785385442174660219905035774
384	1025805	2606	0.47538181994331579760526551581279
387	1033819	2625	0.47458851216057734712094884343969
390	1041833	2648	0.47363949570046143255908077662752
393	1049847	2667	0.47280098248854923737027888819284
396	1057861	2686	0.47262633844803891847163868078496
399	1065875	2703	0.47205789960176747221964888012735
402	1073889	2720	0.47162376173578202109837320676888
405	1081903	2739	0.47116790497722782493639215317671
408	1089917	2757	0.47063488635152017636187338212039
411	1097931	2785	0.47008559958585932614383295913285
414	1105945	2812	0.46979903411600265616954175129649
417	1113960	2834	0.46946106627987477244445813084894
420	1121974	2854	0.46905752573353348688911523822753
423	1129988	2874	0.46857726430876373013845181958459
426	1138002	2891	0.46838407406121901344064895056363
429	1146016	2908	0.46783927267965091933987764605263
432	1154030	2927	0.46782970551857216978675069185556
435	1162044	2946	0.46748299123805331367620397031715
438	1170058	2974	0.46724036028760851380070562299807
441	1178072	2996	0.4662099536521917553244520604494
444	1186086	3019	0.46584566225580503751046990146278
447	1194101	3038	0.4651058679801696182920522915083
450	1202115	3058	0.46462506455364943613872696914768
453	1210129	3074	0.46436452242454590022546767613676
456	1218143	3091	0.46385568577181623961536161004915
459	1226157	3110	0.46329728005063397500151722852024
462	1234171	3130	0.46304274619312651983804585142934
465	1242185	3157	0.4624667734081190917372339299618
468	1250199	3180	0.46201388203891002870449256079155
471	1258213	3203	0.46155079375444058031874305925157
474	1266227	3222	0.46113361677724101772568587875867
477	1274241	3242	0.46081159950381778145356292952783
480	1282256	3264	0.46019966492478064923332681246393
483	1290270	3287	0.45960595768274409289588788851688
486	1298284	3307	0.45883013014767703996454883963452
489	1306298	3330	0.45820416652736795093403543432942
492	1314312	3352	0.45781472981748283501701735076495
495	1322326	3372	0.45720668917543960674265690613538
498	1330340	3391	0.45695709967518183258761155229877
501	1338354	3415	0.45686855339699861122682023051311
504	1346368	3438	0.45612237978258279857968204851204
507	1354383	3457	0.45594936978303968189152328704949
510	1362397	3476	0.45578212522214950341847838899412
513	1370411	3493	0.45554938976568321029603225724713
516	1378425	3510	0.45553492495427677644315167526656
519	1386439	3530	0.45505759181742910790546829957748
522	1394453	3558	0.45486258285480107854681364187854
525	1402467	3585	0.45433789725736245523890488584584
528	1410481	3608	0.45374808570527863649246569366369
531	1418495	3631	0.45337579238571795725576407676272
534	1426509	3650	0.45323396224065365389677140228741
537	1434524	3672	0.45270350762944122635644816909917
540	1442538	3695	0.45256531379711689710987343460147
543	1450552	3714	0.45227990383521565753710547141964
546	1458566	3734	0.45204385151140130671976180565252
549	1466580	3757	0.45175071143838457787822449063242
552	1474594	3779	0.45129979797327168800080698929378
555	1482608	3798	0.45119151447005034771819964589668
558	1490622	3817	0.45080954745481705003840033896267
561	1498636	3833	0.45020192092459898614009716766304
564	1506650	3851	0.44987510748411457806028579398117
567	1514664	3869	0.44983706311864068982941944341292
570	1522679	3887	0.4498343763129810102263661519828
573	1530693	3904	0.44931492187473182076118405348097
576	1538707	3924	0.44900116404346102072508983837906
579	1546721	3944	0.44854160357434375017149363884528
582	1554735	3961	0.44813656459373268914347931968223
585	1562749	3978	0.44794197146001152320948790475086
588	1570763	3998	0.44767920590177368023176995848189
591	1578777	4019	0.44750084775315190910305318539031
594	1586792	4036	0.44726592087212396764428490314458
597	1594806	4053	0.44716204544495613548704682216339
600	1602820	4072	0.44665275890872147002141900884453
603	1610834	4091	0.44611830739986557681220347149065
606	1618848	4119	0.4458016647502220375365311610949
609	1626862	4141	0.44533771544869132918975651591609
612	1634876	4164	0.44504605604563696186204424520838
615	1642890	4183	0.44476800138816324770019150491862
618	1650904	4202	0.44431083744062788154494114678528
621	1658918	4224	0.44417686419533336517062593884475
624	1666933	4243	0.44382398809425155361552128852054
627	1674947	4262	0.44359742221430759068212523743568
630	1682961	4279	0.44339624156313350855640464942553
633	1690975	4297	0.44318215757296630652461999488878
636	1698989	4317	0.44297875425343974375991251690721
639	1707003	4336	0.44268165262045827690329247161571
642	1715017	4354	0.44230458767901109640163781477895
645	1723031	4371	0.44220303912276165414496631456132
648	1731045	4391	0.4418237668228080505805621669424
651	1739059	4410	0.44128690637595657797476178529905
654	1747073	4438	0.44096452509361477867244616390963
657	1755088	4461	0.4406465527020685946091305140726
660	1763102	4485	0.44052934011681893489154049348144
663	1771116	4504	0.44013676734526235856392872847209
666	1779130	4523	0.43968388766043881021872152814467
669	1787144	4547	0.43932159150253641266559156974836
672	1795158	4566	0.43914620648699642657675212831236
675	1803172	4586	0.43903015008789181283788138898672
678	1811186	4603	0.43888735581849991351788276006118
681	1819200	4620	0.43874175490699690582729886045854
684	1827214	4640	0.43838080379679811304782788283774
687	1835228	4658	0.43772041910465181446809879162174
690	1843243	4685	0.43745976568437272558043105163961
693	1851257	4709	0.43728547802008604916679246343847
696	1859271	4731	0.4369867402690164603917821750656
699	1867285	4751	0.43655606954430103971986909527914
702	1875299	4769	0.43610468455528439424284670167253
705	1883313	4785	0.43574617686153332973830742957944
708	1891327	4804	0.43547572133566408991711682574532
711	1899341	4824	0.43519650991156749730848218860046
714	1907355	4851	0.43475610420350446760906493182119
717	1915369	4877	0.4346220167884469742780595424847
720	1923383	4900	0.43438964679095426468791174556827
723	1931398	4919	0.43398817005710765837278586332104
726	1939412	4938	0.43381188340099285927209393776138
729	1947426	4955	0.43370403994619471932381316037208
732	1955440	4971	0.43345543791843155201348736227374
735	1963454	4991	0.43339112271309887525205795100192
738	1971468	5011	0.43290824991282694789163087989436
741	1979482	5037	0.43254414818592329394775219952862
744	1987496	5065	0.43233072175312559082271945953835
747	1995510	5088	0.4319008246443078458121078710974
750	2003525	5107	0.43141205422095191268638814108272
753	2011539	5126	0.43119253259809953160441864383756
756	2019553	5148	0.43115483775028429214160041738069
759	2027567	5170	0.43111273641201097728270497100311
762	2035581	5190	0.43096501456809566121819443651475
765	2043595	5209	0.4307303350579939071884894019604
768	2051609	5231	0.4306784300357436867656701906526
771	2059623	5251	0.43048211405349962044297740249021
774	2067637	5270	0.43010788170889324710799428430619
777	2075651	5293	0.4298989646963841115834270567575
780	2083665	5315	0.42963332666756509636840632992971
783	2091680	5334	0.42921380030838524044511927968415
786	2099694	5354	0.42898214482262564395398385386216
789	2107708	5377	0.42882082559821355083329308399698
792	2115722	5399	0.42843891855176019500817119478597
795	2123736	5419	0.42810795477857388480202871505753
798	2131750	5438	0.42809033355673076215452965698205
801	2139764	5460	0.42782854402633119228482883045217
804	2147778	5479	0.42768387643780153561934298522829
807	2155792	5498	0.42752297970708252883298428059788
810	2163806	5515	0.42761387963207686535582752185292
813	2171821	5532	0.4275278599477111973747867068596
816	2179835	5552	0.42742580808761893029767975349387
819	2187849	5572	0.42717860670469015582639826789091
822	2195863	5599	0.4268884404461278925246858761966
825	2203877	5622	0.42676466370526017213293812346819
828	2211891	5644	0.42660487571648614268937649285363
831	2219905	5662	0.42641085410701617952611286455067
834	2227919	5682	0.42601123216181557840087634758675
837	2235933	5699	0.42598048410333583246867306115746
840	2243948	5715	0.42576171182899130718269020690059
843	2251962	5734	0.42560966643133690823219694721047
846	2259976	5754	0.42561301720790034597285966810887
849	2267990	5781	0.42518535433130011380598034520517
852	2276004	5802	0.42504210920174129162418807936774
855	2284018	5824	0.42483463947246380421063349785982
858	2292032	5845	0.42471688404026541885372125761933
861	2300046	5865	0.42437753468240546617096242698608
864	2308060	5887	0.4240836935729003220885147129593
867	2316074	5910	0.42394088256113149348891511181137
870	2324088	5930	0.42381768347845083511060693126637
873	2332103	5949	0.42363107136894190274389870864979
876	2340117	5972	0.42354871899625001763212139849202
879	2348131	5995	0.42351063788075460347926082249614
882	2356145	6015	0.42345122790730282957838426227681
885	2364159	6032	0.42299934887744772282758276560344
888	2372173	6050	0.42277253867874364789969376943191
891	2380187	6069	0.42260310072794382563188264612108
894	2388201	6089	0.42241723790322027731747311918298
897	2396215	6116	0.42217324084216950597081563500979
900	2404230	6143	0.42200955923943234138207003525167
