0	0	0	0.6931471805595997848215006342798
3	8073	358	0.68612352008606769526721791407908
6	16145	683	0.67999345618189588336122142209206
9	24218	997	0.67418605991844782199251540077967
12	32291	1264	0.66873714701700126550321101603913
15	40363	1534	0.66372963252298844416543488478055
18	48435	1849	0.65865299561100820735504157710238
21	56509	2166	0.65317088954363899944155491539277
24	64582	2617	0.64816422504236292922996653942391
27	72657	2990	0.64315365500310972546316179432324
30	80731	3306	0.63817216058090231456390029052272
33	88805	3614	0.63390980256057083419563014103915
36	96877	3979	0.62995469429244066450479522245587
39	104950	4339	0.62611313601580509402566576682148
42	113022	4661	0.62197587860256298153416310015018
45	121097	5020	0.61773061689286068443038857367355
48	129168	5396	0.61445572278320181869304406063748
51	137243	5717	0.61064031791062423071281273223576
54	145318	6085	0.60682342550229817490503592125606
57	153391	6452	0.60321535676603432740705557080219
60	161465	6766	0.59951226165698223713462766681914
63	169538	7066	0.59659708175727432788448822975624
66	177610	7439	0.59363366004177797741192534886068
69	185686	7747	0.59095832541919424141241279357928
72	193759	8055	0.58790263563321198958533386758063
75	201833	8329	0.58529266730006124230811792585882
78	209904	8617	0.58232881544661063699663827719633
81	217979	8928	0.5796414605929107732862348711933
84	226051	9370	0.57708461524197485204012991744094
87	234126	9756	0.57498691838058091363450330391061
90	242200	10107	0.57281685287715122800733524854877
93	250272	10409	0.57029155872630155066360657656332
96	258344	10711	0.56799422342311045586171758259297
99	266416	11080	0.56578939267807071278326702667982
102	274491	11396	0.56368856737326145101008023630129
105	282566	11712	0.56152113746357723567115272089723
108	290640	11983	0.55952590917359357192140123515856
111	298714	12251	0.55754109382206351597233151551336
114	306787	12552	0.55604513920603049204061107957386
117	314859	12823	0.55431841417571070529390908632195
120	322932	13087	0.55224933265258457915081180544803
123	331004	13397	0.550717276193362081926352402661
126	339078	13711	0.54897118673042144543217091268161
129	347152	14137	0.54723843020597806585669786727522
132	355224	14492	0.54544635628118354198079487105133
135	363296	14819	0.54401200924167814054754899188993
138	371372	15122	0.54244912906907827299107793805888
141	379444	15494	0.54106767008435652233089285800816
144	387519	15831	0.53962030418740414283718109800247
147	395594	16131	0.5382018402586137284515643841587
150	403666	16399	0.53684220569105367548701224222896
153	411739	16687	0.53576127588436806004068557740538
156	419816	17005	0.53422898210833891230464587351889
159	427891	17282	0.53273112701127478540996662559337
162	435964	17549	0.53138599786575635430807551529142
165	444036	17863	0.53040734318853233197899044171209
168	452108	18172	0.52916752336263783718095510266721
171	460180	18436	0.52793947890747205953232423780719
174	468252	18736	0.52688077278836709105291902233148
177	476325	19046	0.52586604899210565022826813219581
180	484399	19475	0.52486379707858954457577738139662
183	492471	19836	0.52391789499466401291982720067608
186	500544	20191	0.52289871231271500828796661153319
189	508616	20493	0.52181381202823362563947284797905
192	516688	20796	0.52082850457449469949722242745338
195	524760	21064	0.51973190322345275138360420896788
198	532832	21365	0.51861458386444603263498720480129
201	540904	21685	0.51771373782925256268327984798816
204	548978	22112	0.51673977085177014156869290673058
207	557050	22474	0.51574547352878752359828240514616
210	565124	22855	0.51473189358972615270459982639295
213	573200	23174	0.51384796490542350433372575935209
216	581274	23530	0.5129142624885791867939133226173
219	589346	23911	0.51205339370158098333263296808582
222	597422	24218	0.51122472940550856002062118932372
225	605494	24503	0.51050041105259358342749465009547
228	613569	24778	0.50970356961513108018380080466159
231	621642	25086	0.50876462294958146870271775696892
234	629714	25394	0.50797167409365928669728873501299
237	637786	25676	0.50725136467004527940360958382371
240	645861	25956	0.50637062807595978330965635905159
243	653936	26258	0.50562095879232249462376103110728
246	662008	26703	0.50508466559663178774286507177749
249	670082	27117	0.50419915884826349561365077533992
252	678154	27482	0.50341394351539969775899407977704
255	686228	27797	0.50280333655659614766619824877125
258	694302	28103	0.50205941221037775346047737912158
261	702374	28455	0.50139549776003744518959592824103
264	710446	28765	0.50062280167187511725757076419541
267	718519	29067	0.50009358734956477210431557978154
270	726591	29337	0.49939780508347147991443648606946
273	734665	29621	0.49850621215858353929561985751207
276	742741	29932	0.49784126650876436848136563639855
279	750814	30370	0.49719932120636628480880858660385
282	758887	30810	0.49641209366341365605279634110047
285	766961	31172	0.49575443691337323093293321107922
288	775033	31491	0.49495967877560331782405000922154
291	783106	31804	0.49427042833542400579460718290647
294	791178	32165	0.49375995331412608768673067061172
297	799250	32472	0.49324515004655683503287377789093
300	807322	32793	0.49255788010885442895769870119693
303	815395	33168	0.49181233518638101109843319136417
306	823470	33498	0.49128603825292921358780517948617
309	831546	33813	0.49069265739045719865174532969831
312	839619	34181	0.49007465475628259055085322870582
315	847693	34496	0.48951108143560045915521072856791
318	855766	34819	0.48899019599646548206450802354084
321	863841	35098	0.48845656297609024720784987039224
324	871914	35375	0.48794272150586259773064057299052
327	879987	35682	0.48753913872493148673470386711415
330	888059	36138	0.4869080534757857514627232831117
333	896135	36568	0.48632238823323453713598496506165
336	904209	36941	0.48576420079139337460105707577895
339	912283	37253	0.48522867464300656337172767962329
342	920357	37573	0.48462474901188401510410130867967
345	928431	37945	0.48412446409214032749801503996423
348	936506	38270	0.48359577735138492560196254999028
351	944582	38583	0.483106533998373111060686824203
354	952657	38864	0.48265891638864977242207032759325
357	960730	39137	0.4820782721126349312790182466415
360	968802	39447	0.48153029509501893423717433506681
363	976875	39726	0.48105297441016781068157115441863
366	984950	40018	0.48045546204890737795878408178396
369	993028	40323	0.47997496584394788721183999768982
372	1001100	40631	0.4794785713914011537895021319855
375	1009171	40913	0.47912823123915637690828361883177
378	1017246	41221	0.47863946317860939227983863020199
381	1025321	41528	0.47823855723232172598713418665284
384	1033394	41954	0.47784313914387122057547685471945
387	1041466	42342	0.47734826402535257550141523097409
390	1049539	42700	0.47683603526605505829039088894206
393	1057613	43006	0.47642663290402015308089289646887
396	1065686	43314	0.47589401851265439313820593270066
399	1073759	43582	0.47547121040015177806381529990176
402	1081833	43852	0.47507250023183289489026037699659
405	1089906	44158	0.47465121554251643587463149742689
408	1097979	44580	0.47427638757600942831516022124561
411	1106053	45014	0.47377193607843431921722299193789
414	1114126	45385	0.47335456820843457848013713373803
417	1122202	45685	0.4728900649746261564132510102354
420	1130274	45988	0.47246169184750125280558563645172
423	1138347	46254	0.47195091795560012437604768820165
426	1146421	46540	0.47156903276239153788296221136989
429	1154498	46838	0.47110184515225272949834334212937
432	1162570	47144	0.47062604849669398277001164387912
435	1170643	47413	0.47024527363273538327348433085717
438	1178717	47705	0.46983296090503817721284463004849
441	1186790	48009	0.46929332543594443061252263760252
444	1194862	48282	0.46888385551119282634857654556981
447	1202937	48567	0.46843454806028544945561975509918
450	1211014	48872	0.46810049672061326830885263916571
453	1219087	49188	0.46769575650027656044116497469076
456	1227162	49453	0.46734349454579304783408133516787
459	1235234	49726	0.46699413115417315323085745149001
462	1243309	50028	0.46659934837463495904685828463698
465	1251381	50306	0.46620065685436867797264426371839
468	1259457	50585	0.46583559136126662103549733728869
471	1267532	50907	0.46555962589762317493935483980749
474	1275608	51217	0.46509540797778770038206630488276
477	1283681	51488	0.46468073101717011219591313420096
480	1291753	51757	0.46424257130049084718592666831682
483	1299825	52077	0.46386722023252685564997932488041
486	1307900	52508	0.4634104161546057087939232133067
489	1315973	52952	0.46305802800930379037325224089727
492	1324048	53310	0.46269306463776577187374527966313
495	1332121	53638	0.462185249715248325230732007185
498	1340198	53951	0.46183776684915078813986610839493
501	1348272	54309	0.46140183124107586598583452541789
504	1356345	54619	0.46107139829292570487595526174118
507	1364418	54921	0.46055559136764878669367817565217
510	1372490	55191	0.4602570755597134022352179272275
513	1380564	55460	0.45996103291807916013667068000359
516	1388637	55778	0.45956335362546807399297676965944
519	1396710	56090	0.45921026486796162613401861563034
522	1404784	56358	0.45888688948702632819376390216348
525	1412855	56644	0.45855238125786262903815782010497
528	1420927	56948	0.45818927378242246817308114259504
531	1428999	57379	0.45782916225222475281597667162714
534	1437073	57771	0.4574224564131390002863497556973
537	1445146	58128	0.45701078100367548140425810743182
540	1453219	58428	0.45660863158608588907583225591225
543	1461291	58740	0.45628126713242406209403156935878
546	1469366	59001	0.45592216322359618851933760197426
549	1477438	59264	0.455585520194345505728961143177
552	1485510	59560	0.4552430042032082346814547690883
555	1493582	59851	0.45486895428874446478673121418979
558	1501658	60126	0.45458162006623381579117904038867
561	1509731	60456	0.45421054013504769120146420391393
564	1517809	60759	0.45377330462287446266600454691797
567	1525881	61020	0.45351453857056367446887179539772
570	1533953	61285	0.45310697446532349763614888615848
573	1542024	61593	0.45267251497957672334848666650942
576	1550098	61863	0.45234498052699001480192464441643
579	1558171	62135	0.45200099925620673690929152144236
582	1566244	62455	0.45166785074039400571521696292621
585	1574320	62754	0.45146205997750876726115620840574
588	1582392	63178	0.45114405736716201023028816052829
591	1590464	63549	0.45082582156894773772748408191546
594	1598540	63920	0.45042003963642507358144939644262
597	1606617	64220	0.45006948051381712172513971381704
600	1614688	64518	0.44982924327333273506468458435847
603	1622760	64781	0.44952633310183759407507864125364
606	1630832	65055	0.44928007116320395342157212326129
609	1638907	65356	0.44895401398972689666067026337259
612	1646979	65795	0.44864596327886530069406489928951
615	1655054	66224	0.44829542182912118786219934918336
618	1663127	66583	0.4479774918004559292050714702782
621	1671200	66889	0.44764763222693398914131535093475
624	1679274	67196	0.44737818670368900697553726786282
627	1687347	67457	0.44707814383493615917330998854595
630	1695419	67720	0.44681656313293716120682574910461
633	1703491	68025	0.44657281997052022948224703213782
636	1711564	68337	0.44639510264804699302132462435111
639	1719639	68606	0.44608514393366927031081559107406
642	1727712	68892	0.44583163304529710435630818210484
645	1735784	69191	0.4455123388928707295342235283897
648	1743856	69620	0.44522986169136918865874008588435
651	1751929	70030	0.44494390738306105470556417458283
654	1760003	70385	0.44462464570850723788453251472674
657	1768076	70685	0.44430248286934331813924359266821
660	1776148	70985	0.44402040572323475675631243575481
663	1784220	71246	0.44369647358314401319745456930832
666	1792292	71521	0.44347395002090433946406733412005
669	1800367	71834	0.44317149571235042726513597699523
672	1808441	72208	0.44291402608022079068206267038477
675	1816513	72633	0.44259629178114762160234363363998
678	1824586	72984	0.44233800992783572914035516987497
681	1832658	73295	0.44203694394089221297861058701528
684	1840732	73610	0.44171668606350439345575864535931
687	1848806	73877	0.44142119730602680238717994143371
690	1856880	74144	0.44114147430140882022442383458838
693	1864953	74465	0.44084564553045779700113371291081
696	1873029	74779	0.44052674650335105210885444648738
699	1881104	75221	0.44024342399160398819901729439152
702	1889179	75588	0.43994320200033354417712416761788
705	1897253	75926	0.43971068137900670702578054260812
708	1905328	76234	0.43947804913663063297590838374163
711	1913401	76511	0.43917764581332124906865033153736
714	1921476	76779	0.43894338954444617195704836376535
717	1929549	77086	0.43876501105003207214849680894986
720	1937623	77406	0.4385570076130988481644124021841
723	1945699	77686	0.43827851409539497762324344876106
726	1953773	77962	0.43808377756314853535002384887775
729	1961848	78277	0.43777924142781149408065743955376
732	1969923	78705	0.43752144950137999979133951455879
735	1977996	79142	0.43717712118948670596552119604894
738	1986071	79498	0.43684432242576259897148815980472
741	1994144	79803	0.43665171133395602742766072879022
744	2002218	80117	0.43635238605164522462942500169447
747	2010292	80379	0.43608921477796613874744480199297
750	2018364	80648	0.4358237220327186300927735373989
753	2026436	80966	0.43556919179761494076430494715169
756	2034511	81369	0.43536041550529896992927092469472
759	2042583	81809	0.43510536621650491850843422980688
762	2050656	82159	0.43484529729476578685520848921442
765	2058728	82481	0.43464370269444979610895529731351
768	2066804	82789	0.43441640245538593045893094313215
771	2074877	83057	0.43423991983506848857388149554026
774	2082951	83330	0.43393814375744105271692774294934
777	2091025	83637	0.43368202233051988958578704114188
780	2099099	84061	0.4334408229585395289085170134058
783	2107171	84499	0.4332760584113096724578895191371
786	2115245	84862	0.43303343035994462661975035189243
789	2123319	85170	0.43278361353788419307875301456079
792	2131392	85471	0.4325434231888494740481121425546
795	2139464	85741	0.43229251610155294827109173638746
798	2147537	86010	0.43207316970191539384771317600098
801	2155611	86324	0.43181318970098608867047573767195
804	2163685	86624	0.43150358273234035166865396604408
807	2171757	86892	0.43133423616295513136620343175309
810	2179831	87164	0.43112905389700595382151959711337
813	2187903	87468	0.43093773277002955790493388121831
816	2195976	87730	0.43069090201702631137692378615611
819	2204048	87994	0.43041672632314947888332312686543
822	2212120	88306	0.43019136279993347438121986670012
825	2220194	88610	0.42999252882836835887303550407523
828	2228268	89030	0.42974536113164835127165019912354
831	2236340	89388	0.42955843735598564503419538596063
834	2244413	89743	0.42933367481258699616120111386408
837	2252485	90055	0.42908079180563574173135066303075
840	2260560	90349	0.42885231233692555630199194638408
843	2268633	90623	0.42866020570666230060652424072032
846	2276708	90931	0.42848930126737982959639339242131
849	2284781	91227	0.42825756125374608851430480171985
852	2292853	91666	0.42805467694531679212488484154164
855	2300928	92055	0.4278773820456960308433735917788
858	2309001	92410	0.42760558879173210522495196528325
861	2317074	92717	0.42737793541856800016986994705803
864	2325148	93017	0.42722452753358802768346436096181
867	2333220	93283	0.42698425252512384187042471239693
870	2341293	93552	0.42673611369034919471587841144355
873	2349366	93871	0.42654059331026378254492215091886
876	2357442	94155	0.426318664333498298368851919804
879	2365517	94428	0.42607073399222245013717724759772
882	2373592	94725	0.42584877857679870327700655252556
885	2381664	95024	0.4256449557250413517905940352648
888	2389736	95455	0.42542247037395275466309385592467
891	2397809	95812	0.42522321923192984982620146183763
894	2405881	96164	0.42506160874741860666858883632813
897	2413953	96482	0.42485311524457330945026001245424
900	2422027	96800	0.42462292449140803807239308298449
