0	0	0	0.6931471805595997848215006342798
3	8011	5	0.68312610748180102593352103212965
6	16022	10	0.67048020142185682512803168719984
9	24033	15	0.66448815408097228196737660255167
12	32044	19	0.65654121173097990116218625189504
15	40056	23	0.64683660905746331870602716662688
18	48067	28	0.64647768579301467806175196528784
21	56078	33	0.63982577204302393258927850183682
24	64089	40	0.63660770515182962814293432529666
27	72100	47	0.62876230103109964630903050419874
30	80112	53	0.62587899155584048038747368991608
33	88123	58	0.62798991555351468818457760789897
36	96134	63	0.62284524985632006011115890942165
39	104145	69	0.61830484815158570643944813127746
42	112156	74	0.61484008415856494789153430247097
45	120168	79	0.61231862218119292862184011028148
48	128179	84	0.60843516271155906327550155765493
51	136190	90	0.61081875591288770088738147023832
54	144201	95	0.6059761636217561031614309285942
57	152213	100	0.60224619653931310558903078344883
60	160224	105	0.59466544309455482419934924109839
63	168235	109	0.59310119517068560224259954338777
66	176246	114	0.5887818812110389155023426610569
69	184257	118	0.58456035860053989772211480158148
72	192269	123	0.57987050461192246597619259773637
75	200280	127	0.57864773533907032376788492911146
78	208291	131	0.57688798625217452276103813346708
81	216302	136	0.57419104405552645609134287951747
84	224313	142	0.5711693871921290632798218211974
87	232325	149	0.56493433394904291056093370571034
90	240336	155	0.56216136279640804840340706505231
93	248347	161	0.56210309128404156719938100650324
96	256358	166	0.56158881032879992556416937077302
99	264369	170	0.55813414778922165737640170846134
102	272381	174	0.55369592388310862052236416275264
105	280392	179	0.55175825303561498724747025335091
108	288403	183	0.55061494608493855018593876593513
111	296414	187	0.54586101611923987242391831387067
114	304426	192	0.54447396439762663078454352216795
117	312437	197	0.54262863013434992076611251832219
120	320448	202	0.54160014327059657901486389164347
123	328459	206	0.5439508457010555630972703511361
126	336470	210	0.54275400513664684432058038510149
129	344482	215	0.54005716231431688534314616845222
132	352493	220	0.53802419954891211872904932533856
135	360504	225	0.53903730127044280351356064784341
138	368515	229	0.53673647859601003595741985918721
141	376526	234	0.53554402052608984785564416597481
144	384538	239	0.53513852527467120623327900830191
147	392549	243	0.53571615437622932542893749996438
150	400560	248	0.53559704862717982809527939025429
153	408571	252	0.53349756768219791513985228448291
156	416583	257	0.53178477143349434097530092913075
159	424594	264	0.52906862985860647619063001911854
162	432605	271	0.52748355271152280732138706298429
165	440616	276	0.52569041848957365203887093230151
168	448627	281	0.52399374605962456552532557907398
171	456639	286	0.52397186834436770830336627113866
174	464650	292	0.52351033839545280113014769085567
177	472661	298	0.52377204878401206755711427831557
180	480672	303	0.52284386050172226845234035863541
183	488683	307	0.52265499594116870962778875764343
186	496695	313	0.52035208713378733325072289517266
189	504706	319	0.51780126469365161945290765288519
192	512717	324	0.51628090660847469894889627539669
195	520728	329	0.51511950889963109556646259079571
198	528740	333	0.51397673076994998542232906402205
201	536751	337	0.51317277288414420155504558351822
204	544762	342	0.51418991043802253493311127385823
207	552773	349	0.51401607185482300899082019896014
210	560784	355	0.51460483183375482774124520801706
213	568796	361	0.51356894753795989672084942867514
216	576807	367	0.51194869421211453008879743720172
219	584818	372	0.50983679288498640058691080412245
222	592829	377	0.50977353264417490930071608090657
225	600840	381	0.50795496234488846098997782974038
228	608852	385	0.50724513613028021641326859025867
231	616863	390	0.50621669590677076389084731999901
234	624874	396	0.50510973393629510219682288152399
237	632885	403	0.50408591678973868610569297743496
240	640896	409	0.50299274151841244506755401744158
243	648908	415	0.50139813951997291852080707030836
246	656919	420	0.50099517330212317567372792836977
249	664930	424	0.50014672849254804276597496937029
252	672941	428	0.49907685497879578084834406581649
255	680953	433	0.4982325197761972579435507668677
258	688964	439	0.49782988793316595987903383502271
261	696975	443	0.49664589509444495574186362318869
264	704986	447	0.49624865694849124020393560385855
267	712997	452	0.49508501340303379123497506952845
270	721009	456	0.49429173224044292700440905719006
273	729020	463	0.49307672836174987196500296704471
276	737031	469	0.49221353482906687881737184397934
279	745042	475	0.49138462600604831953532425359299
282	753053	480	0.49073073704955394447324579232372
285	761065	484	0.48996392647550274235257461441506
288	769076	490	0.49026442965030581078167415398639
291	777087	495	0.4890549125217755754846393756452
294	785098	500	0.48907469634980599293427871998574
297	793110	505	0.48889965279652153329337238574226
300	801121	509	0.48769898315246440478887279823539
303	809132	514	0.48751377476520901810275177012954
306	817143	519	0.48668527453675625160656181833474
309	825154	524	0.48764581805538664838195472839288
312	833166	528	0.48652848065319964643293815242941
315	841177	532	0.48567341750947634615442893846193
318	849188	537	0.48562547928084731641007465441362
321	857199	541	0.48496230398727030452832309492806
324	865210	545	0.48384444851646557506086310240789
327	873222	550	0.48377369850737717005273452741676
330	881233	555	0.48217000930885056675379018997774
333	889244	560	0.48170402709234327875975623101112
336	897255	564	0.48094248530740474345535062639101
339	905266	569	0.47998224186789500977923239588563
342	913278	574	0.47973521893131615412286805621989
345	921289	579	0.47913945838208127359081345275627
348	929300	583	0.47875112389497043174912960239453
351	937311	588	0.47871598480774602002441042714054
354	945323	594	0.47830268232423772678529871882347
357	953334	601	0.47718602269402954352273127369699
360	961345	607	0.47674234267378573504103655977815
363	969356	613	0.47653469327289477153186680880026
366	977367	617	0.4763285063733398994045842300693
369	985379	623	0.47569424756374328877583934627182
372	993390	629	0.4758690016298441904929461543361
375	1001401	634	0.47524549498772361566523159126518
378	1009412	639	0.47485682330529516148587276802573
381	1017423	644	0.47430816955991472738674019637983
384	1025435	648	0.47452470656162976103686901296896
387	1033446	652	0.47364929642356312644579929838073
390	1041457	658	0.4735833973365742299854730390507
393	1049468	663	0.47270493728369566976965643334552
396	1057479	670	0.47215968412042069735079508063791
399	1065491	675	0.47148915360813420383223615317547
402	1073502	681	0.47174951770455464394871114564012
405	1081513	686	0.47004784331834220667545309879642
408	1089524	691	0.46920273610175333711680423220969
411	1097536	696	0.46856641173684282497546860213333
414	1105547	700	0.46840195604719903066381903045112
417	1113558	705	0.46817627630820685125101476842246
420	1121569	711	0.46757845707679340785389854318055
423	1129580	718	0.46783562504753478661356780321512
426	1137592	724	0.46666881184392816628303535253508
429	1145603	729	0.46695900536293316607228121029038
432	1153614	735	0.46662756964222329436609015829163
435	1161625	739	0.46564205056147561778701060575258
438	1169636	745	0.46572764219813544972481622608029
441	1177648	750	0.46590737251157660070433053078887
444	1185659	755	0.4656408783457691158425006960897
447	1193670	760	0.46529687368565642024975659296615
450	1201681	764	0.46473403705333643509689522943518
453	1209693	770	0.4639759060330907458613580729434
456	1217704	775	0.46377461589306673284127668921428
459	1225715	779	0.46317459712479785993721748127427
462	1233726	784	0.46269001860255848379566145922581
465	1241737	789	0.46305271829340510780781414723606
468	1249749	794	0.46243335818285724592158203449799
471	1257760	801	0.46221866290296981238938656133541
474	1265771	807	0.46231064195520660264904222458426
477	1273782	813	0.46210987038248230174275477111223
480	1281793	818	0.46208208067889766645919280563248
483	1289805	823	0.46169008650861076414884109908598
486	1297816	828	0.4620111509709197150641557527706
489	1305827	832	0.4608288263619248481539614203939
492	1313838	837	0.46070726158900654478856040441315
495	1321849	842	0.46050328745042479194893303429126
498	1329861	846	0.46064489891222298867390350096684
501	1337872	851	0.46104617796427421749783093218866
504	1345883	856	0.46018091962836649155832446922432
507	1353894	863	0.45993240273123719985548518707219
510	1361906	870	0.45995669571286362797835067794949
513	1369917	876	0.45964023575477186422943987054168
516	1377928	882	0.45820454390477011186177946910902
519	1385939	888	0.45751295805066560795637542469194
522	1393950	894	0.45713552136159829597517045840505
525	1401962	900	0.45590675320449841612102659382799
528	1409973	905	0.45611631705246630241745720013569
531	1417984	910	0.45612406728062576677373840539076
534	1425995	916	0.45555756627359161869961212687485
537	1434006	921	0.45548769720409110206560399092268
540	1442018	926	0.45496509678125857112362950829265
543	1450029	931	0.45563105508515705510674820288841
546	1458040	936	0.45541281046578302449390207584656
549	1466051	940	0.45534675083890469027281255876005
552	1474063	945	0.45543809176459415510862527298741
555	1482074	952	0.45519326913755164820685195081751
558	1490085	959	0.45481181617257870897219618200324
561	1498096	965	0.45539094363368620710375012095028
564	1506107	971	0.45537337566912750030923007216188
567	1514119	976	0.45446454840528266450050409730466
570	1522130	980	0.45457312233459368222554530802881
573	1530141	985	0.45408722602512563426557790080551
576	1538152	989	0.45371784862288638828786702106299
579	1546163	994	0.45322017110650658633375087447348
582	1554175	1002	0.45311642011294417375921739221667
585	1562186	1008	0.45246140057429617975515157013433
588	1570197	1015	0.45262871162271328673298853573215
591	1578208	1020	0.45251490890815970757898867304903
594	1586219	1024	0.45214681795889599680293713390711
597	1594231	1029	0.45219285389692603915889890231483
600	1602242	1033	0.45268821806532655305232992759557
603	1610253	1038	0.45229167813526505170784730580635
606	1618264	1043	0.45170597221979924551504836927052
609	1626276	1050	0.45169720904242144365881017620268
612	1634287	1057	0.45150378797142032283318258123472
615	1642298	1063	0.45108599788834974342321970652847
618	1650309	1069	0.45007774228961500151413588355354
621	1658320	1074	0.44947669066346174204795715922955
624	1666332	1079	0.44914423687403337570600569961243
627	1674343	1085	0.44860763951841631236305829588673
630	1682354	1091	0.44812767442973988618604153089109
633	1690365	1095	0.44775886310963014524944014738139
636	1698376	1099	0.44716507145619455165785893768771
639	1706388	1104	0.44636377708380742257432416408847
642	1714399	1109	0.44595542590977677033237114301301
645	1722410	1114	0.44565241928131799076240326940024
648	1730421	1118	0.44593733532721330226067379953747
651	1738433	1123	0.44573897510041238234634874970652
654	1746444	1128	0.4458277981658564925737664452754
657	1754455	1133	0.44560969686371137976621525922383
660	1762466	1137	0.44589687984433412637486071616877
663	1770477	1143	0.44549799729235112222269776793837
666	1778489	1147	0.44526799594981109065017221837479
669	1786500	1155	0.44509115562194806470230901140894
672	1794511	1160	0.44451765912369867184139593518921
675	1802522	1166	0.44430667384773492312177722851629
678	1810533	1171	0.44419689885258367700870962835324
681	1818545	1176	0.44380181659744749600449154058879
684	1826556	1182	0.44373901088030465178491112965276
687	1834567	1187	0.44370476524135571416707080061315
690	1842578	1192	0.4433272347119956990901812332595
693	1850589	1196	0.44317941179192071876613567837921
696	1858601	1201	0.44214435747447350388839026891219
699	1866612	1206	0.44177832222179846954901449862518
702	1874623	1211	0.44137824276029935521847846757737
705	1882634	1218	0.44139305099905451479358475808112
708	1890646	1225	0.44042361434773874551140693256457
711	1898657	1231	0.44003795493239039604560502993991
714	1906668	1236	0.43995415243875690691766067175195
717	1914679	1241	0.43930023520598282527060973734478
720	1922690	1245	0.43896533495535833280243309673097
723	1930702	1250	0.43894786827090942482598734386556
726	1938713	1255	0.43930798492188777304434665893496
729	1946724	1260	0.43911020395095595736378868423344
732	1954735	1267	0.4388172348004264478049663011916
735	1962746	1274	0.43895974485359390282468439181685
738	1970758	1280	0.43833079689275267210035735843121
741	1978769	1285	0.43818859662106041108486920165888
744	1986780	1290	0.43803333779519687540826566873875
747	1994791	1296	0.43797679766245661836521207987971
750	2002803	1302	0.43711524148508179576921861553274
753	2010814	1307	0.43729890806468829644870766060194
756	2018825	1312	0.4374318378018602349044385846355
759	2026836	1318	0.43732020504336194255401437658293
762	2034847	1324	0.43721690474549712579488414121442
765	2042859	1328	0.43687518000712355359382854658179
768	2050870	1334	0.43649439566454661942884740710724
771	2058881	1340	0.43609287475158242664008412248222
774	2066892	1345	0.43586931735716716307393880924792
777	2074903	1350	0.43535857750587519943152869927872
780	2082915	1355	0.43524036588523024038366315835447
783	2090926	1361	0.43505319416075949323641225419124
786	2098937	1366	0.43422918808220534181430139142321
789	2106948	1371	0.43325080182682756957390779462003
792	2114959	1377	0.43274390780386651211841808617464
795	2122971	1382	0.43203181188857769923217233554169
798	2130982	1387	0.43153647726332705625296171092486
801	2138993	1393	0.43158563568080032801788092911011
804	2147004	1399	0.43111139084431543411213283434336
807	2155016	1403	0.43023992186632847856131434127747
810	2163027	1409	0.42985664291930614222536632951233
813	2171038	1413	0.42975602934540768629290141689125
816	2179049	1418	0.42955026411410979214622329891426
819	2187060	1423	0.42932422372014106271009836746089
822	2195072	1428	0.42926132749369649843629304086789
825	2203083	1435	0.42915134768608159676617219702166
828	2211094	1441	0.42927058129335837755036209273385
831	2219105	1447	0.42937954743080763986284864586196
834	2227116	1452	0.42928813593441905727132734682527
837	2235128	1457	0.42877315948064625983349174020987
840	2243139	1463	0.42786077660671073541465148082352
843	2251150	1469	0.42753171222875396839668837856152
846	2259161	1474	0.42735015714135676789808826470107
849	2267173	1479	0.42696913180087392447603633627295
852	2275184	1483	0.42635302778658112909937472068123
855	2283195	1487	0.42602502014471121949412690810277
858	2291206	1492	0.42647185646399987657417796071968
861	2299217	1499	0.42686049142280785284597754980496
864	2307229	1506	0.42668746816365843432805604606983
867	2315240	1512	0.42680226387641351237789422157221
870	2323251	1517	0.4262664794647981203468134481227
873	2331262	1522	0.42621890491404618162007977844041
876	2339273	1527	0.42616777841050174080450574365386
879	2347285	1532	0.42593262871135811886702526862791
882	2355296	1536	0.42595753461755653246356700947217
885	2363307	1541	0.42577160274084885349665796638874
888	2371318	1546	0.42524744418262439005218311649514
891	2379329	1550	0.42482152743575529729724848948536
894	2387341	1555	0.42518748930907340755069867554994
897	2395352	1561	0.42502745764495319935605266437051
900	2403363	1566	0.42540954995423957418765326110588
