0	0	0	0.6931471805595997848215006342798
3	1632	176	0.68624684299888361049823970461148
6	3265	351	0.68069479949458167045150958074373
9	4898	534	0.67452738580327076256537566223415
12	6533	709	0.66898605845616421206045743019786
15	8165	891	0.66334386745760554049411439336836
18	9799	1064	0.65850926613488913741178976124502
21	11432	1213	0.65299689902415924969147908996092
24	13064	1367	0.64767220769626443477307020657463
27	14698	1518	0.64256037635889440284842066830606
30	16331	1668	0.63762340963299746210424245873583
33	17964	1818	0.6325036626740992984352374151058
36	19597	1969	0.62790367768550092719692656828556
39	21230	2117	0.62317204911841495018620662449393
42	22863	2281	0.61936179864008078510551058570854
45	24495	2456	0.61583744277691188084844498007442
48	26128	2630	0.61242992865944756442075913582812
51	27761	2810	0.60950796478646462883688172951224
54	29394	2984	0.60632408639266410776968996287906
57	31027	3159	0.60364810482185526918641471638693
60	32660	3334	0.60056918747893484056277202398633
63	34293	3483	0.5973193144707781288005321584933
66	35926	3636	0.59386134255504086087995574416709
69	37559	3789	0.59142418773409644039418253669282
72	39193	3940	0.58861193416511969900284384493716
75	40825	4089	0.58604208388838163745759857192752
78	42458	4241	0.58300678974869057924479420762509
81	44091	4391	0.58087521236756478604235098828212
84	45724	4571	0.57757930891410702578525615535909
87	47359	4747	0.57432232929528848064393287131679
90	48991	4920	0.57188301311883116273548921526526
93	50624	5100	0.56983123546885583454724155672011
96	52257	5278	0.56749475244214131475217754996265
99	53890	5458	0.56516180985027908434403798310086
102	55524	5612	0.56294972922972730255963824674836
105	57158	5766	0.56080219005939735410493085510097
108	58791	5923	0.55895560743358319033546877108165
111	60424	6074	0.55715350273403663194926593860146
114	62057	6228	0.55541378272284769312960861498141
117	63690	6379	0.55406793089768147098084227764048
120	65323	6538	0.55250538905216128870989678034675
123	66956	6671	0.55094870897352266059243675044854
126	68589	6809	0.54910925183625414192079006170388
129	70222	6947	0.54800779567435886630022423560149
132	71856	7080	0.5466608333801271646379404955951
135	73489	7215	0.54531270491920846854583260210347
138	75122	7348	0.54350132894712854803032087147585
141	76755	7479	0.54147968595943729575026281963801
144	78387	7610	0.54012774860157997114384897940909
147	80021	7762	0.53838499463537936584600629430497
150	81654	7911	0.53668445498724637321430463998695
153	83287	8059	0.5350694464061901411966459818359
156	84919	8210	0.53392560860183702065029365257942
159	86552	8360	0.5322417032851547435967631827225
162	88185	8510	0.53140054834122318894173986336682
165	89818	8663	0.53033851316974889300581708084792
168	91451	8873	0.52931642731793393519268420277513
171	93084	9083	0.52830670904070287097198388437391
174	94716	9297	0.52704486166081054854259946296224
177	96350	9509	0.52587292445968403242773092642892
180	97983	9723	0.52513158237168489073098953667795
183	99617	9926	0.52402737514164998700039177492727
186	101249	10102	0.52293874130874684613701219859649
189	102882	10274	0.52190163430915104125773495979956
192	104515	10450	0.52087854979218306539223704021424
195	106148	10626	0.52003691688225595068928441833123
198	107781	10803	0.51907118890873182870393520715879
201	109413	10980	0.51801715869424114213614984691958
204	111047	11133	0.5172040626181353406565222030622
207	112680	11286	0.5161324778330567131234829503228
210	114314	11439	0.5150227927355530699315977471997
213	115946	11595	0.51422118667086302856716883979971
216	117580	11747	0.51322706283319641240581177044078
219	119213	11901	0.51242798608778428182120023848256
222	120847	12051	0.51174811424277955040906817885116
225	122480	12184	0.51082447325454627407026464425144
228	124113	12319	0.51002837111483512178011778814835
231	125746	12451	0.50916750452315384656287733378122
234	127379	12582	0.50851047680928951333356735631241
237	129012	12716	0.50775948201415488370003004092723
240	130646	12845	0.50722586864268170980807326486683
243	132278	12977	0.50644714671383561643835946597392
246	133911	13109	0.50554035282559894870502148478408
249	135544	13260	0.50460167425017965481259807347669
252	137177	13414	0.50399518887757888130352057487471
255	138810	13563	0.50318004576346675449372014554683
258	140443	13715	0.50225754609396833227918932607281
261	142076	13867	0.50142262431401296574051684729056
264	143709	14017	0.50063105170811394994956344817183
267	145342	14169	0.49995666223319712440087414506706
270	146976	14300	0.49940207140217751646815713684191
273	148608	14433	0.49847081620681821245710807488649
276	150241	14565	0.49778749139896333320010057832405
279	151874	14698	0.49704101110970400068111985092401
282	153508	14832	0.49655201548448885118247630998667
285	155141	14968	0.49588769543590616173389662435511
288	156774	15102	0.49528633155537987731165117111232
291	158407	15240	0.49459180520566764505119294881297
294	160041	15392	0.4937920636814874808528941230179
297	161674	15545	0.49332728173706485996774517843733
300	163308	15694	0.49278801993778575951665743559715
303	164940	15846	0.49241043483497937138793076883303
306	166574	16001	0.49177763401841090296073844001512
309	168207	16158	0.49101497515741204802353081504407
312	169841	16318	0.49036588606666853262794347756426
315	171475	16454	0.48984032574281127780935207738366
318	173107	16596	0.48920775912290093145884384284727
321	174741	16733	0.48859831795318758862478603077761
324	176375	16867	0.4879003250312435868707439112768
327	178008	16999	0.48727383290826853379229532947647
330	179640	17133	0.48661487883867982073837765710778
333	181274	17274	0.48635392093616613973239282131544
336	182907	17426	0.48593145274267723898731219378533
339	184540	17584	0.48552540006102018477207593605272
342	186174	17735	0.48487199823764243200585610793496
345	187807	17890	0.48441542142110655122522189230949
348	189439	18042	0.48378565626973135671562431525672
351	191072	18193	0.48321728471095765078402450853901
354	192705	18345	0.48277077871127765940073572892288
357	194338	18480	0.48217467759383708658660339096969
360	195971	18613	0.48170751623861191026421124661283
363	197604	18745	0.48121621391790220245709974733472
366	199236	18881	0.48062132382461558721686856188171
369	200869	19019	0.48003742834143242612654489676061
372	202503	19160	0.47953873067359625848027349093172
375	204137	19295	0.47908611371563258884975766704883
378	205769	19443	0.47868763419742405007539787220594
381	207402	19599	0.47819674722053590043557846911426
384	209035	19750	0.47774277382167718020156144120847
387	210668	19903	0.47721074645018146664909863829962
390	212301	20060	0.47683036803935985314950585234328
393	213934	20216	0.47643744968560974850646516642882
396	215568	20369	0.47601887378780027848534928125446
399	217201	20500	0.4755093875160343874775037420477
402	218834	20632	0.47496031488580325863324560486944
405	220468	20768	0.47442042672735784680781989663956
408	222100	20898	0.47399612850623906723512845928781
411	223733	21032	0.47354638102299062563105280787568
414	225366	21167	0.47295497935703911807081567530986
417	227000	21297	0.47246813725737818456806849098939
420	228633	21432	0.47202004547145776092165192494576
423	230266	21580	0.47152748523602683317079709013342
426	231899	21733	0.47121892660260900065338773856638
429	233531	21884	0.4706637228673798412081907827087
432	235165	22033	0.47019407772211024854058791788702
435	236798	22183	0.46971108870000077839534924351028
438	238430	22332	0.46920063160961367199064397937036
441	240063	22481	0.46865563915736846434256790416839
444	241696	22615	0.46821731945129119178972132431227
447	243330	22749	0.46781574446750945339701388547837
450	244963	22879	0.46741813091357831133620948094176
453	246595	23011	0.46692789300024689636003927262209
456	248228	23144	0.46649646453368476262113517805119
459	249861	23278	0.46618120346198521630753930367064
462	251494	23412	0.46581796651612356052751806601009
465	253127	23563	0.46541389546512057506788551108912
468	254760	23714	0.46507522753323943254244454692525
471	256393	23867	0.46469084544688793458888653731265
474	258026	24018	0.46426375490253601885370926538599
477	259659	24167	0.46383964330181765012284245131013
480	261292	24318	0.46338124339241021365509709539765
483	262924	24474	0.46296524948081629879936826910125
486	264558	24681	0.46257375659142463408812773195677
489	266191	24896	0.46219952210079950916110647085588
492	267824	25105	0.46191208707686326473407234516344
495	269457	25324	0.46152028721773902253389110228454
498	271091	25534	0.46115512721113066652023348979128
501	272723	25738	0.46084211767720040242579671030398
504	274357	25922	0.46048364452002615854198097622429
507	275992	26100	0.46004063060147976083058551921567
510	277624	26276	0.4595461652756943071729267558112
513	279257	26456	0.45932321026517675122136097343173
516	280890	26635	0.45897605084567288935559759011085
519	282522	26812	0.45868474531445052599920586544613
522	284156	26966	0.45829433555557852475459412744385
525	285788	27122	0.45795910866843453357333260100859
528	287421	27274	0.45755454210342649812304216538905
531	289054	27429	0.45736747722901027746189583922387
534	290687	27582	0.45703139984780455362667339613836
537	292321	27736	0.45663216836567155354487113072537
540	293953	27886	0.45628613390438832464468532634783
543	295586	28024	0.4559525475550501583121842941182
546	297219	28158	0.45553148592915565506800135153753
549	298852	28293	0.45532060707587040937482925073709
552	300485	28427	0.45495140850220161521377804092481
555	302118	28563	0.45467338485529423808273463691876
558	303750	28703	0.4543250185683322395213679101289
561	305384	28837	0.45400121124993669807778928770858
564	307018	28990	0.45369373189379175181912273728813
567	308651	29141	0.45340536454932417465002458811796
570	310284	29294	0.45312874923342666422243496526789
573	311917	29445	0.45270791497968387862016470535309
576	313549	29594	0.45239118601525490914738725223287
579	315182	29747	0.45201761786216249072722916935163
582	316816	29897	0.45172165287224130825194379212917
585	318448	30104	0.45132885212613693681760196341202
588	320081	30320	0.45106577863948865703136448246369
591	321714	30531	0.45073211051387968018033802763966
594	323347	30748	0.45028277156666374203553004917921
597	324981	30964	0.44988890210413218229135168257926
600	326614	31169	0.44957502364792378823921126240748
603	328247	31343	0.44930639799630250896811389793584
606	329880	31518	0.4489854365538208935682007449941
609	331512	31698	0.44854330342363230021973663497192
612	333146	31873	0.44829345789287350365626139137021
615	334779	32048	0.44803355944456457748970024113078
618	336411	32223	0.4477006621114423823293293480674
621	338044	32374	0.44736322082351570594838108263502
624	339677	32525	0.44696278348123269497094156577077
627	341310	32676	0.44654536450812831738232944189804
630	342942	32829	0.44626073901757801198897368522012
633	344576	32979	0.44602273511226825375430848907854
636	346208	33129	0.44569948241545359612914012359397
639	347841	33279	0.44541139074465346814335475755797
642	349474	33413	0.44505565366054350429081409856735
645	351108	33548	0.44473543765644557579364004595845
648	352741	33683	0.44446622146828357324821467955189
651	354374	33815	0.44416551062843490083054120987072
654	356007	33948	0.44386951388017198416591213572246
657	357641	34081	0.44356840067659675241884542629123
660	359274	34213	0.44336435130862134057494472472172
663	360907	34343	0.44306494436265270175923092210724
666	362539	34499	0.44279687556320801444798007651116
669	364173	34655	0.44248184935953221996740580834739
672	365807	34805	0.44226897463456238401846576380194
675	367440	34953	0.44203257966390757660590793420852
678	369072	35103	0.44184354247240126278839511542174
681	370705	35256	0.44171474033722013530223193811253
684	372338	35409	0.44147908137061669942013963918725
687	373972	35541	0.44120104365899892595592746147304
690	375605	35675	0.44081647730315981492665855512314
693	377238	35810	0.44048367438585744881862638067105
696	378871	35944	0.44023405736314669134401356132003
699	380504	36079	0.44004154808461554138077076459012
702	382138	36211	0.43971324765094033093504322096123
705	383771	36342	0.43942795775616472209179619312636
708	385404	36473	0.43918323685134086353798466006992
711	387036	36627	0.43894755208523461575964574876707
714	388670	36776	0.43855673717893683960511452823994
717	390303	36936	0.43833735804835327609652040337096
720	391937	37085	0.43820771387004769925610503378266
723	393570	37235	0.43798038457373189569210580884828
726	395203	37388	0.43769082259709957138937852505478
729	396836	37538	0.43738978194389194209534821311536
732	398469	37749	0.4370772888452108539958373967238
735	400102	37966	0.43682174368193904534507510106778
738	401736	38175	0.43658437875798350447098528093193
741	403368	38383	0.43629861843315276281884962372715
744	405001	38593	0.43605861567572484771559970795352
747	406634	38769	0.43574246241684633229596101955394
750	408267	38945	0.43543753838463178373885398286802
753	409899	39124	0.43531113135250126822128891035391
756	411532	39300	0.4350606067627326711821922344825
759	413165	39485	0.43485162610040190012128391572332
762	414800	39660	0.43466952835102651286902641913912
765	416432	39818	0.43435907403125728620807421975769
768	418065	39966	0.43417616177857509818238668231061
771	419698	40115	0.43394818476827418107788503220945
774	421330	40267	0.43371414556782583726857183137327
777	422964	40417	0.43344463442175523715249596534704
780	424596	40567	0.43323711964233818649816498691507
783	426229	40716	0.43308091468199960694107630843064
786	427862	40867	0.43290802242677844935414555038733
789	429494	41000	0.43271818570198011810745697403036
792	431128	41133	0.43260698274876741020733561526868
795	432761	41270	0.43238988166725655926114768590196
798	434395	41400	0.43214485903985749848388309146685
801	436028	41533	0.43192533747684613842920953175053
804	437661	41666	0.43169349331400913571954447434109
807	439295	41799	0.43152481787760299525302798429038
810	440928	41938	0.43136059970527929063877081716782
813	442561	42087	0.43115985317686361666389416313905
816	444194	42240	0.4309078570851019307497153931763
819	445827	42390	0.43076896629866762156169102127024
822	447460	42541	0.43062043557929474690837423622725
825	449093	42694	0.43043058625608221490210780757479
828	450727	42847	0.43014302731516457223293059541902
831	452360	42997	0.42993071360346429843346527377435
834	453993	43219	0.42969098739580069423737995748525
837	455626	43428	0.42944396141382579212830705728265
840	457259	43642	0.42923263868062305759210062205966
843	458892	43854	0.42915171924733969133214372959628
846	460525	44068	0.42891568616933728463891384308226
849	462158	44247	0.4287436825844386789619022692932
852	463791	44426	0.42858836786310094968399653225788
855	465424	44604	0.42839561915082902121554297991679
858	467057	44782	0.42834748655583232412880079209572
861	468689	44958	0.42813229177075234899163547197531
864	470322	45138	0.42794208589492860328462597863108
867	471956	45292	0.42775877356537256313018247055879
870	473589	45448	0.42743391516441214816879323734611
873	475222	45602	0.42720472900473249744379700132413
876	476855	45754	0.42694700017809816827707436459605
879	478487	45907	0.42672463839893692849614126316737
882	480120	46060	0.42651980119017229853284334240016
885	481753	46214	0.42635275817860074365484024383477
888	483386	46352	0.42615835828255171913170329389686
891	485019	46487	0.42598731289431057689398585353047
894	486652	46619	0.4257198120761587767368894219544
897	488285	46757	0.4255891226072575084238280851423
900	489919	46895	0.42537823393371687608066622487968
