0	0	0	0.69314718055914625871594125783304
3	2480	77	0.33854552739073828782068176224129
6	4931	155	0.30843792802483871451357799742254
9	7383	234	0.29701656316363894694276837071811
12	9834	312	0.28974387622941072395477135614783
15	12285	390	0.27966023286680347093025034155289
18	14737	469	0.27508469107962307820258729407215
21	17188	547	0.26669733561962627454988705721917
24	19640	626	0.26292383023636700656311404600274
27	22091	705	0.25644191290420753626122518653574
30	24543	783	0.25345910742259852854729729187966
33	26994	862	0.24825293884747023920311903566471
36	29446	940	0.24567610476551010600942959172244
39	31897	1019	0.24173443787564893869834747874847
42	34349	1101	0.23952479953696317882538835419837
45	36857	1180	0.236472951882472248730238106873
48	39309	1259	0.23473590015360226712637370383163
51	41760	1337	0.23221236514265680694890647828288
54	44212	1418	0.23075227859415714526392093830509
57	46692	1498	0.22873500195750506858161088530323
60	49172	1576	0.22750239410234177062086757814541
63	51624	1655	0.225865048264618367701572765327
66	54075	1734	0.22479463745321928702658453858021
69	56527	1812	0.22349912157640772214506341697415
72	58978	1890	0.22257820407873549206634322672471
75	61429	1968	0.22151066108761538475668828596099
78	63881	2047	0.2207287037616833813569172662028
81	66332	2125	0.21983600927468494035110779805109
84	68784	2204	0.21913813326271339154693862383283
87	71235	2282	0.21842994177085839346830198337557
90	73687	2360	0.21782074589896729954752174762689
93	76138	2439	0.21721689466985982797098131413804
96	78590	2519	0.21664757597536449251762746825989
99	81070	2598	0.21616754799058277014545126348821
102	83521	2677	0.21565841217433140419856840708235
105	85973	2755	0.21527242522322392881406472042727
108	88424	2833	0.21479793472957273148260526340891
111	90876	2911	0.21449048039261423004298023897718
114	93327	2990	0.2140710779531173613143835154915
117	95779	3068	0.21377960446709837194489978173806
120	98230	3146	0.21342908386794556818699675204698
123	100681	3225	0.21317611005696049386592960672715
126	103133	3303	0.21283959614047162633987397839519
129	105584	3381	0.21267690779267001133234771259595
132	108036	3460	0.21232960252393756617195208491466
135	110487	3538	0.21219681456416750187088382517686
138	112939	3616	0.21189716369022584818715415622137
141	115390	3695	0.21177859515932928591297468301491
144	117842	3773	0.21150503462597478043782928125438
147	120293	3851	0.21144014847557146552503581915516
150	122745	3931	0.21114295921797512911588512451999
153	125225	4009	0.2110684175634812420607744343215
156	127676	4087	0.2108328798219861188734114421095
159	130128	4167	0.21078409158709154880284586397465
162	132608	4247	0.21054221990263857766656485637213
165	135088	4326	0.21052358261270995298808372808708
168	137539	4404	0.21029644715629286499947170341329
171	139991	4482	0.21025673495735486273616743346793
174	142442	4564	0.21005084696589307324821049860475
177	144951	4642	0.21005195592979378216291763692425
180	147403	4719	0.20984802862166984649405776508502
183	149854	4798	0.20988458926302810958475220104447
186	152306	4876	0.20965636860464031965278763891547
189	154757	4954	0.20968736208877977733600062038022
192	157209	5033	0.20950301012243863207906713341799
195	159660	5111	0.20950927900486368549159976737428
198	162111	5191	0.20935414396332563402580717593082
201	164592	5271	0.2093992707496662164512457593446
204	167072	5350	0.20919965615365118671853394971549
207	169523	5428	0.2092266407928792260051409357402
210	171975	5506	0.20908807407224591634609112134058
213	174426	5586	0.20911607843272322915240124530101
216	176906	5663	0.20897437856733624972349616655265
219	179358	5742	0.20900439974285181521373999657953
222	181809	5822	0.20886643088367554121909108744148
225	184289	5900	0.20895032125592793992296947180876
228	186741	5978	0.20874848928489317390067014912347
231	189192	6056	0.20882430007820770856419301253482
234	191644	6137	0.20867873726522659372228929441917
237	194153	6215	0.2087292603576940686060936513968
240	196604	6292	0.20861230337620023655986756239145
243	199055	6371	0.20865169028394375816404249235347
246	201507	6451	0.20853182160125163790986846379383
249	203987	6529	0.20856713363824672113899794112513
252	206439	6610	0.20845858737370220881146565261588
255	208947	6688	0.20851517741633782132559815636341
258	211399	6766	0.2083882329809437217171819156647
261	213850	6844	0.2084412257283890790304781148734
264	216302	6923	0.20834284218628723595045926231251
267	218782	7001	0.20841127939663331436470627977542
270	221233	7079	0.20829145669851109601289351758169
273	223685	7158	0.2083274975969876263715008235522
276	226165	7236	0.20824966171013820082080769680033
279	228616	7314	0.20830643864199591130947908368398
282	231068	7392	0.20818952989573757950125809657038
285	233519	7470	0.20826455980125851974449346926122
288	235971	7549	0.2081519885503560207684614624668
291	238422	7631	0.20822117895954656008328242933203
294	240931	7709	0.20812725543638124769962871596363
297	243383	7788	0.20817732352729684253134223581583
300	245834	7865	0.20809505742487044432920129111153
303	248285	7942	0.20817363624740473082574965246749
306	250737	8020	0.20807170977483838147925609973754
309	253188	8098	0.20812361219628927599956114136148
312	255640	8176	0.20803187036714465563136400305666
315	258091	8255	0.2081005873903008507319611908315
318	260543	8333	0.20800236769157878780056591949688
321	262994	8413	0.20805725074237188532144671171409
324	265474	8491	0.20798728023565526967786354362033
327	267926	8571	0.2080297173399957288975059555014
330	270406	8652	0.2079614933042353286385406363479
333	272886	8730	0.20803315350831091956607110660116
336	275338	8810	0.207945212076542096379938584505
339	277818	8889	0.2079984315974710840091432828558
342	280298	8967	0.20793328400376565046059340602369
345	282749	9047	0.2079552880752964794108805790529
348	285230	9126	0.20791279886257074682731627035537
351	287681	9205	0.20795348156169596309794656008307
354	290161	9284	0.2078921921644441561660698880587
357	292613	9362	0.20794015992978009954583740181988
360	295064	9440	0.20787702132389543341339788184996
363	297515	9518	0.20791211704015433170411597529892
366	299967	9597	0.2078610996714930214679384334886
369	302447	9677	0.20791983987853501769649255948025
372	304927	9756	0.20785045066088281284777394830598
375	307407	9835	0.20791278836877613578337786748307
378	309859	9914	0.20782908346039119518167126443586
381	312339	9992	0.20790936782205166055703671190713
384	314790	10074	0.2078049672780903633917404249587
387	317299	10153	0.20790566181177960736192744661821
390	319779	10232	0.20778824458467315405840736275422
393	322231	10310	0.20787608059005063809721036705014
396	324682	10388	0.20779586968134852731360240341019
399	327134	10465	0.20788179410941368119303263028996
402	329585	10543	0.20779152520301519269096957032161
405	332037	10621	0.20784888340364315872932365891756
408	334488	10698	0.20778711984720960037620329785568
411	336940	10777	0.20786362138110445196836906234239
414	339420	10855	0.20778127906144810976840631155937
417	341871	10933	0.20782552596264486366450796595018
420	344323	11011	0.20776380647541065060934784014535
423	346774	11088	0.20785080440251516020744304569234
426	349226	11166	0.20776534011109382138471346479491
429	351677	11245	0.20782030464439207873006409954542
432	354129	11322	0.20775630533119837650701811071485
435	356580	11401	0.20784836241912149623622951821744
438	359031	11481	0.20774420525334300058339920269646
441	361512	11561	0.20781200110931560831595277250017
444	363992	11638	0.20774104577922333780826136262476
447	366443	11718	0.20780529532000238668310032608133
450	368923	11796	0.20774279457238825630227552210272
453	371375	11874	0.20781303916733942505068455375294
456	373826	11951	0.20774217870316419309872912890569
459	376278	12029	0.20779717969873426341997912913939
462	378729	12107	0.20772831646937389704632437315013
465	381181	12185	0.20780196593740712929232472561125
468	383632	12264	0.20772791346043156801570717107097
471	386084	12342	0.20779279066778844065055409373599
474	388535	12422	0.20773346578726745170762058023683
477	391015	12500	0.20778238616842414909768876896123
480	393467	12580	0.20772257205402261392990226340771
483	395947	12658	0.20777646639225044733478853231645
486	398398	12737	0.20772251948073733318622657861852
489	400850	12816	0.20777262462574869195108817621076
492	403301	12895	0.20773186063403109580249861210177
495	405753	12973	0.20778266760539323976253456294216
498	408204	13051	0.20771834069370156972134111583728
501	410656	13130	0.20777656189007198683782462467207
504	413107	13208	0.20770618838108378945150889194338
507	415559	13289	0.2077965097858229248650729914516
510	418067	13368	0.20769486991634517059068798516819
513	420519	13446	0.20778208371484244154636655821378
516	422970	13525	0.20771641169139862248549377454765
519	425450	13604	0.20778044689061561656195920022583
522	427902	13682	0.20770374458273690998488802961219
525	430353	13760	0.20777223203579656130024488902563
528	432805	13838	0.20770630792392641428278921011952
531	435256	13915	0.20777168327907383216235359668644
534	437708	13993	0.2077090637394913286151165721094
537	440159	14073	0.20774823936535144475179492928874
540	442639	14151	0.20771773791750003379519284862909
543	445091	14229	0.20776102362342235840841908611765
546	447542	14307	0.20769845501157338518716244379902
549	449994	14385	0.20776967965498971402382721862523
552	452445	14465	0.20768363835999945066213001609867
555	454925	14545	0.20779059170144495438670162457129
558	457405	14623	0.20768503050213807381574326882401
561	459857	14702	0.20777935039753528401185178609012
564	462308	14780	0.20768150750363562062617006631626
567	464760	14860	0.20775331949081471405449406120169
570	467240	14942	0.20769301926281580339406218627119
573	469749	15019	0.20775378121275117626609585386177
576	472200	15097	0.20771438141135001309578456130112
579	474652	15175	0.20770805195493957651109440121218
582	477103	15253	0.20771005643041173804874688357813
585	479555	15333	0.2077310036384350522276065476035
588	482035	15413	0.2077109908146057004607598628354
591	484515	15493	0.20772822641094718099097349295334
594	486995	15571	0.20770627275220585050696797679848
597	489447	15649	0.20771952568860804766437411217339
600	491898	15730	0.20769591305589901741868175122363
603	494407	15808	0.2077494458479163530473243781671
606	496858	15887	0.20769422976974000194516634110187
609	499310	15965	0.20774450890103240974227105652972
612	501761	16045	0.20768912894261398749407021568913
615	504241	16122	0.2077588384380659181083217390551
618	506693	16200	0.2076945393743384049578537542402
621	509144	16278	0.20772552676635872015431516501849
624	511596	16356	0.20769010837703480443217074480344
627	514047	16433	0.20773101807645993899242853331089
630	516499	16512	0.20770420576059880901631515826011
633	518950	16589	0.207691216018763030737304120521
636	521402	16668	0.20772352786706005378647432735306
639	523853	16746	0.20773896214652107228282318374113
642	526305	16828	0.20768433854904755353487644242705
645	528813	16905	0.20774434025863378061593778056704
648	531265	16985	0.20769891682793811815699314138328
651	533745	17063	0.20775036891916737191721153976687
654	536196	17142	0.20768132616100606901987646324415
657	538677	17223	0.20776364721514298250504282350448
660	541157	17303	0.20767611815405462305506034681457
663	543637	17381	0.20774766987414411412160575309827
666	546088	17459	0.20769475192078432068676363542181
669	548540	17538	0.20770229550116875438803276665567
672	551020	17617	0.20770262900669347883031434776058
675	553471	17695	0.20772880639520177603607464789093
678	555923	17774	0.2076974312215825180238937264221
681	558374	17852	0.20773457149941249033631152087764
684	560826	17929	0.20769685066107923532285894907545
687	563277	18007	0.2077304896337395789807089840906
690	565729	18085	0.20768722553578594647305521903036
693	568180	18164	0.20772921618937206789112792648666
696	570632	18242	0.207678576278513160602301468316
699	573083	18320	0.20773816602808825582116014629719
702	575535	18398	0.20769611132506404782560593957896
705	577986	18476	0.20773906667461794484097481472418
708	580437	18554	0.20768484481256829776718575431005
711	582889	18632	0.2077239609562773758888454267435
714	585340	18713	0.20770464721337955626978555301321
717	587849	18792	0.20774369847873686012462712824345
720	590329	18871	0.20768480069419864575408496421005
723	592781	18951	0.20773665786752562589789761204884
726	595261	19030	0.20767003494039010247362853078812
729	597712	19108	0.20774652269581359020911293100653
732	600164	19186	0.20768709234035573341081715170731
735	602615	19264	0.20772254854592586692518807467422
738	605067	19344	0.20767503661621197763587076678959
741	607547	19425	0.20774457116452646476822962995357
744	610056	19503	0.20768640112088943006085628439905
747	612507	19582	0.20773705299768652210445907257963
750	614987	19662	0.20767183440751255107947770284227
753	617468	19739	0.20772859700405571503623036733188
756	619919	19819	0.20769162144133238023790966053639
759	622399	19899	0.20770317668905288743808057461138
762	624879	19977	0.20770165850065319679274011832604
765	627331	20057	0.2077138551579797431934082396765
768	629811	20138	0.20769167678663988385601157915517
771	632320	20218	0.20772266343382725373167829729937
774	634800	20296	0.20768713210561981497015437980735
777	637251	20373	0.20771473808241644465333308744448
780	639703	20453	0.2077077516355583519658267732666
783	642183	20531	0.20769399406479724379259721445123
786	644634	20611	0.20769872188774468613203794120636
789	647115	20688	0.20772232337204807328667754973139
792	649566	20766	0.20769719270551448286887818994728
795	652018	20844	0.20772341587360376724546995319542
798	654469	20922	0.20768050515374170128524156098138
801	656920	21000	0.20771388738157900433201064060995
804	659372	21078	0.20769356151659609799331462909322
807	661823	21156	0.20774903187128965220686893644597
810	664275	21236	0.20768303677513466620752069502487
813	666755	21314	0.20775886064666701513736768447416
816	669206	21393	0.20767547148058801420589247754833
819	671687	21471	0.20774787645482498121829451065423
822	674138	21549	0.20767801044446707048329869849113
825	676589	21627	0.20772223637922623828977464199852
828	679041	21705	0.20767346560158139734397764186724
831	681492	21786	0.20773424233410461847704198135034
834	684001	21863	0.20768551672571405886102979820862
837	686453	21941	0.20775026096804699582420994374843
840	688904	22020	0.2076761028309555001669650664553
843	691384	22098	0.2077570604638643292361166459159
846	693836	22178	0.20767068119584863872262303630123
849	696316	22257	0.20773810060255906706494499758264
852	698796	22336	0.207672570266266204308536202916
855	701276	22415	0.20773242131879010585748801531736
858	703756	22495	0.20768962181092257002212875249825
861	706237	22572	0.20773167679307918964681789475435
864	708688	22650	0.2076819432534326992367823550012
867	711139	22728	0.20772387973090442048196280211414
870	713591	22808	0.2076767547192412688428220235437
873	716071	22888	0.20774640280841522033128399016277
876	718551	22970	0.20767491467990664699705405382701
879	721060	23047	0.20773635877006232930419571403036
882	723511	23125	0.2076909096774085528025466373947
885	725963	23203	0.20772717466466830704696633347339
888	728414	23282	0.20770777590041128446429752330005
891	730866	23360	0.20770937660568319915732615754678
894	733317	23438	0.20769192199990174629853356691456
897	735769	23516	0.20774210318109545547748950866662
900	738220	23595	0.20767009071667755226719975780725
