0	0	0	0.69314718055914625871594125783304
3	12060	670	0.33974794422047277508980300808616
6	24195	1338	0.30768553869607134787500513084524
9	36255	2002	0.29569646162190726945695473659725
12	48242	2670	0.28962048604272083718313979261438
15	60303	3347	0.27945433907914102311664805711189
18	72437	4017	0.27477568152749104468668406298093
21	84498	4692	0.26665896750296208539410258708813
24	96633	5359	0.26274024036140991578136549833289
27	108620	6032	0.25654157589771114933441253924684
30	120680	6705	0.25324296700068743559697281853005
33	132741	7390	0.24824001618639618405026681102754
36	145023	8059	0.2455879771791114885015616664532
39	157010	8738	0.24170878012836241599536890589661
42	169144	9420	0.23957636104648835639885362525092
45	181353	10085	0.23641409124947124209548121598345
48	193266	10762	0.2346787503303504329732476207937
51	205400	11434	0.23218584480660164892640295875026
54	217461	12109	0.23069476067017793963209726371133
57	229522	12783	0.22873063397775383887022826456814
60	241582	13460	0.22743257805119113101888217443047
63	253717	14149	0.22584652161007159887340378645604
66	266073	14826	0.22476916481146863580065087262483
69	278207	15516	0.22347656603860449608944804822386
72	290563	16182	0.22255504704561129836193344999629
75	302476	16851	0.22148553123110831242215112979466
78	314463	17520	0.22069494351052415526126537770324
81	326450	18194	0.2198256845566832762273179469048
84	338511	18875	0.21912035953559316769911902156309
87	350719	19545	0.21842317064301072782050994192105
90	362706	20214	0.21776236024154549397735536331311
93	374693	20890	0.21720227637565250877749178926024
96	386827	21560	0.216631316078941482672348683991
99	398814	22236	0.21614060159288919771292114546668
102	410875	22927	0.21564159876695965234461027648649
105	423230	23609	0.2152608597906389420462147654689
108	435439	24280	0.21477006286643751664655610511545
111	447426	24960	0.21449716449827083142309902541456
114	459560	25635	0.21402279069007365541743581616174
117	471621	26310	0.21377959487381184566778813405108
120	483681	26980	0.21339061012456631005740348427935
123	495668	27657	0.21318665598792455040388915676886
126	507803	28333	0.21282689627302067703062959935778
129	519864	29007	0.21265813019823087692827812134055
132	531924	29683	0.21232777333851771128792051968048
135	543985	30362	0.21217552468535652576697714266629
138	556119	31041	0.21187061634827550338222579284775
141	568254	31716	0.21178063886706635643442098171363
144	580315	32390	0.21147194940873778601364563201059
147	592375	33057	0.21143034487834067025602280409657
150	604289	33727	0.2111138985362182585170387483231
153	616276	34402	0.21108641585820894781555523422867
156	628410	35080	0.21081646333262862857971242647181
159	640544	35761	0.21077196403046025152683284886734
162	652753	36439	0.21053758571341785188479889256996
165	664887	37109	0.21052893739407077533520862289151
168	676874	37779	0.21026968802438358863149403532589
171	688861	38452	0.21025909372095966110016718175757
174	700922	39128	0.21005839771624332246169331028796
177	713056	39798	0.21005158483789940215835656545096
180	725043	40467	0.2098455684731165282741471855843
183	737030	41140	0.20985036487405417382490213640267
186	749091	41815	0.20965535269263968487507554527838
189	761151	42485	0.20969392840830644586525011163758
192	773138	43160	0.20949277093967971774546299457143
195	785199	43836	0.20951312534386110075779185990541
198	797260	44514	0.20932875119759514204176298335369
201	809394	45192	0.20939216770986160409684373462369
204	821529	45862	0.20919571498214170612861551035166
207	833516	46539	0.20926929717161116273338450355368
210	845650	47219	0.2090829146509201319492632364927
213	857858	47893	0.20915012037921826282271808850055
216	869919	48562	0.20894677439621928138890893933421
219	881906	49247	0.20904020131238093549441714458226
222	894188	49915	0.20885975390818828367756054831261
225	906101	50596	0.20891401262615835743297054705181
228	918309	51272	0.20877335188076528993406100198627
231	930444	51942	0.20884829080429914704986060769443
234	942431	52626	0.20866680579938348683022297791467
237	954713	53300	0.20876530722595396105667475694645
240	966773	53969	0.20858370494577163634097871636186
243	978687	54646	0.20868403014386435745386449980288
246	990747	55324	0.20851026427265534346489062045293
249	1002882	55995	0.20862214708970097665208243142843
252	1014869	56676	0.20844019053023057908013981887052
255	1027077	57349	0.20854973982947119792719092856714
258	1039138	58034	0.20839010692117457268501823364204
261	1051346	58708	0.20845264704643931552574542820366
264	1063407	59386	0.20833250901111693975664707068063
267	1075467	60079	0.20841458452670022505337499296729
270	1087897	60749	0.20829727723640401038096570118796
273	1099884	61430	0.20835244910975717069767654265888
276	1112018	62099	0.20824053352500068725383641776716
279	1123931	62779	0.20830512731019604211191165177297
282	1136066	63454	0.20820807030900817524710078032513
285	1148127	64133	0.20825453206470725953103340089001
288	1160261	64817	0.20817261886457691377749767980276
291	1172543	65497	0.20822325719592885140407645394589
294	1184751	66170	0.20812953047418875085483591647062
297	1196812	66856	0.208169743712052629502906597736
300	1209094	67539	0.20809396391591084007899326024926
303	1221302	68209	0.20815711026851566045614561062393
306	1233289	68897	0.20806899550152535560698652261635
309	1245645	69565	0.20812535382556773821960405257414
312	1257632	70242	0.20804154573103630920805073856172
315	1269766	70921	0.20809321060101373945805391940667
318	1281901	71600	0.20800698869781017452673665957263
321	1294035	72279	0.20806725187342933747203232996981
324	1306169	72948	0.20797805673481364885368805062171
327	1318156	73620	0.20806613637663670668409565678303
330	1330143	74292	0.20795131660313034838161172501714
333	1342204	74964	0.20803625892061536339916472115874
336	1354265	75636	0.20793391341890979373552283959725
339	1366252	76318	0.20798754760446477862778635881114
342	1378460	76984	0.20793003891906722269133922509354
345	1390373	77661	0.20795698986377758599175535891845
348	1402508	78332	0.20790586627657350882181219731137
351	1414495	79002	0.20795766101513440959891454440367
354	1426482	79673	0.20788736096040130729711847834551
357	1438468	80347	0.20794201648783056102232080775138
360	1450529	81020	0.2078652300900641625158726810696
363	1462590	81696	0.20794681305742515609047416091926
366	1474724	82371	0.20785970005109549729738205314789
369	1486785	83048	0.20791713538629599811180526103271
372	1498920	83723	0.20784908214854916352898328568699
375	1511054	84403	0.20790623806571911780238792744058
378	1523188	85084	0.20782027610802222827857121956185
381	1535397	85760	0.20790992851918463357741018171509
384	1547457	86438	0.20781310119822007931311702577659
387	1559592	87110	0.20790105506168188309601418950479
390	1571652	87778	0.2078100705362457278901899826451
393	1583566	88457	0.20785898192573545872896545461117
396	1595700	89130	0.2078100528627970511319489332891
399	1607761	89808	0.20783963946764594243887813718175
402	1619895	90478	0.20779538864030444589303669999936
405	1631882	91149	0.20783501519776470534139889423386
408	1643869	91837	0.20778477061499581179937479191722
411	1656151	92508	0.20785007537953209544312471734884
414	1668138	93183	0.20777383982255329120114595298219
417	1680273	93849	0.20785850558077886840457892958511
420	1692186	94527	0.20775652859450943754637819438358
423	1704320	95209	0.20784670550737488481374271032109
426	1716455	95897	0.2077583257893746149225222552559
429	1728737	96573	0.20782588213913991137538062048407
432	1740797	97240	0.20775588254427385104250447511731
435	1752711	97915	0.20781703226609776757882741549111
438	1764771	98587	0.2077469842815617973030839493731
441	1776758	99255	0.20779681708310052123955813385692
444	1788671	99932	0.20774845797367177957504225105367
447	1800806	100599	0.20782425071942331462615527470916
450	1812719	101279	0.20773298367555462218270179164392
453	1824927	101974	0.20779349344923442322041751140205
456	1837357	102657	0.20774254831685445843447723746067
459	1849565	103334	0.2077800673907562178932550978061
462	1861699	104013	0.20774301351253979253108639113634
465	1873908	104694	0.20777246320941458734843365618872
468	1886116	105383	0.2077459422777822584116336201987
471	1898472	106059	0.20779043625588097810030774326151
474	1910532	106738	0.2077214063456407355801047742716
477	1922667	107409	0.20777615430373772009708943642181
480	1934654	108084	0.20772301452308358782339325898647
483	1946714	108759	0.20777646436697791432202109263017
486	1958849	109438	0.20773005042347369997202122249291
489	1970983	110116	0.20775410346689096585670597505668
492	1983118	110788	0.20772203226026172973028849355615
495	1995178	111463	0.20775966438649673406757756310981
498	2007239	112136	0.2077087523368477128826725675026
501	2019226	112814	0.20776005051017637503818491495622
504	2031361	113482	0.20771393015207023635682048734452
507	2043274	114159	0.20774166088655102169191479788424
510	2055334	114830	0.20772274170786864111448721814668
513	2067321	115516	0.20772225167131541656573290310916
516	2079603	116200	0.20772906039274910416914110555808
519	2091812	116874	0.20773026814444853216379271998449
522	2103872	117543	0.20772576504525364082809346655267
525	2115859	118222	0.20775217341283805372320614424098
528	2128067	118899	0.20771694193235248904194634178566
531	2140202	119575	0.20773025011124957028840753991972
534	2152263	120253	0.20770667115052551809917247283011
537	2164397	120926	0.20775493875009498623285253415816
540	2176384	121596	0.20770239596052880726162470637064
543	2188371	122273	0.20774010858409772128929660084395
546	2200505	122938	0.20770846663082115357568113722664
549	2212419	123614	0.20774173497874906524351956704777
552	2224479	124294	0.20770465993909220658864001052279
555	2236688	124978	0.20775472297915290043057723323727
558	2248896	125659	0.20769237289149602987414766630536
561	2261104	126345	0.2077379860247990095434289514742
564	2273312	127022	0.20769919722115731675060601446603
567	2285447	127700	0.20775239882072976671523178993084
570	2297507	128391	0.20768740310482808331116189037857
573	2309863	129069	0.20775391860800079824045383247721
576	2321924	129743	0.20768297707743318958328870849073
579	2333984	130417	0.20774609818130321259310733239545
582	2346045	131099	0.20769925113526344073733298500883
585	2358253	131783	0.20774184246583768387317547876592
588	2370461	132459	0.20769090688031066616048292416963
591	2382522	133141	0.20774481871391539677951243447751
594	2394730	133812	0.20768176804189103501485647029767
597	2406717	134486	0.20776764411113518571383451671863
600	2418778	135163	0.20768522279657894435977993907727
603	2430913	135843	0.20776222837663516074258041044232
606	2443121	136526	0.20768911017028396370776022195059
609	2455329	137198	0.20775688531969130345977703200333
612	2467316	137878	0.20768573831903289206302076763677
615	2479450	138552	0.20773411725773882618995003213058
618	2491511	139227	0.20769410744504815391486829412315
621	2503572	139912	0.20773215495916988460045615738636
624	2515780	140598	0.20768764325290514638489014487277
627	2528062	141271	0.2077532266769562818709005114215
630	2540049	141946	0.20768189919375759644459833452856
633	2552110	142612	0.20773372228171693709697365193279
636	2564023	143287	0.20768696303908912303981537661457
639	2576083	143959	0.20773238554295847535513530601747
642	2588070	144632	0.20769381007386705784156788467953
645	2600131	145302	0.20771914353111375906024704818265
648	2612118	145979	0.20769064820835245188668238824903
651	2624253	146660	0.20774173268837717309942547672108
654	2636387	147339	0.20768146062027775800018503105093
657	2648521	148007	0.20773462935001613116625662769366
660	2660435	148694	0.2076898768010457807520197093254
663	2672717	149373	0.20772443250399472147726953608071
666	2684851	150056	0.20769290881395763292971423652489
669	2697059	150729	0.20771968338432764134005026335217
672	2709120	151418	0.20769605264644092068593295152823
675	2721476	152094	0.20771260107825045837515176572197
678	2733610	152771	0.2077006374205669636534565825059
681	2745671	153451	0.20769331654020470323551705860154
684	2757805	154129	0.20771039648824415890793204653164
687	2769940	154810	0.20770952866801259406592805589753
690	2782148	155485	0.20769164747003399096314524285845
693	2794209	156171	0.2077380151329654978109573448819
696	2806491	156841	0.20768567930457873527139156522026
699	2818478	157526	0.20772844964054365535233159789641
702	2830759	158207	0.20768015617086016399994718995003
705	2842968	158901	0.20771342878974430323779643003945
708	2855397	159571	0.20770705444446355136811632746685
711	2867384	160245	0.20772004643694980119406068297394
714	2879445	160943	0.20769419061041938245892879422172
717	2891948	161617	0.20772564296167431163731009746698
720	2903935	162291	0.20768406440483797026352874581789
723	2915922	162966	0.20774026012250393358193889525865
726	2927983	163642	0.20767298893617366917219158040098
729	2940043	164316	0.2077335656252549955791408820005
732	2952104	164986	0.20767788663257144565754686027503
735	2964091	165660	0.20773639143159880471323219808255
738	2976152	166327	0.2076864767693598345932315396567
741	2988065	167006	0.20771050594164980340750048526388
744	3000199	167692	0.207694825152299589188231720982
747	3012481	168371	0.20771880107094034539905180736241
750	3024616	169039	0.20768711348031304586569945058727
753	3036529	169708	0.20769510209451028104332692691969
756	3048516	170391	0.20770839480185446235260826597369
759	3060724	171073	0.20772070755638694095068785827607
762	3072932	171749	0.20769231554306222253813984934823
765	3085067	172424	0.2077123288780533261199678918274
768	3097127	173108	0.20769068321239020358248694719805
771	3109336	173782	0.20771004992634975461207602620561
774	3121396	174462	0.20769132698318426566430616730941
777	3133605	175139	0.20773486152863110398847368287534
780	3145739	175806	0.20768614582558742043261190701742
783	3157652	176481	0.20771805847155602742226676582504
786	3169713	177159	0.20768214856481814756250514619751
789	3181847	177844	0.20771696685836019136139896090754
792	3194056	178522	0.20768998678587735629008648174931
795	3206190	179194	0.2077254952864963644110218865535
798	3218251	179871	0.20769267054439050079750472832529
801	3230385	180549	0.20774061462712622994075672977488
804	3242593	181225	0.20769369801664608332636419163464
807	3254728	181900	0.20772580079392000129701045807451
810	3266789	182590	0.20769154918469043269446672184131
813	3279144	183261	0.2077283262869100977088265835846
816	3291131	183937	0.20768347169571582666591780252929
819	3303192	184621	0.20772627809513244390160480179475
822	3315400	185299	0.20767845461360615044732469414157
825	3327535	185983	0.20775310858360659937993375478982
828	3339743	186658	0.20767264515436678617987809047918
831	3351803	187341	0.20776081593642145572964352595591
834	3364012	188011	0.20767566281158886254409878802107
837	3375999	188679	0.20773318463897258445705062968045
840	3387986	189358	0.20768465873183916681199434606242
843	3400120	190055	0.20771685154501964842843619862833
846	3412623	190743	0.20769527341885249405173397008184
849	3424905	191421	0.20770991866286289684317978299077
852	3437040	192100	0.20769166121916149414516894466942
855	3449174	192774	0.20771652205107060673583418974886
858	3461235	193458	0.2076827313979429656676245485869
861	3473517	194144	0.20771907689995822154926941038866
864	3485799	194820	0.20768077678057500490282905047934
867	3497933	195495	0.20774930667581997800752446892147
870	3510068	196176	0.20768676515149633865497946771939
873	3522202	196858	0.20773201306993055448302243348735
876	3534410	197540	0.20769067032009222439903339818557
879	3546545	198220	0.20772120425302778579101925515715
882	3558679	198894	0.20768841556474584852942655288643
885	3570740	199566	0.20774045994779538615304659288086
888	3582801	200240	0.20768411370110873015448760270374
891	3594861	200921	0.20773039994595371426910901391238
894	3606996	201591	0.20767508236732151738479501545953
897	3618983	202262	0.20773776078155684055026597434335
900	3631043	202933	0.20768720785671410111739021431276
