0	0	0	0.69314718055914625871594125783304
3	1142	2	0.32733431386423145204034312882868
6	2284	4	0.30881260745025662650675712939119
9	3426	7	0.29720433763071568700198099577392
12	4568	9	0.29028265092170535410787124419585
15	5710	12	0.28031652142419105633308618052979
18	6852	14	0.27550966857431580248061209204025
21	7994	16	0.26715512474456099001329789643933
24	9136	19	0.26342638311477534207583062197955
27	10278	21	0.25662338305222931467142188921571
30	11420	24	0.25344646251362235034321201965213
33	12562	26	0.24836662953481625226714868404088
36	13704	29	0.24569048035375998240148476270406
39	14846	31	0.24167387292134431819867756985332
42	15988	33	0.23952175461571062475840676597727
45	17130	36	0.23637501818703840483770761693449
48	18272	38	0.23456174715153543797185875519062
51	19414	41	0.23212547555129831033937648498977
54	20556	43	0.23057261829655037455033550486405
57	21698	45	0.22863490487140736284743525175145
60	22840	48	0.2274037471517372788198940725124
63	23982	50	0.22571671926364184068702911645232
66	25124	53	0.22465962233555586413658033961838
69	26266	55	0.22336145515669567074290569053119
72	27408	57	0.22243912214645483738095776971022
75	28550	60	0.22135618723048761102845105597225
78	29692	62	0.22055847494607755399087523073831
81	30834	65	0.21966776386529662801194717758335
84	31976	67	0.21894929359842590921303440154588
87	33118	70	0.21825729940881927193530032127455
90	34260	72	0.2176027842290333969010873715888
93	35402	74	0.21704657595922943746913347240479
96	36544	77	0.21648744571980443884839928614383
99	37686	79	0.21600941146880972554278343977785
102	38828	82	0.21552663932930027357315339031629
105	39970	84	0.21513276493257074695186759072385
108	41112	86	0.21467510673855255687314524948306
111	42254	89	0.21436696323197798608184427848755
114	43396	91	0.21392903336500440625300711872114
117	44538	93	0.21367957569862441880026437956985
120	45680	96	0.21329376851682640969798399055435
123	46822	98	0.21308623832052658864100180835521
126	47964	101	0.21271483566326809810931308675208
129	49106	103	0.21256758066802022844044017801934
132	50248	105	0.21222528359790573948551184457756
135	51390	108	0.21209929003178007445029606969911
138	52532	110	0.21178122914412647603832340337249
141	53674	113	0.21169450822137517165266729080031
144	54816	115	0.21139203297016675997532786368538
147	55958	117	0.21130338634903997330205527305225
150	57101	120	0.21104937957434499740116962129832
153	58243	122	0.2109764504578370281073773639946
156	59385	125	0.21073016991730830760332082718378
159	60527	127	0.21071184726522099173173785402469
162	61669	129	0.21045150760453459892751482129825
165	62811	132	0.2104493999563855910484022615492
168	63953	134	0.2102050167551502701801524608527
171	65095	136	0.21020493898307487934395965112344
174	66237	139	0.20997477161644134691087515420804
177	67379	141	0.20998750709259775271142700603377
180	68521	144	0.20977406851929672471079868500965
183	69663	146	0.20979779435955844824057692221686
186	70805	148	0.20959116953569267849388779723085
189	71947	151	0.20963495442245175248707766968437
192	73089	153	0.20944127773880286125240957062488
195	74231	156	0.20951356931456804888469491743308
198	75373	158	0.20930178279018246678688797146606
201	76515	160	0.20931512684036704396994821308908
204	77657	163	0.20918091651782286244376507511333
207	78799	165	0.20920787461120668448977255593491
210	79941	167	0.20905184250187133776499592840992
213	81083	170	0.20905781627489775087447299029009
216	82225	172	0.20894314207344663603116430294904
219	83367	175	0.20894852412597589297327260737802
222	84509	177	0.2088493882839539128593031591663
225	85652	179	0.2088814536816292199983280397646
228	86794	182	0.2087277691526923661946568699932
231	87936	184	0.20877006324169747331076507634862
234	89078	187	0.20866679929197651244265898640151
237	90220	189	0.20867702701763710115834271618951
240	91362	191	0.20856722242301450886969860221143
243	92504	194	0.20863066223513618280271941785031
246	93646	196	0.20848776133372676211408247581858
249	94788	198	0.20859937974003486815810504140245
252	95930	201	0.20842558527919488597923702855041
255	97072	203	0.20849280251875590419530226427014
258	98214	206	0.20837230039858350982839851894823
261	99356	208	0.20844616720148465005557625318033
264	100498	210	0.20831516463696500562896574137994
267	101640	213	0.20839608652629007523593429596076
270	102782	215	0.20825116367340065770541457368381
273	103924	218	0.20832672455828676882916283830127
276	105066	220	0.20821896935558875663119238197396
279	106208	222	0.20828550989334859711021863404312
282	107350	225	0.20818525285359557042141886995523
285	108492	227	0.20822476566939682185441995443398
288	109634	229	0.20815514622984621073698008331121
291	110776	232	0.20820116870058041902424861291365
294	111918	234	0.20811206954517369460688769322587
297	113060	237	0.20817909007852103409064170591591
300	114202	239	0.2080710696635056644598904540544
303	115344	241	0.20817929915597002676896920547733
306	116486	244	0.20803471029761616550857183938206
309	117628	246	0.20814896207593971966254287053744
312	118770	248	0.2080151532093791333366539220151
315	119912	251	0.20812347785566848168414821884653
318	121054	253	0.2079876436062563227480382010981
321	122196	256	0.20808985587246472959144227843353
324	123338	258	0.20797077157942325809081296483782
327	124480	260	0.20807681235052680190911189583858
330	125622	263	0.20793171178001368382126656797482
333	126764	265	0.20805363352433892121240432970808
336	127906	268	0.2079153743238598139875250581099
339	129048	270	0.20802263195775874682347250654857
342	130191	272	0.20791193888040082615731307669193
345	131333	275	0.20797277164321717468631334213569
348	132475	277	0.20788850556620874776569962705253
351	133617	279	0.20798893514754768219177094579209
354	134759	282	0.20786937996803481198959673292848
357	135901	284	0.20797083774537966638362718185817
360	137043	287	0.20785170839208749749005278317782
363	138186	289	0.20794551964179730507709109588177
366	139328	292	0.20784876735521465307421351553785
369	140470	294	0.20793773905814727509522299442324
372	141612	296	0.20782956249335374221409722395038
375	142754	299	0.20791224494509852327439602959203
378	143896	301	0.20782468828060846055549859556777
381	145038	303	0.20789256885836693289348886537482
384	146180	306	0.20780545625306026669143477647594
387	147322	308	0.20791222496276581810370487346518
390	148464	311	0.20777231562096351580315456430981
393	149606	313	0.20794658818783134934804479598824
396	150748	315	0.20777545335676150806136774917832
399	151890	318	0.20787717993476739763991645304486
402	153032	320	0.20779694758662031750517940054124
405	154174	322	0.20782586496234559114704154580977
408	155316	325	0.20780110453632102962551186919882
411	156458	327	0.20782705726651715116837237928848
414	157600	330	0.20777964864308268166936954912671
417	158742	332	0.20783297617663204492899353681423
420	159884	334	0.2078041427539649432798540829026
423	161026	337	0.20780874711118957343103375023929
426	162168	339	0.20777665729187794196874961016874
429	163310	341	0.20781372999557340408571803891391
432	164452	344	0.20775475536065229897886297294463
435	165594	346	0.20783440418810508742986087327154
438	166736	349	0.20774946991031048582065920982132
441	167878	351	0.20782171748838071390075299404998
444	169020	354	0.20774490789912000709982464741188
447	170162	356	0.20781347576728462223094595628936
450	171304	358	0.20772640556710383896721339169744
453	172446	361	0.20783277647255515852009466470918
456	173588	363	0.20772584743402483509200351363688
459	174730	366	0.20777724504854408471565818672389
462	175872	368	0.20772398715152540216166698883171
465	177014	370	0.20781125500872466016488715467858
468	178156	373	0.2077080926848595687772558449069
471	179298	375	0.20781330767660990965772782601562
474	180440	377	0.20770123017261066244998346519424
477	181582	380	0.20781883732037426115724088049319
480	182724	382	0.20770103103540193956177972722799
483	183866	385	0.20779015941964831815091940825369
486	185008	387	0.20772198844868475231528748281562
489	186150	389	0.2077757447878270380403620265497
492	187292	392	0.20773674457161073192423828004394
495	188434	394	0.20777032566180425599000614056422
498	189576	396	0.20770822130302241115273886862269
501	190718	399	0.20777281318851892333299247184186
504	191860	401	0.20772540143631706976989903523645
507	193002	404	0.20777578772649757388180091766117
510	194144	406	0.20770442891001200669265358556004
513	195287	408	0.20774583387186998373330482081656
516	196429	411	0.20773269781055586635787335580972
519	197571	413	0.20777990940183826973353120592947
522	198713	415	0.20771709888526981857559405852953
525	199855	418	0.20773695324570229381322405970423
528	200997	420	0.20771165244103251268370513571426
531	202139	423	0.20775071207343431822778256901074
534	203281	425	0.20769798875605338661642917941208
537	204423	427	0.20776744388611648184372882042226
540	205565	430	0.20769944161572206908772386668716
543	206707	432	0.20773629095921239406941083416314
546	207849	434	0.2077092010742889460761517739229
549	208991	437	0.20775347415648828808265591305826
552	210133	439	0.20770221231006352757830768496206
555	211275	441	0.20776342732776437172148575882602
558	212417	444	0.20769087186255624777331263430824
561	213559	446	0.20776081587274064510495463764528
564	214701	449	0.20769828806492501849234599831107
567	215843	451	0.20772415044143080486982455568068
570	216985	453	0.20771965680666279463473244959459
573	218127	456	0.20770518218375749741611002718855
576	219269	458	0.20770928530771659570319798149285
579	220411	460	0.20771966943202149757929930729006
582	221553	463	0.20770233451174213712420169031247
585	222695	465	0.20776812093032548389714975201059
588	223837	468	0.2076963916454425129742844546854
591	224979	470	0.20775563907160643495330987207126
594	226121	472	0.20768823360116994702906367820106
597	227263	475	0.20777330206372762733124659462192
600	228405	477	0.20767819654622285407974402460241
603	229547	480	0.20778429962929803598292721744656
606	230689	482	0.20767029926829172481461682764348
609	231831	484	0.20777450721288268087327821831423
612	232973	487	0.20769076866035834916246471948398
615	234115	489	0.20777020105739513189391232117487
618	235257	491	0.20767012565822107195145918012713
621	236399	494	0.20776035556295080475308623135788
624	237541	496	0.20766817747567339891290316700179
627	238683	498	0.20775623696642120386002261511749
630	239825	501	0.20768513812072900148741894099658
633	240967	503	0.20776064593842447081328828062396
636	242109	506	0.20766452653411376916281483318016
639	243251	508	0.20778693717687751751910241182486
642	244393	510	0.20768417984385822983028901944635
645	245535	513	0.20775974151657483623978350806283
648	246677	515	0.20767244453694772010621250046825
651	247820	517	0.20772420199273847196685949256789
654	248962	520	0.20768125667599215966596659654897
657	250104	522	0.20773076336109022599352158522379
660	251246	525	0.2076920848678271980247700412292
663	252388	527	0.20770042896666063292343551438535
666	253530	529	0.20770855186084821730752025814581
669	254672	532	0.20772949518933125911956949494197
672	255814	534	0.20768779554666777498184160322126
675	256956	536	0.20774863380684971403411509527359
678	258098	539	0.20769147013157668313354520250869
681	259240	541	0.20774363201224083086415816978842
684	260382	544	0.20766931034694727231659783228679
687	261524	546	0.2077427653323129230766852515444
690	262666	548	0.207692352721517314861898739764
693	263808	551	0.2077016152456232500611577052041
696	264950	553	0.20771752341640584149651260759128
699	266092	555	0.20771605459258318804316445493896
702	267234	558	0.20769710556358422781642047993955
705	268376	560	0.20772374387324080147187999045855
708	269518	563	0.20769756855949134122241162003775
711	270660	565	0.20772093254790394145636867051508
714	271802	567	0.20768769237804707294969830400078
717	272944	570	0.20772593051683221898606745980942
720	274086	572	0.20768971981488465461396231148683
723	275228	574	0.20776234125287884602073518180987
726	276370	577	0.20767633027104104304072507147794
729	277512	579	0.20775766846955298627896979724028
732	278654	582	0.20768042779902465277963585776888
735	279797	584	0.20778384086306067590754764751182
738	280939	586	0.20768735513565844685857086915348
741	282081	589	0.20774904547816855360231613758515
744	283223	591	0.20768930129087934122189551544579
747	284365	593	0.20773606541951591952788191974832
750	285507	596	0.20769288544530289941647538398684
753	286649	598	0.20775628774690790834256404195912
756	287791	600	0.20767624321939823217597620441666
759	288933	603	0.20775272513267503682321546421008
762	290075	605	0.20767463605887773181457589544152
765	291217	608	0.20776689829216535287947920096485
768	292359	610	0.20766856792673868414844662311225
771	293501	612	0.20775984805210376271666916636605
774	294643	615	0.20768055976869156942221650297142
777	295785	617	0.20774555393326921137742147038807
780	296927	619	0.20769050664116175952678133853624
783	298069	622	0.20774069128618452562129448324413
786	299211	624	0.20767179917450420689739587487566
789	300353	626	0.20774082505967506051547388778999
792	301495	629	0.20769448152357752879204610962915
795	302637	631	0.20773199363891084456845703698491
798	303779	634	0.20769103927201706949468018592597
801	304921	636	0.20770403369965778628269958971941
804	306063	638	0.20770711260078419946317751509923
807	307205	641	0.20771349897904070602727699679235
810	308347	643	0.2077010842075692753638804788352
813	309489	645	0.20772303879358755551720605581068
816	310631	648	0.20768828377344095148515634718933
819	311773	650	0.20772128012810311958880049587606
822	312915	653	0.20769935493267810411310847484856
825	314057	655	0.2077050495396817464399674690867
828	315199	657	0.20768529941220134626966853375052
831	316341	660	0.2077042602807097904094035811795
834	317483	662	0.20769466373920564272737010469427
837	318625	664	0.20771559336428987996292505613383
840	319767	667	0.20770107229521767022717426698364
843	320909	669	0.207717685291498338484572627749
846	322051	671	0.2076950588343728920648345592781
849	323193	674	0.20769905580679995371617962973687
852	324335	676	0.20770423001267093732202795308694
855	325477	679	0.20773741046797722376027195423376
858	326619	681	0.20769657249426334844066843743349
861	327761	683	0.20775882226180539258386659184907
864	328903	686	0.20767967096340689270306256730692
867	330045	688	0.20775756952826912593579322674486
870	331187	691	0.20768940496432353182143515368807
873	332329	693	0.20775348343379873572445148965926
876	333471	695	0.20767724501803300207747327021934
879	334613	698	0.20775975302669991151560680009425
882	335755	700	0.20766173686211333859752414809918
885	336898	702	0.20772755359347594428243155562086
888	338040	705	0.20767526739845884597990277598001
891	339182	707	0.20776431588059871002904799297539
894	340324	709	0.20767512340395699599326917450526
897	341466	712	0.20771871132229591250251132805715
900	342608	714	0.20768452227744224614092161118606
