0	0	0	0.69314718055914625871594125783304
3	2202	0	0.34945446077324354705595510495186
6	4404	0	0.31220245260574525092422959460237
9	6606	0	0.29880763353053496622635520907352
12	8808	0	0.28947613734935340179532659021788
15	11011	0	0.28161879876663076238685334828915
18	13213	1	0.27478065736647699912609255079587
21	15415	1	0.26858534539342859837063315353589
24	17617	1	0.26305676517746096054750637449615
27	19819	1	0.25812584068193411557246008669608
30	22022	1	0.25373535371003641536447048565606
33	24224	2	0.249789524423580516776510762611
36	26426	2	0.24629588370282762266327836186974
39	28628	2	0.24310099224100764625511317262863
42	30830	2	0.24027343651145746661335067528853
45	33033	2	0.23774091328220600671805584624963
48	35235	2	0.23539152131242765952912066040881
51	37437	3	0.23329312112945643775674398057163
54	39639	3	0.2314005397165254662716904476838
57	41841	3	0.22968414114898197397884871406859
60	44044	3	0.22811475742724177107056959812326
63	46246	3	0.22667656109562972499560373762506
66	48448	4	0.225384446448501113424711661537
69	50650	4	0.22421029714341420002732263583312
72	52852	4	0.22311000524611565576371674524125
75	55055	4	0.22211225551551574963760060654749
78	57257	4	0.22118653988585623704210547657567
81	59459	4	0.22033737180437584779468807028024
84	61661	5	0.21954909758997762092569416836341
87	63863	5	0.21883598583669389148198547445645
90	66066	5	0.21816910760136723479440945538954
93	68268	5	0.21755267575190115336702945114666
96	70470	5	0.21697333643907679157081247467431
99	72672	6	0.21643598886809853332202635556314
102	74874	6	0.2159367127404072106422461274633
105	77077	6	0.21547399047541629379942662581016
108	79279	6	0.21504304953918704224058444651746
111	81481	6	0.21464325334236045161873107645079
114	83683	6	0.21427260906899783798884584484767
117	85885	7	0.21393223758228169240069860279618
120	88088	7	0.21359944219112997343401616490155
123	90290	7	0.21329063806515832779631125504238
126	92492	7	0.21299876321716093574565320523106
129	94694	7	0.21272564853723258115891781017126
132	96896	8	0.21246865101242398687908519150369
135	99099	8	0.21222876157763584381577004478459
138	101301	8	0.21200294809786279781604889649316
141	103503	8	0.21178984104829010060022653760825
144	105705	8	0.21158871194547815286490788366791
147	107907	8	0.21139916261514052342462832712044
150	110110	9	0.21121949168675643870862757012219
153	112312	9	0.21105039748653045550419449227775
156	114514	9	0.21088952799882401678566168357065
159	116716	9	0.21073948200813716336021741426521
162	118918	9	0.21059598471814280906677652183134
165	121121	9	0.21045967646030927511446861899458
168	123323	10	0.21033146772531105539449924890505
171	125525	10	0.21020853573208245212988742878224
174	127727	10	0.21009220848138279724715005158941
177	129929	10	0.20998202023417086858891877909628
180	132132	10	0.20987696260559879357643353614549
183	134334	11	0.20977729258185526250990449170786
186	136536	11	0.20968247984029059205468570326047
189	138738	11	0.20959175872755322900253815987526
192	140940	11	0.20950755776288071396962209291814
195	143143	11	0.20942643025471016637872878618509
198	145345	11	0.20934930554872971386615176925261
201	147547	12	0.2092748445236612409026122350042
204	149749	12	0.20920383946377141271000255073886
207	151951	12	0.20913592368828748391251792781986
210	154154	12	0.20907182980842442532321001635864
213	156356	12	0.2090101390890288235446803355444
216	158558	13	0.20895133368064125467533642677154
219	160760	13	0.20889711354657028441472732538386
222	162962	13	0.20884329236513016203602433051856
225	165165	13	0.20879184875898645912251083700539
228	167367	13	0.20874293949985756047027507520397
231	169569	13	0.20869610476415961786145203404885
234	171771	14	0.2086512222553226214571964192146
237	173973	14	0.20860852572820173800316467804805
240	176176	14	0.20856743331751448344846266991226
243	178378	14	0.20852820269212613002451917054714
246	180580	14	0.20849061048403333407108561914356
249	182782	15	0.20845451225374331261086524591519
252	184984	15	0.20842016569233975942232461875392
255	187187	15	0.20838718418179816294077966176701
258	189389	15	0.20835572006518504606376041010662
261	191591	15	0.20832536453938130249774474123114
264	193793	15	0.20829635671120741435835554966616
267	195995	16	0.20826953459842048599348629522865
270	198198	16	0.20824281658520357729535987800773
273	200400	16	0.20821736213766620093856829498691
276	202602	16	0.20819273140858976511857747482281
279	204804	16	0.20816920437280470035368296066736
282	207006	17	0.20814654523343509295862929775467
285	209209	17	0.20812484377406278990285670715821
288	211411	17	0.20810506498395947572177533402282
291	213613	17	0.20808501724523889575557689113339
294	215815	17	0.20806583229224287490133349365351
297	218017	17	0.20804739125574545077768107148586
300	220220	18	0.20802971741553333284713289685897
303	222422	18	0.20801275637308327959296150311275
306	224624	18	0.20799640546022221676558672243118
309	226826	18	0.20798072904291220464045863991487
312	229028	18	0.20796563364311501653780567266949
315	231231	19	0.20795216347355557906517731225904
318	233433	19	0.20793822250435675669244517393963
321	235635	19	0.20792483690836224830000844576716
324	237837	19	0.20791299255552381231026970453968
327	240039	19	0.20790068683310636288297246210277
330	242242	19	0.20788883034888827605612959814607
333	244444	20	0.20787738932998647833905181414593
336	246646	20	0.20786640844539927552858671333524
339	248848	20	0.20785579554388000644848943920806
342	251050	20	0.20784561987207367250718448303815
345	253253	20	0.2078358063840811953415510515697
348	255455	20	0.20782638311412957032864312623133
351	257657	21	0.20781735157872380237442655470659
354	259859	21	0.20780859655804895247399599611526
357	262061	21	0.20780120696026196935868313175888
360	264264	21	0.20779212742038188910242979545728
363	266466	21	0.20778433159773296301509049044398
366	268668	22	0.20777682217287676835759668847459
369	270870	22	0.20776963904337980570957711279334
372	273072	22	0.20776269355218110468364045573253
375	275275	22	0.20775598738215411698249113214843
378	277477	22	0.20774954030418593675655358765653
381	279679	22	0.20774331864459449903392851410899
384	281881	23	0.2077373436313170174116748967208
387	284083	23	0.20773158011730638583536290298071
390	286286	23	0.20772603251055898887500461569289
393	288488	23	0.20772069635704834555944842122699
396	290690	23	0.20771553941143444665939910009911
399	292892	24	0.20771060246551606431886227710493
402	295094	24	0.20770583420733595980678387604712
405	297297	24	0.20770123562715928078326044214919
408	299499	24	0.20769779522188711040620034964377
411	301701	24	0.20769352940116456163188729533431
414	303903	24	0.20768941611198288299533487588633
417	306105	25	0.20768544610662939553513695045694
420	308308	25	0.20768162704989370781483160044445
423	310510	25	0.2076779398301654699920959501469
426	312712	25	0.20767439399244305708869262616645
429	314914	25	0.20767098253535545837600295726588
432	317116	26	0.20766768808019447911661359285063
435	319319	26	0.20766451892864526418414072850283
438	321521	26	0.20766145153244536247783003091172
441	323723	26	0.20765851053559397643155648438551
444	325925	26	0.20765566444533495316093762994569
447	328127	26	0.2076529208222363531710641382233
450	330330	27	0.20765028255954695590723702025571
453	332532	27	0.207647737500956885980940569425
456	334734	27	0.20764528327980524835538744810037
459	336936	27	0.20764291560458994490012685218971
462	339138	27	0.20764063054897333171489037795254
465	341341	27	0.20763843464332115695825109469297
468	343543	28	0.20763631244049399193762894810789
471	345745	28	0.20763427952800764253460386044026
474	347947	28	0.20763230254355194426274522356834
477	350149	28	0.20763039728368548608727905957494
480	352352	28	0.20762856962891401702009375185298
483	354554	29	0.20762679971583494764608701643738
486	356756	29	0.20762508992495348758566819924454
489	358958	29	0.20762344263998130933224217642419
492	361160	29	0.2076218573772586339920565023931
495	363363	29	0.2076203280639433712551067401364
498	365565	29	0.20761885879965241707978407248447
501	367767	30	0.20761743339594615487264661624067
504	369969	30	0.20761605968933302679424457437563
507	372171	30	0.2076147373456140865499719438958
510	374374	30	0.20761345431275049500108309530333
513	376576	30	0.20761321795639195442184643525252
516	378778	31	0.20761203158319743722337591407268
519	380980	31	0.20761088071452704628683250120957
522	383182	31	0.20760977624554396991918281401013
525	385385	31	0.20760870529398628425710171541141
528	387587	31	0.20760767619449527199293470403063
531	389789	31	0.2076066793899381812682491954547
534	391991	32	0.20760571606656916254785016917594
537	394193	32	0.20760478774128965362422150064958
540	396396	32	0.2076038914928540202176066031825
543	398598	32	0.20760302849592865426231469427876
546	400800	32	0.20760220047329497328192360328103
549	403002	33	0.20760139660241250236794030570309
552	405204	33	0.2076006236582310371385773350994
555	407407	33	0.20759987402991594840351297079906
558	409609	33	0.20759915293204317388031654445513
561	411811	33	0.20759845505730439851888036173477
564	414013	33	0.20759778601420439403391071664373
567	416215	34	0.20759713717088054685255826825596
570	418418	34	0.20759651297843900730200061843789
573	420620	34	0.20759591563733806318658992040582
576	422822	34	0.20759533297198623502666237072845
579	425024	34	0.20759476885572727966611239480699
582	427226	34	0.20759422421725254315205688726564
585	429429	35	0.20759369997728036039141841229139
588	431631	35	0.2075931933418123653822817686887
591	433833	35	0.20759270282596592460677697999927
594	436035	35	0.20759223002593146789607203572814
597	438237	35	0.20759177572515061238611622229655
600	440440	36	0.20759133617926819881382982657669
603	442642	36	0.20759091060562845365566886357556
606	444844	36	0.2075905026481514037417497320348
609	447046	36	0.20759010830936078240149811335868
612	449248	36	0.20758972659951421824153783290967
615	451451	36	0.20758935792144289633753828638874
618	453653	37	0.20758900213933217937523068030714
621	455855	37	0.20758865983354643502956093925604
624	458057	37	0.20758832798384588280704576845892
627	460259	37	0.20758800679976741054844069367391
630	462462	37	0.20758769733500845311446880714357
633	464664	38	0.20758739937888801008192274366593
636	466866	38	0.20758711053703324256325402075163
639	469068	38	0.20758683256089588420323366335651
642	471270	38	0.20758656415581694387739730700559
645	473473	38	0.2075863043412587150005066405356
648	475675	38	0.2075860539349395905706074927366
651	477877	39	0.20758581208833959408366354182363
654	480079	39	0.20758557911970457188211014454282
657	482281	39	0.20758535369669034453821154784237
660	484484	39	0.20758513591295185696239400385821
663	486686	39	0.20758492560657143544133873547253
666	488888	40	0.20758472381616610569210479297908
669	491090	40	0.2075845276927081595186308504708
672	493292	40	0.20758433852132651686872577556642
675	495495	40	0.20758415590012366247485431358655
678	497697	40	0.2075839793096273255823547287946
681	499899	40	0.20758380829660108557455089339783
684	502101	41	0.20758364343878774049834134984849
687	504303	41	0.2075834849193866626926308072143
690	506506	41	0.20758333103345941172968025512091
693	508708	41	0.20758318303413525462985944614047
696	510910	41	0.20758303957276144635635262147844
699	513112	42	0.20758290155565878309928962153208
702	515314	42	0.20758276802453104470380651491723
705	517517	42	0.20758263905692189710272543834435
708	519719	42	0.20758251401735861030317664699396
711	521921	42	0.20758239356504221140298227510357
714	524123	42	0.20758227700173934038296863491269
717	526325	43	0.20758216496036371867539571667294
720	528528	43	0.20758205624047962323253102567833
723	530730	43	0.20758195171215565455469231892494
726	532932	43	0.20758185034403298097060996951768
729	535134	43	0.20758175232922917996525313810707
732	537336	43	0.2075816576732238127878105160562
735	539539	44	0.20758156626976870251510831621999
738	541741	44	0.2075814781078558490801100333556
741	543943	44	0.20758139289479798916815411757852
744	546145	44	0.2075813105632019761603856977672
747	548347	44	0.20758123090193564275196536073054
750	550550	45	0.20758115421249107024337376969925
753	552752	45	0.2075810800150663659735528199235
756	554954	45	0.20758100859792408265924734678265
759	557156	45	0.20758093944814465237058698221517
762	559358	45	0.20758087258129773178261245902831
765	561561	45	0.20758080790282384953115979442373
768	563763	46	0.20758074551727817569357625870907
771	565965	46	0.20758068516866937103237944484135
774	568167	46	0.20758062703716162467060257768026
777	570369	46	0.2075805705868887240939102412085
780	572572	46	0.20758051615725897631747898230969
783	574774	47	0.2075804634778971868858121752055
786	576976	47	0.20758041263667870168774243211374
789	579178	47	0.20758036333317980703938587794255
792	581380	47	0.20758031564388784717678504421201
795	583583	47	0.20758026967679937824229341458704
798	585785	47	0.20758022522511834773162320288975
801	587987	48	0.20758018219499096979063779144781
804	590189	48	0.20758014084131276577593894216989
807	592391	48	0.20758010072405852497468004003167
810	594594	48	0.20758006201504439203198160157626
813	596796	48	0.20758002439988915144297720871691
816	598998	48	0.20757998829452328770628355414374
819	601200	49	0.20757995334922607622019086193177
822	603402	49	0.20757991977329709465394103062863
825	605605	49	0.20757988700660989778157272667158
828	607807	49	0.20757985542425447245129532802821
831	610009	49	0.20757982481228057225486338666087
834	612211	50	0.20757979517103800071176067376655
837	614413	50	0.20757976663536395478537599501578
840	616616	50	0.20757973903042248320360840807552
843	618818	50	0.20757971244943101973845500651805
846	621020	50	0.20757968666013379421819706749375
849	623222	50	0.20757966166040237032675008777005
852	625424	51	0.20757963744233537406458367513551
855	627627	51	0.20757961405370078944443434920686
858	629829	51	0.20757959151987598334088147566945
861	632031	51	0.20757956975004376865001631813357
864	634233	51	0.20757954864512317971758648127434
867	636435	52	0.20757952824676725867014681625733
870	638638	52	0.20757950848627942930235690255358
873	640840	52	0.20757948942798803981801825102593
876	643042	52	0.20757947095503176404562850621005
879	645244	52	0.20757945310342673650438882759772
882	647446	52	0.20757943575567439076223763549933
885	649649	53	0.2075794190402947270168709792415
888	651851	53	0.20757940297926402717365590433474
891	654053	53	0.20757938740164613711236540893879
894	656255	53	0.20757937226369391203739667162154
897	658457	53	0.20757935768292143374758040863526
900	660660	54	0.20757934355207310894719796579011
