0	0	0	0.69314718055914625871594125783304
3	2368	9	0.35861600620066075295611085493874
6	4737	19	0.31130837833572833073247920765425
9	7105	28	0.29688278381378302439586036598484
12	9474	38	0.28759732486081945879163868085016
15	11842	48	0.27982220521480516417511807958363
18	14211	57	0.27312617531830934991532444655604
21	16579	67	0.2672114147543955264829662610282
24	18948	77	0.26192450589935850624456747937074
27	21316	87	0.25717899136094174439293169598386
30	23685	96	0.2529019560410313838261231467186
33	26053	106	0.24907375056125635737203083408531
36	28422	116	0.24565639581803111468616407364607
39	30790	125	0.24258650235270498574102759903326
42	33159	135	0.23981856045061483717617534239253
45	35527	145	0.23732409811824972667437805284862
48	37896	154	0.23506939244331528926501562182239
51	40264	164	0.23302980835525202718550019653776
54	42633	174	0.23117826234990401790270198034705
57	45001	183	0.22949807815826786527857450437295
60	47370	193	0.22797467036728266687184429883928
63	49738	203	0.22657658831006971533739147162123
66	52107	212	0.22530686081450415625404559705203
69	54475	222	0.22414130602765036659462793977582
72	56844	232	0.22307190547461488994152034592844
75	59213	241	0.22208825288110733975344146529096
78	61581	251	0.22118474529630097191734705575072
81	63950	261	0.22034871866509650462084834998677
84	66318	270	0.21957669903402171618367333394417
87	68687	280	0.21886418913313082645899498857034
90	71055	290	0.21820241592216185755326307571522
93	73424	299	0.21759054241750597213922446826473
96	75792	309	0.21702199020902707138347409454582
99	78161	319	0.21649454516325075670302169328352
102	80529	328	0.21600204043304427337091055960627
105	82898	338	0.21554276843113889805536587118695
108	85266	348	0.21511223182846747614682669791364
111	87635	357	0.21471082310909955781497160387516
114	90003	367	0.21433630458406002783355859264702
117	92372	377	0.21398557277309779300900061116408
120	94740	386	0.21365687599006533137213637019158
123	97109	396	0.21334829198899124547139649621386
126	99477	405	0.21305867776213813225005822005187
129	101846	415	0.21278751677994034441354642694932
132	104214	425	0.21253093622897145653638517615036
135	106583	434	0.21228944755196432758737046242459
138	108951	444	0.21206158043238862442869674396206
141	111320	454	0.2118470635536566781809142412385
144	113688	463	0.21164547923547372132446753312252
147	116057	473	0.21145381674867300136888559336512
150	118426	482	0.21127291590691249512090621465177
153	120794	492	0.21110200120619895813867117340124
156	123163	502	0.21094033815009652355065838946757
159	125531	511	0.21078719145026969528089466621168
162	127900	521	0.21064190489845391329737367414054
165	130268	531	0.21050434232370734966011127653474
168	132637	540	0.21037468624120370108698807598557
171	135005	550	0.210250870277027240851097644736
174	137374	560	0.21013318870046807096407803783222
177	139742	569	0.21002150718483508784473201558285
180	142111	579	0.20991528452506269530886129359715
183	144479	589	0.20981422508330549447919111116789
186	146848	598	0.20971800391254039053201552178507
189	149216	608	0.2096264706905298091932365878165
192	151585	617	0.20954047876712966758105949338642
195	153953	627	0.20945758553382368138962021930638
198	156322	637	0.20937948432587605296362198714633
201	158690	647	0.20930509703182442748925495834555
204	161059	656	0.20923313427625381266672377478244
207	163427	666	0.20916451812084069228347971147741
210	165796	676	0.2090989546540625299009263926564
213	168164	685	0.20903756831630593282511654251721
216	170533	695	0.20897790494948509376627043820918
219	172901	704	0.20892090325157591790272704201925
222	175270	714	0.20886647910536496053346411372331
225	177639	724	0.20881451923804336678891502288025
228	180007	733	0.2087648849834157216420749136887
231	182376	743	0.20871733952858950722486497397767
234	184744	752	0.20867189051435747204621407036029
237	187113	762	0.20862931576041740533433710425015
240	189481	771	0.20858765340318671799302308045299
243	191850	781	0.20854782912491615087802188099886
246	194218	791	0.20850965818811145746636270814633
249	196587	800	0.20847307223334687886762139896746
252	198955	810	0.20843802367451341739368331218429
255	201324	819	0.2084044509580103288204355749258
258	203692	829	0.20837228769058932509317116910097
261	206061	838	0.20834142737873481698862576649844
264	208429	848	0.20831184187574083854777029500838
267	210798	858	0.20828347293009091822924006009998
270	213166	867	0.20825623164389769903515059468191
273	215535	877	0.20823116983981193595099057347397
276	217903	886	0.20820615683085103020388828554132
279	220272	896	0.20818213275724445354697422772006
282	222640	905	0.20815910482497979039351321262075
285	225009	915	0.20813694594192730380477485141455
288	227377	925	0.20811671786777266590640067533968
291	229746	934	0.20809630759009958844707455227763
294	232114	944	0.20807672746740993319214396706229
297	234483	953	0.20805790583429531470649465063616
300	236852	963	0.2080398649343861150473600218902
303	239220	973	0.2080225233002951368277422261599
306	241589	982	0.208005837604660348549856507816
309	243957	992	0.20798979115685398144641737872007
312	246326	1001	0.20797439650373980568609511010436
315	248694	1011	0.20795959243762349166750880158361
318	251063	1020	0.20794637634907242595971865739557
321	253431	1030	0.20793270138265024238322098426579
324	255800	1039	0.2079195658010343228383476343879
327	258169	1049	0.20790792171737060289871124041383
330	260537	1059	0.20789576674967100156088406492927
333	262906	1068	0.20788407972904465736974088940769
336	265274	1078	0.20787282376369281555739121358783
339	267643	1087	0.20786200065700155548142902262043
342	270011	1097	0.20785159581799758643505526833906
345	272380	1107	0.20784157885454881964371054436924
348	274748	1116	0.20783193868609173282635538271279
351	277117	1126	0.20782265517685033495709490125591
354	279485	1136	0.20781372041859538790653516571183
357	281854	1145	0.20780513658869764759273834897613
360	284222	1155	0.20779786582631740166071665498748
363	286591	1164	0.20778990449228046388796542487398
366	288959	1174	0.20778123664812025994663713390764
369	291328	1183	0.20777386960150012740200509142596
372	293697	1193	0.20776677343449095891614319953078
375	296065	1202	0.20775993546071458428770029058796
378	298434	1212	0.20775335303841394041235446366045
381	300802	1222	0.20774700741888643684696091895603
384	303171	1231	0.20774090772428205342592377746769
387	305539	1241	0.20773502782044783732118276020628
390	307908	1251	0.20772936273380249172504363741609
393	310276	1260	0.20772390443300620122002442258236
396	312645	1270	0.20771865421690582920177803316619
399	315013	1279	0.20771360216764586659188296380307
402	317382	1289	0.20770872684052577028523955959827
405	319750	1298	0.20770402848234037485042335902108
408	322119	1308	0.20769949583468647058559497509123
411	324487	1318	0.20769613027552782935636344063823
414	326856	1327	0.20769192537011196830754045095091
417	329224	1337	0.20768787714939382360590514053911
420	331593	1346	0.20768397387469403336801576642756
423	333961	1356	0.20768021754665355604885235152324
426	336330	1365	0.20767660225325140777030696881411
429	338698	1375	0.20767311307876656911730606225319
432	341067	1384	0.20766974694646941901332581892348
435	343436	1394	0.20766650227902436198768043595919
438	345804	1404	0.20766337543586219083202593083115
441	348173	1413	0.20766036199221180047480572739005
444	350542	1423	0.20765745474044011720238245288783
447	352910	1432	0.20765465231999546968921777079231
450	355279	1442	0.20765195011177317585548962597386
453	357647	1451	0.20764934783291383313397204801731
456	360016	1461	0.20764683601119801603651637833536
459	362384	1471	0.20764441349892445720648481710668
462	364753	1480	0.20764208051988761183359599726828
465	367122	1490	0.20763983111450637353279091712466
468	369490	1499	0.2076376593223397959420140068687
471	371859	1509	0.20763556519148293477705635723396
474	374227	1518	0.20763354497046135338500505440607
477	376596	1528	0.20763159813105871998040186099388
480	378964	1538	0.20762972086849018626963925271411
483	381333	1547	0.20762791168478353376336542623903
486	383701	1557	0.2076261649008715459707730133232
489	386070	1566	0.20762448145914308428316985555284
492	388438	1576	0.20762285685975825910709602339921
495	390807	1585	0.20762128883531583145582999350154
498	393175	1595	0.20761978020265961508705743199243
501	395544	1605	0.20761832379399031145439380452444
504	397912	1614	0.20761691717515176613950700357236
507	400281	1624	0.20761556059873109703062254993711
510	402649	1633	0.20761425116681977987020957243658
513	405019	1643	0.20761298938254640900069603048905
516	407387	1652	0.20761277231014002575548715867626
519	409756	1662	0.20761159849765659091147540493694
522	412124	1672	0.20761046670869168218054312546883
525	414493	1681	0.20760937337218568488061976040626
528	416861	1691	0.20760831974457005788536889667739
531	419230	1700	0.20760730213271388899798353122605
534	421598	1710	0.20760632064544248809312421144568
537	423967	1719	0.20760537341163357027973290769296
540	426335	1729	0.20760445868568677685317425130052
543	428704	1739	0.20760357825423642053053185918543
546	431072	1748	0.20760272745317329134984163374611
549	433441	1758	0.20760190532289585219061223142489
552	435809	1767	0.20760111311057924399214869026764
555	438178	1777	0.20760034924695347502421327590127
558	440546	1786	0.20759961246933145151416510998388
561	442915	1796	0.2075989003472167582220464510101
564	445283	1805	0.20759821309069015349280107329832
567	447652	1815	0.20759754977133695885704867123422
570	450020	1825	0.20759690951648249179761762661656
573	452389	1834	0.20759629134071749811951690389833
576	454757	1844	0.20759569507599451299029169604182
579	457126	1853	0.20759512008317881903707302626572
582	459494	1863	0.20759456460665709487400931720913
585	461864	1872	0.20759402895837630875774948435719
588	464232	1882	0.20759351144913273934378139529144
591	466601	1891	0.20759301222351653204434285271418
594	468969	1901	0.20759252977553838137581010414578
597	471338	1910	0.20759206417604619820949096720142
600	473706	1920	0.20759161487510019439284292275261
603	476075	1930	0.20759118125691983225422632131085
606	478443	1940	0.20759076266867548810068910825066
609	480812	1949	0.20759035831655739401391258525109
612	483180	1959	0.20758996809393476246086152059434
615	485549	1968	0.20758959124552348041170546366629
618	487917	1978	0.20758922712904528951050053819927
621	490286	1987	0.20758887636376910368340986678959
624	492654	1997	0.20758853791627318585710781917442
627	495023	2006	0.20758821071744218422772121357411
630	497391	2016	0.2075878950544551015955363482135
633	499760	2026	0.2075875897211670040309883233931
636	502128	2035	0.20758729520749888419750561752153
639	504497	2045	0.20758701064948248404817832124536
642	506865	2054	0.20758673604640534571252885598369
645	509234	2064	0.20758647101506561005734852187743
648	511602	2074	0.20758621486603179295826748784748
651	513971	2083	0.20758596757217340211809641914442
654	516340	2093	0.20758572875263789359046029403544
657	518708	2102	0.20758549837724768472035918875918
660	521077	2112	0.20758527590144870700328283419367
663	523445	2121	0.20758506089443867770327756261395
666	525814	2131	0.2075848533968661091542173835478
669	528182	2140	0.20758465300651124385566959062999
672	530551	2150	0.20758445944969772245514150199597
675	532919	2159	0.2075842724915235026905691029242
678	535288	2169	0.20758409219251300337205634605198
681	537656	2179	0.20758391798056949340001153814228
684	540025	2188	0.20758374972877241537716486163845
687	542393	2198	0.20758358706846755104002966163534
690	544762	2207	0.20758342997651396677483148778265
693	547130	2217	0.20758327822976588294956457048102
696	549499	2226	0.20758313171659259488421866990393
699	551867	2236	0.20758299035090288509053380039404
702	554236	2246	0.2075828537427678033289168979536
705	556604	2255	0.20758272155288912119708299997001
708	558973	2265	0.2075825941135698571304857296127
711	561341	2274	0.20758247105870414328521178504161
714	563710	2284	0.20758235227659421751056356697518
717	566078	2293	0.2075822374553465687885278612157
720	568447	2303	0.2075821265658154834987669801194
723	570815	2313	0.20758201936291240108367617267504
726	573184	2322	0.2075819157457262364996353198876
729	575553	2332	0.20758181570279851668736625924794
732	577921	2341	0.20758171898164615165605084712297
735	580290	2351	0.20758162555422848827291204543144
738	582658	2360	0.20758153533653844746709182800259
741	585027	2370	0.2075814481542257727841871428609
744	587395	2380	0.20758136395915360861152976212907
747	589764	2389	0.20758128259570707285774915362708
750	592132	2399	0.2075812040758660548256386846333
753	594501	2408	0.20758112810015724725154484531231
756	596869	2418	0.20758105481937280667459333471925
759	599238	2428	0.20758098391814572281077744264621
762	601606	2437	0.20758091545079968009979154430766
765	603975	2447	0.20758084929145728669830361923232
768	606343	2456	0.20758078538990748507231387520733
771	608712	2466	0.20758072358237888987986252686824
774	611080	2475	0.20758066396968388733768051679363
777	613449	2485	0.20758060633555427965113437949185
780	615817	2494	0.20758055058639338086301506791642
783	618186	2504	0.20758049670877121162249068220262
786	620554	2513	0.20758044466143871220609185002104
789	622923	2523	0.2075803943744746749011653719208
792	625291	2533	0.20758034575360190254755821115396
795	627660	2542	0.20758029880744927053726200938399
798	630028	2552	0.20758025343610789215098577642493
801	632397	2561	0.20758020966942042351277564193879
804	634766	2571	0.20758016720669597576787168691226
807	637134	2580	0.20758012615523871446931991613383
810	639503	2590	0.20758008654983781116065699734463
813	641871	2600	0.20758004827163695216185601566394
816	644240	2609	0.20758001127298197907578014564933
819	646608	2619	0.20757997554762000480543804314948
822	648977	2629	0.20757994097062240634876673084364
825	651345	2638	0.2075799075418092165534744708566
828	653714	2648	0.20757987527448953923858709913475
831	656082	2657	0.20757984403574109011358928000845
834	658451	2667	0.20757981390142640765184012252575
837	660819	2677	0.20757978472183793994254585868475
840	663188	2687	0.20757975652098614727236736143823
843	665557	2696	0.20757972921313552761013454528438
846	667925	2706	0.20757970283485130402745255651098
849	670294	2715	0.20757967732632146007354378980381
852	672662	2725	0.20757965265496888807028597057069
855	675031	2734	0.20757962880251942805465148467192
858	677399	2744	0.20757960574703776535088195487333
861	679768	2754	0.20757958347771499063583178212866
864	682136	2763	0.20757956194039692277009123699827
867	684505	2773	0.20757954108519349745165527565405
870	686873	2782	0.20757952094074547111368644891627
873	689242	2792	0.20757950146397072255233240412053
876	691611	2801	0.20757948260145311913937860026635
879	693979	2811	0.20757946440112906572039719321765
882	696348	2820	0.20757944672760758608731634922151
885	698716	2830	0.20757942965012751712627903089015
888	701085	2840	0.2075794131497095684757425715361
891	703453	2849	0.20757939719474724493686323967268
894	705822	2859	0.20757938174262399733116524203069
897	708190	2868	0.20757936680725480593778797810955
900	710559	2878	0.20757935236547045421140467169607
