0	0	0	0.69314718055914625871594125783304
3	2537	19	0.34256855280185816159388423329801
6	5074	38	0.31178340646622182408265189224039
9	7612	58	0.29750881318885741277924239511776
12	10149	78	0.28800403681916580955757467563672
15	12687	97	0.28019848988605078332625453185756
18	15224	117	0.27340703858234532974691433082626
21	17762	136	0.26744449185688085046663786670251
24	20299	156	0.26206755325792335797885357351333
27	22843	176	0.25728822811083490451622424188827
30	25380	195	0.25301531819017469837618250494415
33	27918	215	0.24918220058502843494707690297219
36	30455	235	0.24576395103092846250447678357887
39	32993	254	0.24267319049076635506523302865389
42	35530	274	0.23989057562873311590934122250474
45	38068	294	0.23737718380665365214277073846461
48	40605	313	0.23509180757053435573133981506544
51	43143	333	0.23302777491543133492335471146362
54	45686	353	0.23115940790737005139376947226992
57	48224	373	0.22946748946246472988796938352607
60	50768	392	0.22792251681055070156034503270348
63	53305	412	0.22651959700131887864849034031067
66	55843	432	0.22523919931530084204140962356178
69	58380	451	0.22406433957418175895170975309156
72	60918	471	0.22298901555638864224739847941237
75	63455	490	0.22200113917321753764788638818573
78	65992	511	0.22109442282042701677369223034475
81	68536	530	0.22025528909128841426046108153969
84	71074	550	0.21948324554558937271586671613477
87	73611	570	0.21876958179576536100974237797345
90	76149	589	0.21810710131570498759856491233222
93	78686	609	0.21749643283123440418158622833289
96	81224	629	0.21692855390103235602161646511377
99	83761	648	0.21640063374785858951732109289878
102	86298	668	0.21590821858216080464387687243288
105	88836	687	0.21544922674813696272799745656812
108	91373	707	0.21502246210838230067174947635067
111	93911	727	0.2146244492561419081599893843304
114	96448	746	0.21425145803727252413750647974666
117	98986	766	0.21390229052701345557885304060619
120	101523	785	0.21357623795591010318339897366968
123	104061	805	0.21326915882826760761936668586713
126	106598	824	0.21298286168053362499286151887645
129	109136	844	0.21271229495125337782823748966621
132	111673	864	0.21245737094976166470239320460678
135	114211	883	0.21221806954528055211284254255588
138	116748	903	0.21199301702201903130351468007575
141	119286	923	0.21178146224842031575263945342158
144	121829	942	0.21158067254763507358816809755808
147	124367	962	0.21139144977762416854893956497108
150	126904	982	0.21121266550284212293320251774276
153	129442	1001	0.21104317929866414638162552819267
156	131979	1021	0.21088356272883035380516503209947
159	134517	1040	0.21073225758640121152431845530373
162	137054	1059	0.21058892934165177046601513666246
165	139592	1079	0.21045433340653732501301931279158
168	142129	1098	0.21032566909753358519452604014077
171	144667	1118	0.21020358659086743613464420832315
174	147204	1137	0.21008771974063511489561051348574
177	149742	1157	0.20997750368727338687868666511349
180	152279	1177	0.20987294356129421180057192941604
183	154817	1196	0.20977345289269974659696060825809
186	157354	1216	0.20967868311543935710972164088162
189	159892	1235	0.20958875667419535337998581780994
192	162429	1255	0.2095039869258159825893272909525
195	164967	1274	0.2094233398904104814786109045599
198	167504	1293	0.20934646882709001536326809400634
201	170041	1313	0.20927236831595028010433168219606
204	172579	1333	0.20920164278278416403189510219818
207	175116	1352	0.20913418930412144836061827390949
210	177654	1372	0.2090698339559814988852792794205
213	180191	1391	0.20900947500993466432461787007924
216	182729	1411	0.20895090543398817106712783697731
219	185266	1430	0.20889490427288587293119803689478
222	187804	1449	0.20884149220477624120384518846549
225	190341	1469	0.20879042015856677516616457523924
228	192879	1489	0.20874155841632618946235311341297
231	195416	1508	0.20869477268768771294205066624272
234	197954	1528	0.20865107615195568890875676970609
237	200491	1548	0.20860832633719014750361964161129
240	203029	1567	0.2085673851914963961018401050751
243	205566	1587	0.2085282389726628715642675615527
246	208104	1606	0.20849075552737955652204959733353
249	210641	1626	0.20845484956833668088727051781461
252	213185	1646	0.20842047222154166941088249132008
255	215722	1665	0.2083875309951591370261070323977
258	218260	1685	0.20835596587468746543336806098523
261	220797	1704	0.20832571961062626431093747214618
264	223335	1724	0.20829666919725631224480366654461
267	225872	1743	0.2082688567261885281833855287914
270	228410	1763	0.20824220017364780677127100716461
273	230947	1782	0.20821765308238707192778349508444
276	233485	1802	0.20819313053895857623665222035925
279	236022	1821	0.20816957342593966906463265331695
282	238560	1840	0.20814696549305075623514937888103
285	241097	1860	0.20812632605692715781486867854255
288	243635	1879	0.20810551494438511710427519574296
291	246172	1899	0.20808554430125916767657656691881
294	248710	1918	0.20806631952705514909673922829825
297	251247	1938	0.20804790286379640229519338845421
300	253784	1957	0.20803021708719543481080904712144
303	256322	1977	0.2080132112936119714863281160433
306	258859	1996	0.2079968661157408638118226917868
309	261397	2016	0.20798116001994360058091615428566
312	263934	2036	0.20796606456408855967410431730968
315	266472	2056	0.20795256820403593134294339961343
318	269022	2075	0.20793862649395353225934002239228
321	271559	2095	0.20792523028696849318741612933081
324	274097	2114	0.20791234783679679587464761425508
327	276634	2134	0.20790098601899917318824861922621
330	279172	2153	0.20788907622229238492117531222902
333	281709	2173	0.20787763226266792182528320154233
336	284247	2192	0.20786660790851202440521205971891
339	286784	2212	0.2078560176040760709703647535207
342	289328	2232	0.20784583831843086998425462752493
345	291865	2251	0.20783602527335434673183556242293
348	294403	2270	0.20782658353975339005081934828922
351	296940	2290	0.20781751523589864216745581870782
354	299478	2310	0.20780877473340703120996408870269
357	302021	2330	0.20780136699273965561474142305087
360	304565	2349	0.20779327924807119987171688535454
363	307102	2369	0.20778448221167505893802740501997
366	309640	2388	0.20777698072404396367751644447708
369	312177	2408	0.20776976363483926069086749066628
372	314715	2427	0.20776281644919544766558772153076
375	317252	2447	0.20775611503732627216578521256451
378	319790	2466	0.2077496733014067009648329076299
381	322327	2485	0.20774346858706682628081807706621
384	324865	2505	0.20773749527371251910601301915449
387	327402	2524	0.20773173220325363841354260330263
390	329940	2544	0.20772618660948066748872520292934
393	332477	2563	0.20772084691057379757239687023684
396	335015	2583	0.20771570290682059289899541454361
399	337552	2603	0.20771075085647777713759865036991
402	340090	2622	0.20770597503115478810187255476194
405	342627	2642	0.20770137974449254247844010023982
408	345165	2661	0.20769695482037831002486427678377
411	347702	2680	0.2076936873984832898631935904632
414	350240	2700	0.20768956989620970809973243831337
417	352777	2720	0.20768560874277153249778393728775
420	355314	2739	0.20768178514517435240271936436329
423	357852	2758	0.20767810608551320883385926663323
426	360389	2778	0.20767455984112551115039480009727
429	362927	2797	0.20767114146211534952968236211746
432	365464	2817	0.20766784759293888118492077410338
435	368002	2837	0.20766467315914946545341024375375
438	370546	2856	0.20766161032755761639556624231773
441	373083	2875	0.20765865904935276731180238130037
444	375620	2895	0.20765581473923128141834126836329
447	378158	2914	0.20765306899762273062925999056461
450	380695	2934	0.20765042408721276490091156574636
453	383233	2953	0.20764787287566149887041433430568
456	385770	2972	0.20764541541345302166909903007763
459	388308	2992	0.20764304600753508145416503793967
462	390845	3011	0.20764075930460415553291397827707
465	393383	3031	0.20763855625484731182162079221598
468	395926	3051	0.20763643152043617656765661649843
471	398464	3070	0.20763438110863663421667979491758
474	401001	3090	0.20763240606656338527180594155652
477	403551	3110	0.20763049928093721407940108747425
480	406089	3130	0.20762866263625751050980738909857
483	408632	3149	0.20762688886169000657133665299625
486	411170	3169	0.20762517948546785340191433988366
489	413707	3188	0.20762353012106246619161709077162
492	416245	3208	0.20762194062331243427088622865995
495	418782	3227	0.20762040621686744801266399917949
498	421320	3247	0.20761892799448017354890794194944
501	423857	3266	0.20761750044285046112868542422802
504	426395	3286	0.2076161230096421617119517577521
507	428932	3305	0.20761479531550144916884903523169
510	431470	3325	0.207613513404213773094753037185
513	434007	3344	0.20761327719966302107756916939252
516	436545	3363	0.20761208536828801296536539666704
519	439082	3383	0.20761093506559913368647585230065
522	441620	3402	0.20760982505057298808104349063797
525	444157	3422	0.20760875398824235604777754815586
528	446695	3441	0.207607721773109765717180152933
531	449232	3461	0.20760672497056656404801344706357
534	451770	3480	0.20760576277852108018073806761095
537	454307	3500	0.20760483601179458013064049737295
540	456844	3519	0.20760394047194946631762491051632
543	459382	3538	0.20760307630501292908142829674034
546	461919	3558	0.20760224210746741624333822073822
549	464457	3577	0.20760143745855627606111681870971
552	466994	3597	0.20760066193328072237100911934249
555	469532	3616	0.20759991295923688192637257543538
558	472069	3636	0.20759919015626640548255466001137
561	474607	3655	0.20759849262752616549931872214074
564	477144	3674	0.2075978195816744198420877864919
567	479682	3694	0.20759717002009148156815854235901
570	482219	3713	0.20759654327362261905243201454141
573	484757	3733	0.20759593800934331153662526503467
576	487294	3753	0.2075953535257210602615884909028
579	489832	3772	0.20759478919975932198482837520714
582	492369	3792	0.20759424465768366863116511922271
585	494907	3811	0.2075937191462805531116941892833
588	497444	3831	0.20759321259209698173897606920946
591	499988	3850	0.20759272288097010972229838898784
594	502525	3870	0.20759225082413693130867216041224
597	505063	3889	0.20759179489329879220171903853043
600	507600	3909	0.20759135490019189895782858457096
603	510138	3929	0.20759093045067830707317568794679
606	512681	3948	0.20759052011291645456481091969181
609	515219	3968	0.20759012400863663394545710616512
612	517756	3987	0.20758974171587063484167856586282
615	520294	4007	0.20758937335451874139913286398951
618	522831	4026	0.20758901679609312318497416072205
621	525369	4046	0.20758867263616215259602881815226
624	527906	4065	0.2075883407454448548179470890318
627	530444	4085	0.20758802029306344660852801098372
630	532981	4105	0.20758771083324142892045927055733
633	535519	4124	0.20758741175961920033543606223247
636	538056	4143	0.20758712335790724390349737404904
639	540594	4163	0.20758684496729953861127171421685
642	543131	4183	0.20758657606046088117679460083309
645	545669	4202	0.20758631645967354217852118836163
648	548206	4221	0.20758606576009891453438171993184
651	550744	4241	0.20758582389652244226674326910143
654	553281	4260	0.20758559017548738889757942160941
657	555819	4280	0.20758536444844077895055534099811
660	558356	4299	0.20758514668675978609435617272538
663	560893	4319	0.20758493615141282440106351714348
666	563431	4339	0.20758473285841139155394330373383
669	565968	4358	0.20758453669828599852387185364933
672	568506	4378	0.20758434715897164379860839744651
675	571043	4397	0.20758416428506354378669129800983
678	573581	4417	0.20758398774385000695730241204728
681	576118	4436	0.20758381703806969009740157616761
684	578656	4456	0.20758365213440682639500778350339
687	581199	4476	0.20758349322695998639964898302424
690	583737	4495	0.20758333935223133304148745992279
693	586274	4515	0.20758319076127731972469803167769
696	588812	4534	0.20758304714127442935911460608622
699	591349	4554	0.20758290844714979983542946229136
702	593887	4573	0.20758277452797355144831215056911
705	596424	4593	0.20758264550430871597797022332088
708	598962	4612	0.20758252061508311592241682319582
711	601499	4632	0.20758239998282265736939677935879
714	604037	4651	0.20758228364076877769939244444686
717	606574	4671	0.20758217096021150394058452093304
720	609118	4690	0.20758206224680922358238888136839
723	611655	4710	0.20758195725995437497246598468337
726	614193	4730	0.20758185571019929782643487214955
729	616737	4749	0.20758175767555431256994324940024
732	619274	4769	0.20758166302386082957553981032106
735	621811	4788	0.20758157162109180937648034159793
738	624349	4808	0.20758148335352052948898915474274
741	626886	4827	0.20758139815863982380328423005267
744	629424	4847	0.20758131560152123795681688989134
747	631961	4866	0.20758123606090950197256006504176
750	634499	4886	0.20758115895511577986276563478896
753	637036	4905	0.20758108465621968874437186514115
756	639574	4925	0.20758101277947024754233495968947
759	642111	4944	0.20758094330607904098862093178468
762	644649	4964	0.20758087621812693068790167671978
765	647186	4983	0.20758081152440568950545696225163
768	649724	5002	0.20758074894662542630996426851198
771	652261	5022	0.20758068844616828219074022854329
774	654799	5042	0.20758062987311290403802388482291
777	657336	5061	0.2075805733064712554902797592149
780	659874	5081	0.20758051868284779772899639738171
783	662411	5100	0.20758046593415435676632796457852
786	664949	5120	0.20758041488558792719842926999263
789	667486	5139	0.20758036563963286336154112632357
792	670024	5159	0.20758031794012066217902656717342
795	672561	5178	0.20758027193205919047613861039281
798	675099	5198	0.20758022746634652300201651087264
801	677636	5217	0.20758018446212012086959930456942
804	680174	5237	0.20758014291619383828724210161454
807	682711	5256	0.20758010275949626000091541300208
810	685248	5276	0.20758006393504357944834737281781
813	687786	5295	0.20758002644176964945899044323596
816	690323	5315	0.2075799901940459102345215569585
819	692861	5334	0.20757995513767102391256003102171
822	695398	5353	0.20757992127695179540580738830613
825	697936	5373	0.2075798885248571479245072168851
828	700473	5393	0.20757985682017721096315199247329
831	703011	5412	0.20757982618178535960673514182417
834	705548	5432	0.20757979659831043983686527099053
837	708092	5451	0.20757976802954675177304011413071
840	710629	5471	0.20757974039967722057475896235701
843	713167	5490	0.20757971362528931935642617645499
846	715704	5509	0.20757968774758744912034558183223
849	718242	5529	0.20757966271163502680607848560612
852	720779	5548	0.20757963854372932233083304254251
855	723317	5568	0.20757961517461551159691168777499
858	725854	5588	0.20757959256769417666355082019436
861	728398	5607	0.20757957072428021016996524394926
864	730935	5627	0.20757954960450436532326534688764
867	733473	5646	0.20757952915576949326492695035995
870	736010	5666	0.20757950938201508161995434420533
873	738548	5685	0.2075794902671483921352546531125
876	741085	5705	0.20757947177538965677356941341714
879	743623	5724	0.20757945390176874012055918683473
882	746160	5743	0.20757943662645139681899308925495
885	748698	5763	0.20757941991685160965097622920439
888	751235	5783	0.20757940372679084539697669242742
891	753773	5802	0.20757938810228915293976115208352
894	756310	5822	0.20757937295855216630613426787022
897	758854	5841	0.20757935835166888005609564515908
900	761398	5861	0.20757934417343390509635980833991
