0	0	593.55999999999994543031789362431	0.47643423974564436118583898860379
3	11497	1214.313000000000101863406598568	0.019457534555938238440830900799483
6	22995	1830.188000000000101863406598568	0.00019238128236656604208576482051285
9	34493	2449.1700000000000727595761418343	6.6840289260072793808831193018705e-06
12	45990	3065.4749999999999090505298227072	9.5929823168416916701062291394919e-08
15	57488	3684.4679999999998472048901021481	2.5778704448864431242327555082738e-09
18	68986	4304.5230000000001382431946694851	1.3393716691290080689213937148452e-10
21	80483	4926.6700000000000727595761418343	1.0034403863379282029200112447143e-10
24	91981	5547.4880000000002837623469531536	1.0001033334816611386486329138279e-10
27	103479	6168.9660000000003492459654808044	9.9991792623654873750638216733932e-11
30	114977	6790.4549999999999272404238581657	1.0000000827403709990903735160828e-10
