0	0	0	0.69314718055900481630260401288979
3	97340	2747	0.26707115427331595824966825603042
6	194680	5877	0.20882231594705091826114085051813
9	292020	9500	0.17426905936632122728902061226108
12	389360	12485	0.15160000631176204222150261102797
15	486700	15236	0.13599846539193838346193388133543
18	584040	18357	0.1245484247683519285487818706315
21	681380	21170	0.11586253821463123048207677356913
24	778720	23989	0.10907288214450787389164787555274
27	876060	27090	0.10361680209615188597016555149821
30	973400	31312	0.099153202644852223013316461219802
33	1070740	34254	0.095430526346808305926394666585111
36	1168080	37178	0.092261231030792673069029774524097
39	1265420	41281	0.08954838130926720540792018709908
42	1362760	44032	0.087213379563702481123144139019132
45	1460100	46805	0.085159139486249368911074952848139
48	1557440	49802	0.083351405367686176584030022240768
51	1654780	52787	0.081749317847787286717142762881849
54	1752120	55660	0.080314846593826733078813617794367
57	1849460	58401	0.079026744874368226589922414859757
60	1946800	61142	0.077866297361824529654761306574073
63	2044140	64111	0.076812968106633155995766060186725
66	2141480	67222	0.07585203746738231056490064929676
69	2238820	69979	0.074971923776281576556890229312557
72	2336160	72746	0.074167045154671942808199958108162
75	2433500	75496	0.073422869293051959416196439178748
78	2530840	79434	0.072735652912292156346829585800151
81	2628180	82313	0.072100258946712875163242983944656
84	2725520	85182	0.071513004672669286398978272245586
87	2822860	88004	0.070965966787030251849976991707081
90	2920200	90930	0.070453997607520177370865610555484
93	3017540	93959	0.069978620634645050113675779357436
96	3114880	96760	0.069531646590284060249764763739222
99	3212220	99659	0.069113198799270275651807082795131
102	3309560	102830	0.068720214108743071790286194300279
105	3406900	105794	0.068350129279469429288695891955285
108	3504240	108677	0.068002168591634923333621998153831
111	3601580	111471	0.067674471858982454541830975358607
114	3698920	114376	0.067363911894137318281394755103975
117	3796260	117448	0.06707465079967725452014803977363
120	3893600	120654	0.066797528751604814956088773669762
123	3990940	123719	0.066536277166033844232551075492665
126	4088280	126847	0.066287351781478334733499480080354
129	4185620	129695	0.066051081885164786289266203311854
132	4282960	132850	0.065827783313648538521256625699607
135	4380300	135625	0.06561327673388281378485942241241
138	4477640	138652	0.065410178594794143869251001888188
141	4574980	141731	0.065215657128816093002221521146566
144	4672320	144504	0.065030131064572241350596470965684
147	4769660	147250	0.064852837105192476241377619317063
150	4867000	150760	0.064684584429447120057510289825586
153	4964340	153736	0.06452288501216232874391209861642
156	5061680	156853	0.064371275900659830071504075021949
159	5159020	160429	0.064223093064734268486937196485087
162	5256360	163342	0.064081304173383160649457579438604
165	5353700	166289	0.063947514379285391727947285289702
168	5451040	170117	0.063819092442928437858284951289534
171	5548380	173737	0.063695138128011738465339419690281
174	5645720	176894	0.063575164450502624768901682728028
177	5743060	180126	0.063459880523306200217348305159248
180	5840400	182956	0.063349077341297757581806138205138
183	5937740	187135	0.063242506992193511794475568876805
186	6035080	190365	0.063140005775810234545097898717358
189	6132420	193735	0.063041441421008800882752609595627
192	6229760	196661	0.06294648930888115112569636266926
195	6327100	200236	0.062855112226882503545510871845181
198	6424440	203029	0.062768011314628252561576005064126
201	6521780	206524	0.062684023731890733954763561541768
204	6619120	210724	0.062603137769098385345678536850755
207	6716460	213474	0.062524094342573999227852254989557
210	6813800	216347	0.062449783829872124174542591390491
213	6911140	219136	0.062376044873415283087414451301811
216	7008480	222876	0.062304812399152566249060924974401
219	7105820	225932	0.062236041367759835363226983417917
222	7203160	229854	0.06216956186868033418235768294835
225	7300500	232820	0.062105234391175857810996063790299
228	7397840	235572	0.062043028717061930732423746803761
231	7495180	239069	0.061983785002809085873387573428772
234	7592520	241960	0.061925485435797046618322525546319
237	7689860	245443	0.061869054949494940720544633450118
240	7787200	248263	0.061814366943977960833223050940433
243	7884540	251281	0.061761395789356153540605731677715
246	7981880	254462	0.061711051766986595168429374780317
249	8079220	257981	0.061661296625965082707221398550246
252	8176560	260775	0.061613020971789070334700966213859
255	8273900	263895	0.06156723254446552079377497079804
258	8371240	266900	0.061523835232560865338147237935118
261	8468580	270562	0.061479749941110384270359645597637
264	8565920	273737	0.061436933182828799837604805134106
267	8663260	276492	0.061395431444299333745284741326032
270	8760600	279518	0.061355101880465660879604428146195
273	8857940	282290	0.061316891613636147206900517403483
276	8955280	285226	0.061278780473397860550921478761666
279	9052620	289405	0.061241729144071006818439428798229
282	9149960	292146	0.061205711652188764249071795120472
285	9247300	295427	0.061170705737303467108834098553416
288	9344640	298383	0.061136671287857137502275151064168
291	9441980	301122	0.061103535009521189880210556566453
294	9539320	303920	0.061071288676651049043275776284645
297	9636660	306701	0.061039904985732480746651873459996
300	9734000	309639	0.06101037606977086774628915577523
303	9831340	312557	0.060981610113818404683705409752292
306	9928680	315435	0.060954631542730383642059166504623
309	10026020	319460	0.060927430834370896461926747633697
312	10123360	322251	0.060899933034109628160468474789013
315	10220700	325132	0.060873111662035385427405032032766
318	10318040	327934	0.060847972366932935595063014488915
321	10415380	330751	0.060822470646871948374290184347046
324	10512720	333525	0.060798618383079483518116603590897
327	10610060	336333	0.060774370900650749593996380326644
330	10707400	339143	0.060750722151074652843671941582215
333	10804740	341955	0.060727654892355667493042403748404
336	10902080	344751	0.060705128268299123062146094298441
339	10999420	347617	0.060683155193153662243510382268141
342	11096760	350643	0.060661687581943311842191945970626
345	11194100	353448	0.060640738454732848183859061919065
348	11291440	356230	0.060619281825725408741067923301671
351	11388780	359062	0.060600285709115075949426909573958
354	11486120	361854	0.060580746875365285020187400277791
357	11583460	364598	0.060561672349393178005350080184144
360	11680800	367443	0.060543025264070196578281013444212
363	11778140	370241	0.060525808803002290048311806458514
366	11875480	373011	0.06050800151611735594459062781425
369	11972820	375911	0.060490594187901022826814312338684
372	12070160	378883	0.060473573229648358573484756561811
375	12167500	381959	0.06045690872121423781182514289867
378	12264840	385025	0.060441608559439870262952609891727
381	12362180	388203	0.060426674555346053530069383441514
384	12459520	391361	0.060411065336890876209530176765838
387	12556860	394554	0.060395803338062041543121694076035
390	12654200	397503	0.060380861595720751455740327173771
393	12751540	400322	0.060366246776560952835843920638581
396	12848880	404575	0.060353929768987527038071050355938
399	12946220	407548	0.060339910241699629134259907914384
402	13043560	410498	0.060326179147164121774338241266378
405	13140900	413385	0.060312735060174184342773884281996
408	13238240	416252	0.060300561101681242337502197869981
411	13335580	419806	0.060288661723229490518871642734666
414	13432920	422972	0.06027601643745553183784124939848
417	13530260	426038	0.060264627027348340038148677422214
420	13627600	428944	0.060253484692779774034576689700771
423	13724940	432491	0.060241585641322009658793490416429
426	13822280	435391	0.060230914524093535911131169768851
429	13919620	438538	0.060219482302191325306939262418382
432	14016960	441713	0.060208268491732087890344615743743
435	14114300	444887	0.060198267516014369871157896341174
438	14211640	448130	0.060187481118722865880421579731774
441	14308980	450901	0.060176902634670285940909906230445
444	14406320	453659	0.060166523824328195513277961481435
447	14503660	457350	0.060156339966736166458005641288764
450	14601000	460087	0.060146344239831048272826308220829
453	14698340	462972	0.060136540087425471856619196842075
456	14795680	465984	0.060127919438406743357639072655729
459	14893020	468867	0.060119470745076286632979645219166
462	14990360	471609	0.06011020504136521669380499588442
465	15087700	474773	0.060101100378550438574354330967253
468	15185040	477748	0.060092162903028170650721051515575
471	15282380	480560	0.060084382515161405269310535004479
474	15379720	484077	0.060075762940520707755531759630685
477	15477060	486866	0.060067294706726261088736151805278
480	15574400	489830	0.060058975712815966530033762182939
483	15671740	492895	0.060050807804961220393025200792181
486	15769080	495858	0.060042780798185257928878399980022
489	15866420	498711	0.060034896617666595741713564393649
492	15963760	501917	0.060028152616289777443459030337181
495	16061100	505056	0.060020542087024814081885892846913
498	16158440	509009	0.060013061748248795745919181854333
501	16255780	511799	0.060005709607131120508771715549301
504	16353120	514915	0.05999848064634543537421151881972
507	16450460	518499	0.059991375947890814013252480663141
510	16547800	521311	0.059984388780556188724979449489183
513	16645140	524129	0.059977522811562072879709717199148
516	16742480	527014	0.059970766430513910982824654638534
519	16839820	530020	0.059964123387151915811621449847735
522	16937160	533247	0.059957595490564299933744507598021
525	17034500	536794	0.059951173078457160869891851007196
528	17131840	539749	0.059944851518928726763490999474016
531	17229180	542765	0.059937633639653674355596280065583
534	17326520	545813	0.059931519427235228902883790169653
537	17423860	549477	0.059925501833694036490918222170876
540	17521200	552369	0.059919586659773454995203678663529
543	17618540	555388	0.059913761441917907923926378543911
546	17715880	558478	0.05990802956698265679946757700236
549	17813220	561580	0.059902390902892115043254506190351
552	17910560	564766	0.059896838247814290778769930057024
555	18007900	567798	0.059891372512014928730650353827514
558	18105240	570809	0.059885991269747425314040611965538
561	18202580	574857	0.059880692111102355734697511024933
564	18299920	577625	0.059875478063346899981755910857828
567	18397260	580796	0.059870344106614625800943940703291
570	18494600	585134	0.059865288709713922188360157861098
573	18591940	588231	0.059860309901558161893575515932753
576	18689280	591011	0.059855405521300489302127800783637
579	18786620	595148	0.059850575269482300666545881995262
582	18883960	598001	0.059845820200590982285149266317603
585	18981300	600785	0.059841135606774231714410916538327
588	19078640	603914	0.059836524942968954965394345890672
591	19175980	607016	0.059831978863174845040262539441756
594	19273320	610607	0.059827500354191376352730458165752
597	19370660	613710	0.059823089628659106842256676372926
600	19468000	617065	0.059818742800798616054969158994936
603	19565340	620135	0.059814461371188960836509096452573
606	19662680	623471	0.05981024169391466194234396880347
609	19760020	626531	0.059806083642522628318616284559539
612	19857360	629410	0.059801984076424730130128182281624
615	19954700	632783	0.059797944023704391325324536410335
618	20052040	635634	0.059793960414021220250990751310383
621	20149380	639153	0.059790033803322012451175737623998
624	20246720	642052	0.0597861656653591588828078329243
627	20344060	645867	0.059782350771777785503058311178393
630	20441400	648866	0.059778589548994572056006546745266
633	20538740	652030	0.059774881592518785966561267741781
636	20636080	654888	0.059771226773906352414122977734223
639	20733420	658144	0.059767623734045843830742228419695
642	20830760	661079	0.059764069467471030161487277609922
645	20928100	663939	0.059761564338114650518640758036781
648	21025440	667020	0.05975810707207381000660717518258
651	21122780	669907	0.059754699034842657934252230234051
654	21220120	672651	0.059751337634506303253534298391969
657	21317460	675765	0.059748021560270501983946900281808
660	21414800	678730	0.059744751555679355414785192124327
663	21512140	681757	0.059741525457601751813996315831901
666	21609480	684488	0.059738342484100356855059033023281
669	21706820	687613	0.059735203095447726717726055767343
672	21804160	690548	0.059732106363650568081613556614684
675	21901500	693669	0.059729051072743295780487216006804
678	21998840	696767	0.059726037537593958115511583173429
681	22096180	699864	0.059723064112830445693269609819254
684	22193520	702746	0.059720130214014920111420536841251
687	22290860	705642	0.059717235528647667763824102848957
690	22388200	708702	0.059714377788124314849760310153215
693	22485540	711818	0.059711558524240662682025515550777
696	22582880	714962	0.059708776601097988956379225555793
699	22680220	718068	0.059706030599873602393579119507194
702	22777560	721191	0.059703320960213100698776855779215
705	22874900	724214	0.059700645533079237103901704131204
708	22972240	727332	0.059699005092329344990265127535167
711	23069580	730519	0.059696399305731173701161651479197
714	23166920	733603	0.059693827108668828795856597935199
717	23264260	736512	0.059691287732213244021650666581991
720	23361600	739304	0.059689781181229424611434097869278
723	23458940	742069	0.059687308143687792250098311797046
726	23556280	744867	0.059684865060895257726780727125515
729	23653620	747661	0.059682453776939925482736271078466
732	23750960	750491	0.059680071968436651519418489897362
735	23848300	753243	0.05967772109372228989121467179757
738	23945640	757322	0.059675399053902726531628530892704
741	24042980	760478	0.059674107426125465314381557391243
744	24140320	763649	0.059671843892571983791750511727514
747	24237660	766610	0.059669608749399548341951771135427
750	24335000	769404	0.05966740088474172670762740722239
753	24432340	772200	0.059665220531426949035491702488798
756	24529680	775095	0.059663067820528555007530968623541
759	24627020	777918	0.059659942166254260886848470590849
762	24724360	780850	0.059657842150228623800956029299414
765	24821700	784001	0.059655768453941791784611581306308
768	24919040	787316	0.059654719681232308559071242370919
771	25016380	790485	0.059652696020199166837549853426026
774	25113720	793447	0.05965069842664381949415286499061
777	25211060	797215	0.059648724521417235966413983305756
780	25308400	801310	0.059646775246256555913504371346789
783	25405740	804199	0.059644849782276965211025299140601
786	25503080	807226	0.059642946825340638350443356330288
789	25600420	810353	0.059641067312945508782640047229506
792	25697760	813172	0.059639209837303766570393293022789
795	25795100	817165	0.059637374827498319806995397129867
798	25892440	820072	0.059635562415632267785348119559785
801	25989780	823194	0.059633771298862200960222423873347
804	26087120	826318	0.059632001428276820709228900341259
807	26184460	829132	0.059630253019596270169788709836212
810	26281800	832133	0.059629525429309861161986106026234
813	26379140	835100	0.059627817927445252166318567788039
816	26476480	837998	0.059626131090530137823790823858872
819	26573820	841126	0.059624464372253681287983084757798
822	26671160	844031	0.059622816433390048163065699782237
825	26768500	846893	0.059621188359506097076412345359131
828	26865840	849690	0.059619578804484887890602351490088
831	26963180	852472	0.059616988704077542027270908420178
834	27060520	855475	0.059615417283289111327615472646357
837	27157860	858464	0.059613863917457383945208704290053
840	27255200	861416	0.059612328612764935165113655557434
843	27352540	864342	0.05961081131611688926907888230744
846	27449880	867196	0.05960931188276082093313590348771
849	27547220	870073	0.05960782928604283631424110012631
852	27644560	873205	0.059606363922749892869656918037435
855	27741900	876321	0.059604915300829432178719713419923
858	27839240	879434	0.059603483343073034028680723395155
861	27936580	882392	0.059602067663631838612126045973127
864	28033920	885149	0.059600668690784709691232734485311
867	28131260	888269	0.059599285363790152625362850358215
870	28228600	891186	0.059597918012553804945063973264041
873	28325940	895287	0.059596566019502819622211120531574
876	28423280	898230	0.059596229323598086391466921440951
879	28520620	901000	0.059594908340146184044794352985264
882	28617960	904729	0.059593602049637164896900287658355
885	28715300	907675	0.059592310479800625344637410307769
888	28812640	910660	0.059592033816952029445790373074487
891	28909980	913402	0.059590771393588960747056404443356
894	29007320	916314	0.059589523295530806568098824982371
897	29104660	919237	0.059588289028552239579017424375706
900	29202000	922161	0.05958706838241737552275267830737
