0	0	0	0.69314718055900481630260401288979
3	19154	309	0.25941677541569702070134439964022
6	38308	580	0.20493222786255335665650534338056
9	57462	852	0.17242126428418300121414574732626
12	76616	1167	0.14975940355776307111312917186297
15	95770	1439	0.1345708573538290653281990216783
18	114924	1711	0.12354366444132836022617993876338
21	134078	2026	0.11483259995856257007496026290028
24	153232	2302	0.10839449300304443424280975705187
27	172386	2600	0.10290531511872849645961025544239
30	191540	2914	0.098518318771136120792775159316079
33	210694	3183	0.094814075528707492113156263258134
36	229848	3495	0.091627184359693275572666948391998
39	249002	3770	0.089075065637036043852958755451255
42	268156	4043	0.086772833601874557740707416542136
45	287310	4351	0.084760615758285709486763437325862
48	306464	4623	0.082975008173102104969132142286981
51	325618	4893	0.081333137318144885230530860553699
54	344772	5203	0.079981104917165965484393552742404
57	363926	5475	0.078715519849637316518453644675901
60	383080	5784	0.077583075116903155166170336087816
63	402234	6092	0.076539513817046531118926111503242
66	421388	6363	0.075551539423139663087525264018041
69	440542	6670	0.074723088305760188010395950186648
72	459696	6981	0.073933668300718846655428251324338
75	478850	7251	0.073206883668577901747021030587348
78	498004	7560	0.072525432012564797212839096118842
81	517158	7830	0.071868631261604198900982964914874
84	536312	8100	0.071308312531652554011607492157054
87	555466	8409	0.070782213812855446222194188976573
90	574620	8681	0.070283269387515556747558775896323
93	593774	8974	0.069811379656644592661685067014332
96	612928	9282	0.069345055130314012248327060206066
99	632082	9552	0.068947206723250220594678694396862
102	651236	9865	0.068571857209391587351099417446676
105	670390	10135	0.068210948260847836799314336531097
108	689544	10445	0.067867591288623921319533849327854
111	708698	10718	0.067525316268421176069125522190006
114	727852	10989	0.067232491382246989397586389713979
117	747006	11297	0.066954445457906144878457155300566
120	766160	11569	0.066682616207184533529961356634885
123	785314	11840	0.066425253603606751462429258481279
126	804468	12150	0.066162019577073030718317170340015
129	823622	12421	0.065932886622116909647317584131088
132	842776	12730	0.065723218039136402368605160972947
135	861930	13039	0.065513740962899774666894359143043
138	881084	13310	0.065313670021863154402375073459552
141	900238	13617	0.06511083139562313937265258800835
144	919392	13888	0.064932359451623622437210769930971
147	938546	14159	0.064768763802901987980398246236291
150	957700	14469	0.064602795234044163574793628868065
153	976854	14739	0.064445466725087191539600439682545
156	996008	15009	0.064282154488106049705642419667129
159	1015162	15321	0.064138042026548325313939358238713
162	1034316	15595	0.064009276347235688486847493550158
165	1053470	15904	0.063875900730123655324455000936723
168	1072624	16215	0.063748263532942106568413009881624
171	1091778	16486	0.063616051953712046684863423706702
174	1110932	16795	0.063500324613575728771586170751107
177	1130086	17103	0.063395877914391066121346796080616
180	1149240	17372	0.06328781403829150664641645107622
183	1168394	17680	0.063183883344598318343443565936468
186	1187548	17951	0.063074683214596527491835331602488
189	1206702	18221	0.062977826858912441809756899147033
192	1225856	18532	0.062893809788406890293188666873903
195	1245010	18803	0.062804768779878547557693480030139
198	1264164	19100	0.062720555645740944106236725019698
201	1283318	19409	0.062629537819740177528871072354377
204	1302472	19680	0.062548566011673731313003088416735
207	1321626	19991	0.062478880255727252401865001729675
210	1340780	20297	0.062404192373144241889892924746164
213	1359934	20568	0.062333499751904039576366756136849
216	1379088	20880	0.062257223740927208899265110630949
219	1398242	21150	0.062188338631774010833996868541362
222	1417396	21423	0.06213090634304319070935207491857
225	1436550	21730	0.062067756630949474927483322517219
228	1455704	22000	0.062007256992845177778761467379809
231	1474858	22308	0.061943767850701873800556285232233
234	1494012	22617	0.061885585849485225118371545249829
237	1513166	22888	0.061837274538420222702583828322531
240	1532320	23196	0.061783636860261878509525956815196
243	1551474	23490	0.061732267848935692966527710723312
246	1570628	23762	0.06167719599813009656585904849635
249	1589782	24071	0.061626317625824655888067127307295
252	1608936	24366	0.061585976224362515285548624888179
255	1628090	24638	0.061539061765384879543194784901061
258	1647244	24945	0.061496228946689525385327357298593
261	1666398	25216	0.061449659565169248431892867756687
264	1685552	25488	0.061405437263903774047779648981304
267	1704706	25799	0.061370766014463534743228478873789
270	1723860	26070	0.061330340595387125568471731185127
273	1743014	26380	0.061292416725129590659992828705072
276	1762168	26688	0.061251490890815357692744669293461
279	1781322	26960	0.061213025913478845418946860945653
282	1800476	27271	0.061183188898157971069569072142258
285	1819630	27582	0.061147892533028311290443923553539
288	1838784	27854	0.061115051349329346797034645533131
291	1857938	28163	0.061080553544731117088240068824234
294	1877092	28433	0.06104780282881804021055671682916
297	1896246	28706	0.061022574985845234873949038956198
300	1915400	29015	0.060992443498949111546636459024739
303	1934554	29286	0.060963818400558568433300621336457
306	1953708	29558	0.060932792951779120305122461331848
309	1972862	29866	0.060903232880136902449574876072802
312	1992016	30138	0.060881495921912262558883810470434
315	2011170	30411	0.060855314092986181884192831148539
318	2030324	30720	0.060831246266571478709117570815579
321	2049478	30990	0.060803980007161084753164459471009
324	2068632	31299	0.060777049689734650994576981020145
327	2087786	31607	0.060758077806846083612768438797502
330	2106940	31877	0.060734031746293611064846373892578
333	2126094	32186	0.060712024089123454995142736834168
336	2145248	32456	0.060689000655990706090125996752249
339	2164402	32727	0.060666200585393070809914206620306
342	2183556	33040	0.060649567378522568905641065839518
345	2202710	33314	0.060627916932693794171971291007139
348	2221864	33622	0.060608388752484351758020864053833
351	2241018	33893	0.060587043205962268221931310563377
354	2260172	34201	0.060565150384691353313559858406734
357	2279326	34512	0.060552025187924553295548690812211
360	2298480	34784	0.06053145024940020241244198473396
363	2317634	35095	0.060515161470363405815664492592987
366	2336788	35396	0.060496226369112025833540968733359
369	2355942	35667	0.060476944592435077918679553476977
372	2375096	35979	0.060464452751489504434001531762988
375	2394250	36253	0.060446928571070174252000128944928
378	2413404	36525	0.060431503604211435354276460429901
381	2432558	36835	0.060414732713356907034540910217402
384	2451712	37109	0.060396767784933358402810199550004
387	2470866	37400	0.06038755026363260697275237021131
390	2490020	37709	0.060371717368849220353155260454514
393	2509174	37979	0.060358003134103638265273161778168
396	2528328	38288	0.060343124088976678176532431052692
399	2547482	38559	0.060327560646480919703815715138262
402	2566636	38831	0.060317671772486682046920947186663
405	2585790	39140	0.060303542601333699757493178594814
408	2604944	39411	0.060291201532258073547687615700852
411	2624098	39691	0.060278830139394050380285960955007
414	2643252	40001	0.060265581330521657277277114417302
417	2662406	40273	0.06025686343526288901717435919636
420	2681560	40583	0.060245228697786201710329123670817
423	2700714	40891	0.060234138845089574276769894822792
426	2719868	41163	0.060222154783267825561843267223594
429	2739022	41474	0.060210088372865747108342304727557
432	2758176	41753	0.060201402001126856633472783641992
435	2777330	42025	0.060189825229801499628656813456473
438	2796484	42334	0.060179852873096344179071337521236
441	2815638	42605	0.060169068995054503234953813262109
444	2834792	42906	0.060156270709362164028632946610742
447	2853946	43215	0.060149416121161626558322410573965
450	2873100	43508	0.060138706065387577404113272905306
453	2892254	43819	0.060129670746131659575528516370468
456	2911408	44090	0.06011988824686313737100107346123
459	2930562	44400	0.060107878212698577502504093672542
462	2949716	44710	0.060101722183503229757217667383884
465	2968870	44981	0.06009202549142252797187424562253
468	2988024	45290	0.06008384320303427478249247428721
471	3007178	45590	0.060075099392110503648822827926779
474	3026332	45898	0.060063794384605642684427095900901
477	3045486	46208	0.060059461101772897151374053237305
480	3064640	46478	0.060050413098433848280155444854245
483	3083794	46788	0.060042987104283393473558305686311
486	3102948	47058	0.060034830769165541120013784848197
489	3122102	47328	0.060025810063022468077154059074019
492	3141256	47638	0.06002192300586287748709324318952
495	3160410	47909	0.060012383035087893401460235054401
498	3179564	48180	0.060006604006076137702851980293417
501	3198718	48491	0.059998248503982040680249099295906
504	3217872	48762	0.059989629289011789370356098061166
507	3237026	49071	0.059985250344145715772903315610165
510	3256180	49384	0.059977979103999073950959086687362
513	3275334	49657	0.059971768716019016598473001522507
516	3294488	49967	0.059966299069205829253004225165569
519	3313642	50245	0.059957067764184378277914078125832
522	3332796	50515	0.059952232213738437804906311612285
525	3351950	50822	0.059945082169754311529619172915773
528	3371104	51094	0.059939450781275355195631959759339
531	3390258	51365	0.059934469424795175362952193154342
534	3409412	51672	0.059924801718424722252187564208725
537	3428566	51943	0.059922383622843557182680029882249
540	3447720	52244	0.05991574160269098198172699198949
543	3466874	52555	0.059911545693281005597885524593949
546	3486028	52826	0.059906146776760510475057230905804
549	3505182	53135	0.059897233145347887617315763009174
552	3524336	53429	0.059894114566624342965717175957252
555	3543490	53700	0.059888859780014014333460181660485
558	3562644	54010	0.059884103301887453563168151049467
561	3581798	54280	0.059879244481159284163584999305385
564	3600952	54588	0.059871681003452657809926762411123
567	3620106	54859	0.05986785623815489565391345649914
570	3639260	55131	0.059863045830996435003878985980919
573	3658414	55443	0.059858670723715132200304367415811
576	3677568	55715	0.059854196127727944676255589229186
579	3696722	56024	0.059847224124825390556559057131381
582	3715876	56334	0.059843635982546619644928398429329
585	3735030	56605	0.059839093291690001463756232169544
588	3754184	56912	0.059835064548114651195032109853855
591	3773338	57220	0.059830939204581955193074094268013
594	3792492	57490	0.059824340510815143812095584507915
597	3811646	57801	0.059822081258523819580208424895318
600	3830800	58072	0.059816964334838157446583295495657
603	3849954	58345	0.059813262454440727089455265286233
606	3869108	58658	0.059809507035004233488351133019023
609	3888262	58933	0.059803209363296208622706728874618
612	3907416	59205	0.059801131591636087769803253877399
615	3926570	59515	0.059796332270248851725735761419855
618	3945724	59786	0.05979291552692331257468083549611
621	3964878	60058	0.059789575728173047219904390203737
624	3984032	60367	0.059783681884322835420331188061027
627	4003186	60639	0.059781732854244755415162870804124
630	4022340	60945	0.059777229000650591861365512613702
633	4041494	61255	0.059774080656571089431583487794342
636	4060648	61525	0.059771009821361568981057388327827
639	4079802	61833	0.059765349885073849878214247155483
642	4098956	62104	0.059763583645018408807558785156289
645	4118110	62377	0.059759330030030373415161903949411
648	4137264	62688	0.059756417837573766460579349768523
651	4156418	62959	0.059753594969355547372735770750296
654	4175572	63261	0.05974805132483078373706320007841
657	4194726	63570	0.059747533624872908863956411096297
660	4213880	63845	0.059743655825881640530905514197002
663	4233034	64157	0.059740935309801325436840357951951
666	4252188	64466	0.059738380439913724151423934927152
669	4271342	64737	0.059732932833352653245739816156856
672	4290496	65045	0.059731660308464024078389797978161
675	4309650	65352	0.059727985436830964560694923193296
678	4328804	65621	0.059725492630712667674330873524013
681	4347958	65930	0.059723112460870246553934492794724
684	4367112	66201	0.059718085665090236968666204120382
687	4386266	66472	0.059716927995495015790705650715608
690	4405420	66781	0.059713553607436672954200673757441
693	4424574	67053	0.05971123539154175874354990583015
696	4443728	67364	0.059709137252604675694112046357986
699	4462882	67671	0.059704252712104798062053845342234
702	4482036	67943	0.059703244861107014618273325368136
705	4501190	68251	0.059700856869476105759364514824483
708	4520344	68544	0.059698687639197618726161209679049
711	4539498	68816	0.059696715458464111314640376804164
714	4558652	69125	0.059692254423250108719134487955671
717	4577806	69408	0.05969013438475400529226178036879
720	4596960	69680	0.059688095102467690622471963024509
723	4616114	69991	0.059686090058290300341958811713994
726	4635268	70262	0.059685379420199434485905243263915
729	4654422	70536	0.059679917520381431383924564215704
732	4673576	70845	0.059678027128853179672507422992567
735	4692730	71117	0.05967727166964877788535304148354
738	4711884	71389	0.059675400393805137777558655898247
741	4731038	71696	0.059673802215067170418016928579164
744	4750192	71967	0.059669751576732349418463741130836
747	4769346	72274	0.05966787753097105989619208799013
750	4788500	72582	0.059663904215831627120270042041739
753	4807654	72853	0.0596631737375705115122848098963
756	4826808	73161	0.059661673857249769570287867281877
759	4845962	73432	0.05965686327663308891056104243944
762	4865116	73702	0.059658155377617913539545213552628
765	4884270	74009	0.059654373684884076656231854940415
768	4903424	74282	0.059653772550593904544502521503091
771	4922578	74591	0.059652494337518811862164369586026
774	4941732	74901	0.059648649392133656910175432130927
777	4960886	75172	0.059648863495155468594788317204802
780	4980040	75482	0.059646362650275168426627914186611
783	4999194	75757	0.059643886948893894139889226835294
786	5018348	76067	0.059644722475519391935439017515819
789	5037502	76341	0.059639134675608551638958942930913
792	5056656	76612	0.059639592445340429416322791666971
795	5075810	76921	0.059637064715728042851861090412058
798	5094964	77193	0.059635663948880930640417119548147
801	5114118	77463	0.059635519174639883832611531033763
804	5133272	77775	0.059631269279592460930139452557341
807	5152426	78046	0.059630787767493219353465150334159
810	5171580	78323	0.059628151638703615067260699333929
813	5190734	78635	0.059626845199734976321614965399931
816	5209888	78909	0.059625723701828135803193475794615
819	5229042	79221	0.059622744893306288405110393568975
822	5248196	79529	0.059622216728735424884355609265185
825	5267350	79800	0.059619956875266139073588078645116
828	5286504	80109	0.05961875656078134688709013744301
831	5305658	80418	0.059617912220222654684498309052287
834	5324812	80692	0.059614778694567632788547939526325
837	5343966	81002	0.059614393074092428270738253104355
840	5363120	81302	0.059612032431785581809702279088015
843	5382274	81573	0.059610915211604359464914182353823
846	5401428	81883	0.059610121089175835407125703113707
849	5420582	82152	0.059607271710166831457655689519015
852	5439736	82422	0.059607008432101732386954040521232
855	5458890	82731	0.059604677716131510001318360991718
858	5478044	83001	0.059603627899968883441239597686945
861	5497198	83311	0.059602875672987096211663526901248
864	5516352	83619	0.059600248403808162023231886905705
867	5535506	83894	0.059600005793594687530934095320845
870	5554660	84201	0.059597720583450933262703586024145
873	5573814	84494	0.05959674197440072845877168106199
876	5592968	84769	0.059596136442186545267851727203379
879	5612122	85078	0.05959437280938630066007277719109
882	5631276	85439	0.059593233390195163301505942854419
885	5650430	85747	0.059591149448124804133275489448351
888	5669584	86016	0.059590238189637323440450700218207
891	5688738	86297	0.059590710494153584231291631567728
894	5707892	86606	0.059589141823435221034799269546056
897	5727046	86878	0.059589068402027815796184739838282
900	5746200	87151	0.059586934763283895544194734839039
