0	0	0	0.69314718055900481630260401288979
3	94828	411	0.26899501821228843922995110915508
6	189656	822	0.20994382337932282478476508913445
9	284484	1231	0.17552229772843985777797115588328
12	379312	1641	0.15275867773137555283291533214651
15	474140	2050	0.1367423697660470893744388831692
18	568968	2462	0.12509929258567706322757828729664
21	663796	2871	0.11624215070052727749594367878672
24	758624	3283	0.10938766033094710072859356841946
27	853452	3692	0.10392794881362191206086720285384
30	948280	4102	0.099404388771931626034294993132789
33	1043108	4510	0.095655830186058360409262490975379
36	1137936	4918	0.092492609832111466472426286600239
39	1232764	5326	0.08975745037016671923346677886002
42	1327592	5735	0.087406255721985806617091441239609
45	1422420	6145	0.085339275734835379205733829621749
48	1517248	6554	0.083521897884228257780137028021272
51	1612076	6962	0.08190636138114805453458444617354
54	1706904	7372	0.080461725428163682893867303391744
57	1801732	7780	0.079160593475426449527887484691746
60	1896560	8187	0.077991106881843075271376619639341
63	1991388	8595	0.076927335708283958726205753464455
66	2086216	9002	0.075955829918800565891956466657575
69	2181044	9409	0.075067714275829741654710858256294
72	2275872	9819	0.074253719377151222724720014412014
75	2370700	10227	0.073505497747260714613837251363293
78	2465528	10635	0.072814270223023669359463383443654
81	2560356	11043	0.072173422621596455828196781112638
84	2655184	11449	0.07158143494113693161562395061992
87	2750012	11856	0.071029280076250950193283983935544
90	2844840	12263	0.07051401735838289108748710987129
93	2939668	12672	0.070031254567666373356260578475485
96	3034496	13079	0.069581526525385475889784459013754
99	3129324	13487	0.069161992815168715775797636524658
102	3224152	13895	0.068766554196371051932423767993896
105	3318980	14302	0.068393598430113416997144781817042
108	3413808	14709	0.068042922379800571675012577088637
111	3508636	15117	0.067713571728039489983075327472761
114	3603464	15527	0.067400675986600835920548036028777
117	3698292	15934	0.067109143724131556374423723809741
120	3793120	16340	0.066828691614388494035559062922403
123	3887948	16747	0.066564102100425057151333874116972
126	3982776	17154	0.066313138036282706644364282055903
129	4077604	17561	0.066074167585198087526698884630605
132	4172432	17970	0.065849965001989516077962605322682
135	4267260	18379	0.065635858781440167830645293634007
138	4362088	18787	0.065432251611086678089179713424528
141	4456916	19195	0.065237082050462538718171856544359
144	4551744	19602	0.065051189234776346514976808066422
147	4646572	20008	0.06487417748317281240844067724538
150	4741400	20416	0.064705356629812735280715685348696
153	4836228	20824	0.0645427395739417847364549629674
156	4931056	21230	0.064387983737586820809362109230278
159	5025884	21637	0.064239919640464410166558195669495
162	5120712	22045	0.064099169215006676636470217545138
165	5215540	22451	0.063962438502416701924246922317252
168	5310368	22861	0.063831494242490405266465813838295
171	5405196	23267	0.063705696667281319633957537007518
174	5500024	23675	0.06358512839835082919304198867394
177	5594852	24084	0.06346930521370000577441317091143
180	5689680	24494	0.06335891020537878781659912874602
183	5784508	24901	0.06325173472122613826940096259932
186	5879336	25308	0.063148821286024101051559398456448
189	5974164	25719	0.063049873890549543165029433566815
192	6068992	26125	0.062955491486043402282746228593169
195	6163820	26533	0.06286363959869646633737971797018
198	6258648	26943	0.062775166233345960908884819673403
201	6353476	27350	0.062691792252158914933168887273496
204	6448304	27758	0.062609426031318929362079472866753
207	6543132	28166	0.062529979703925042677781220845645
210	6637960	28573	0.062454386038820509929880842037164
213	6732788	28979	0.062381321344885894142340276857794
216	6827616	29386	0.062309750271189387471615361846489
219	6922444	29811	0.06224087554311485970259809619165
222	7017272	30220	0.062174071375603455480440828750943
225	7112100	30628	0.062109391875515555792031108239826
228	7206928	31036	0.062047947072880083041468424198683
231	7301756	31444	0.061987482520712081091041056879476
234	7396584	31900	0.061929071950068345642215206225956
237	7491412	32336	0.061872541063939266725579813055447
240	7586240	32756	0.0618187803587458978293867062348
243	7681068	33199	0.061765589376732953075244125784593
246	7775896	33614	0.061714140596008132400029921882378
249	7870724	34022	0.061664202658692560121700410036283
252	7965552	34431	0.061615742597187272977521388384048
255	8060380	34841	0.06156980028176278763041295860603
258	8155208	35250	0.061525194414398784448216872533521
261	8250036	35695	0.061481992817191057076886551158168
264	8344864	36101	0.061439052431972278334182391290597
267	8439692	36507	0.061397331842845549731979559737738
270	8534520	36914	0.061356819838738495265229033748255
273	8629348	37321	0.061317443556703009333030962579869
276	8724176	37762	0.061279230429868949969751668049867
279	8819004	38169	0.061242051634620736644265548420663
282	8913832	38598	0.061205925339757674685792210311774
285	9008660	39031	0.061170811355067612746783112243065
288	9103488	39461	0.061136671973608287811163819469584
291	9198316	39891	0.061103462305366756934787986210722
294	9293144	40325	0.061072118190410473737017582607223
297	9387972	40766	0.061041667792108351975333135897017
300	9482800	41198	0.061011986734417704425492701147959
303	9577628	41622	0.060984133117589697792304548329412
306	9672456	42052	0.060957091703318463937755211645708
309	9767284	42477	0.060928768632371427260707719142374
312	9862112	42920	0.06090123595959824609469279721452
315	9956940	43354	0.060874335958740533047972576241591
318	10051768	43784	0.060848180752465806653273006077143
321	10146596	44214	0.060822621586504907464920677284681
324	10241424	44648	0.060797712247925399242642896524558
327	10336252	45055	0.060774417704802310979950163982721
330	10431080	45465	0.060750738429749484570407958017313
333	10525908	45871	0.060726640829156824930024072273227
336	10620736	46279	0.060704075978819327374935710395221
339	10715564	46687	0.060682064875404999326757859989812
342	10810392	47094	0.060660572564543380202906064369017
345	10905220	47521	0.060639602247751403507614043064677
348	11000048	47928	0.060619116071046440230585261588203
351	11094876	48337	0.060599116732205034197011883634332
354	11189704	48743	0.060580597043583324368132281279031
357	11284532	49150	0.060561489891550114583740338503048
360	11379360	49689	0.060542830575140690885227456874418
363	11474188	50225	0.060524600027944373825672386146834
366	11569016	50716	0.060506781053868273489992901659207
369	11663844	51249	0.060489341589831130407972636930936
372	11758672	51760	0.060473290604904181289036557700456
375	11853500	52248	0.060457617668227693619176221773159
378	11948328	52739	0.060441353749418842700169562931478
381	12043156	53148	0.060426385891306055864191648652195
384	12137984	53568	0.060410804661823899741612819980219
387	12232812	54097	0.06039555360926922300546237920571
390	12327640	54583	0.060380615232140756598600006554989
393	12422468	55116	0.060366995992857587494118121185238
396	12517296	55647	0.060353665343744186677632512783021
399	12612124	56176	0.060339640127528147706126304683494
402	12706952	56704	0.060325909073194738940770776025602
405	12801780	57199	0.060312460214288141080452021469682
408	12896608	57915	0.060299280104783900546827624111756
411	12991436	58532	0.06028637221741752622028442942792
414	13086264	59148	0.06027471796976882623120275184192
417	13181092	59770	0.060263321712171961930248897942874
420	13275920	60391	0.060252178881993079251344624935882
423	13370748	61008	0.060240273020646675772304945439828
426	13465576	61552	0.060228593582475134504683467184805
429	13560404	62097	0.060218152282619466508784000779997
432	13655232	62640	0.060206941549779173505907436947382
435	13750060	63185	0.060195933329468091776970339878972
438	13844888	63795	0.060185177603181004568622114447862
441	13939716	64413	0.060174587482820326989063630662713
444	14034544	65015	0.060164214436450515199883426475935
447	14129372	65563	0.060155032480616814349883014756415
450	14224200	66105	0.060145037725529211514174932062815
453	14319028	66746	0.060135235008695754610474892842831
456	14413856	67373	0.060125611076896762208221502987726
459	14508684	67997	0.060116164765970307726217214394637
462	14603512	68626	0.060107893546547504215471491306744
465	14698340	69246	0.060098795615168093542379779137264
468	14793168	69879	0.060090862487067527031303626472436
471	14887996	70504	0.060083092922303842076114932524433
474	14982824	71047	0.060074483258712764455200527891066
477	15077652	71591	0.060066020940524371407587267412964
480	15172480	72208	0.060057708436909683358262412866679
483	15267308	72751	0.060049542588571973300570761011841
486	15362136	73368	0.060041523590710139945958445650831
489	15456964	73990	0.060033649138777414600021131718677
492	15551792	74537	0.060025906742958150263955729997178
495	15646620	75155	0.060018295727838406883325461649292
498	15741448	75695	0.060010819146130940648919960267449
501	15836276	76312	0.060003476833896195186124344900236
504	15931104	76927	0.05999625793314296295921650425953
507	16025932	77547	0.059989159609794291683204647824823
510	16120760	78088	0.059982179027620326217107304955789
513	16215588	78702	0.059975323034830614610246612983246
516	16310416	79270	0.059968573974147183769378699480512
519	16405244	79820	0.059961933587916731169809025914219
522	16500072	80440	0.059955405751191917507192385983217
525	16594900	81043	0.059948990260218978920470078719518
528	16689728	81693	0.059942682740042746436515130881162
531	16784556	82324	0.059936475583952736334580890797952
534	16879384	82939	0.059931366203190158947755605822749
537	16974212	83483	0.059925358252012117521445588863571
540	17069040	84026	0.059919443008374644044078394244934
543	17163868	84644	0.059913628621121442496821885015379
546	17258696	85187	0.059907907295044984796739129251364
549	17353524	85729	0.059902273571710316912852789528188
552	17448352	86269	0.059896722312651820563367266458954
555	17543180	86826	0.059891261969595072089944665094663
558	17638008	87374	0.059885889892754395891216745440033
561	17732836	87926	0.059880597185874163967955752241323
564	17827664	88473	0.059875394569541086353670067410349
567	17922492	89023	0.059870267071641211642507585111161
570	18017320	89576	0.059865219066328134722709819470765
573	18112148	90123	0.059860246179792450660350766611373
576	18206976	90721	0.059856350150915130226003668667545
579	18301804	91336	0.059851526666395475639870227269057
582	18396632	91963	0.05984678007952177331008059013584
585	18491460	92591	0.059842102386690292081805608859213
588	18586288	93210	0.059837496601422721087537581752258
591	18681116	93828	0.059832957883080198357994561320083
594	18775944	94372	0.059828489570395070040742524497546
597	18870772	94956	0.059824082952238018251467366326324
600	18965600	95582	0.059819743194376391592914643524637
603	19060428	96200	0.059815469756712334736814540292471
606	19155256	96818	0.059811254165925434311823494226701
609	19250084	97422	0.05980709919831705273507438391789
612	19344912	97969	0.059803010165895287286730308551341
615	19439740	98592	0.05979897694407897146273711541653
618	19534568	99215	0.059794998038091629055656994751189
621	19629396	99758	0.059791078657478423374893594655077
624	19724224	100245	0.05978721848603998911819701334025
627	19819052	100783	0.059783416090172104839783884244753
630	19913880	101321	0.059779659948554199344616932876306
633	20008708	101853	0.059775956878622103773945894999997
636	20103536	102340	0.059772310325998584401574476032692
639	20198364	102830	0.059768710692807279494243033468592
642	20293192	103360	0.059765162092448656516729954546463
645	20388020	103891	0.05976166255113114778030336537995
648	20482848	104507	0.059758211175499141576406003650845
651	20577676	105131	0.059754809723555339651124285182959
654	20672504	105676	0.05975145120086539779480361289643
657	20767332	106218	0.059748143575070536415161370769056
660	20862160	106836	0.059744878858922323416891231318004
663	20956988	107382	0.059741656829089877234206795719729
666	21051816	107998	0.059738477547128007727472720489459
669	21146644	108541	0.059735343523552454636504904783578
672	21241472	109169	0.059732252178406504417029765363623
675	21336300	109745	0.059729201689258715202157645762782
678	21431128	110376	0.059726193500516784606890752229447
681	21525956	110907	0.059723222345780563324879608444462
684	21620784	111443	0.059721291115344660171970758710813
687	21715612	111991	0.059718397435041821463830302718634
690	21810440	112608	0.059715544422537965296715611884792
693	21905268	113154	0.059712726204969909793440763223771
696	22000096	113770	0.059709947976001612190977141381154
699	22094924	114327	0.059707205033806477756375130638844
702	22189752	114872	0.059704497302579102868680394067269
705	22284580	115490	0.059701824649364361452530403084893
708	22379408	116036	0.059699186568728544732831409191931
711	22474236	116651	0.059696584406528016564230654239509
714	22569064	117194	0.059695015769868985111568093770984
717	22663892	117812	0.059692480308802087218822407521657
720	22758720	118372	0.059689975639676901009167409029033
723	22853548	118887	0.059687503664107480205736067091493
726	22948376	119381	0.059685064370642117170806528747562
729	23043204	119932	0.059682657004183709004152547095146
732	23138032	120463	0.059680280510412547778642533558013
735	23232860	121052	0.059677932265187444427212426489859
738	23327688	121594	0.059674613188079747572167832458945
741	23422516	122135	0.059672323701496249315212594410696
744	23517344	122753	0.059670062477634983055807538221416
747	23612172	123367	0.059667830352918761749325682330891
750	23707000	123919	0.059665626025149090527754935919802
753	23801828	124540	0.05966245033856674290229094026472
756	23896656	125158	0.059660301308099218664526830480099
759	23991484	125716	0.059658179609742720272969052075496
762	24086312	126268	0.059656082598686530071852018863865
765	24181140	126895	0.059654012085425908717972731665213
768	24275968	127520	0.059651965452617909668742157691668
771	24370796	128142	0.059649945966114413520298143112086
774	24465624	128632	0.059647949451605036808032878070662
777	24560452	129208	0.059645977496532776029880551504903
780	24655280	129757	0.05964402936131240479111781382926
783	24750108	130303	0.059642104726297516525956865507396
786	24844936	130850	0.05964020393604546610433203568391
789	24939764	131394	0.059638327039315465472046895456515
792	25034592	131931	0.059636471917403781339839241582013
795	25129420	132542	0.059634639188553467681330744198931
798	25224248	133158	0.05963382953360418792243535790476
801	25319076	133703	0.05963204144843982368318080489189
804	25413904	134252	0.059630273085261836785164746288501
807	25508732	134801	0.059628526019170347005626808822853
810	25603560	135342	0.059627800219341581255960704766039
813	25698388	135882	0.059626094631146306368485454640904
816	25793216	136501	0.059624408541138547434901084898229
819	25888044	137115	0.059622744239672877120117533422672
822	25982872	137656	0.059621097713714515942129423820006
825	26077700	138254	0.059619470780963218503600842268497
828	26172528	138870	0.059617862555100993582346546872941
831	26267356	139405	0.059617273971708087398901909637061
834	26362184	139942	0.059615705855483112907133858016095
837	26457012	140522	0.059614154850000121432795907594482
840	26551840	141061	0.059612620442768438078218196096714
843	26646668	141600	0.05961110392729827844870982289649
846	26741496	142207	0.059609605441673721437645383502968
849	26836324	142789	0.059609123909343399161375742778546
852	26931152	143361	0.059607659667817405879652881139918
855	27025980	143900	0.059606214079715010012439080355762
858	27120808	144443	0.059604782690095121922002618930492
861	27215636	144982	0.059603367941509881322570407746753
864	27310464	145698	0.05960196938272316335982736745791
867	27405292	146304	0.059600587625417020265494727482292
870	27500120	146918	0.059599220761176574523432236674125
873	27594948	147535	0.059597870586137149939709445334302
876	27689776	148086	0.059596535923312127236428636933852
879	27784604	148638	0.059595215705158424701615160756774
882	27879432	149176	0.059593910112025957892534222537506
885	27974260	149715	0.0595926198367566634095382482883
888	28069088	150255	0.059591343058449090797079605863473
891	28163916	150871	0.059591080866238155255842912083608
894	28258744	151412	0.059590833257442597792330474248956
897	28353572	152026	0.059589599920414862421758073196543
900	28448400	152639	0.059588379866654578309592693585728
