0	0	0	0.69314718055900481630260401288979
3	94514	217	0.27470475323149240454156938540109
6	189028	432	0.21360259773518874837350267625879
9	283542	648	0.1780464243830470194573933895299
12	378056	864	0.1541374496424025575258553999447
15	472570	1081	0.13766864349196794581331459994544
18	567084	1301	0.12588254737088719337201325743081
21	661598	1517	0.11666845330176958683843224662269
24	756112	1735	0.10972464478067343873757266692337
27	850626	1950	0.10410128452343420102366167157015
30	945140	2167	0.099482970870553383280210368866392
33	1039654	2382	0.095666801456097086409080532121152
36	1134168	2601	0.092413503975592253825155353297305
39	1228682	2820	0.089662025590745209058241016464308
42	1323196	3039	0.087289472461119704815857289759151
45	1417710	3268	0.085199643810710559699295174596045
48	1512224	3483	0.083362966932034696099229620358528
51	1606738	3696	0.081742965831032673995615311923757
54	1701252	3915	0.080307167397743225989437121370429
57	1795766	4132	0.079014575119373292588775825606717
60	1890280	4348	0.077845457394606507040002441044635
63	1984794	4563	0.076782597221543097409934830466227
66	2079308	4779	0.075812250942255868246810734945029
69	2173822	4997	0.074924214703060570963444320113922
72	2268336	5209	0.074117469268317151542824205989746
75	2362850	5426	0.073371983137023116805508493598609
78	2457364	5640	0.072683057562597935818970995569543
81	2551878	5858	0.072046104461045368250182718838914
84	2646392	6072	0.071457139601334193623749513335497
87	2740906	6286	0.070906328236554586053053128580359
90	2835420	6504	0.070393604926468011928619716854882
93	2929934	6722	0.069914967720332787948223085550126
96	3024448	6940	0.069468063615005209987529610771162
99	3118962	7166	0.069052665141056054909363126625976
102	3213476	7382	0.068661005582163966987074843473238
105	3307990	7597	0.068292402535256035989164047350641
108	3402504	7811	0.067946375058564920101922268713679
111	3497018	8026	0.067619043222359440092894544704905
114	3591532	8241	0.067308997801914668968059629605705
117	3686046	8455	0.0670170186066779971501006230028
120	3780560	8667	0.066740777811240145633853160234139
123	3875074	8888	0.066481427934733855478199870958633
126	3969588	9100	0.066232836637489009290469255120115
129	4064102	9315	0.065996122493853892621018530917354
132	4158616	9531	0.065773720805867658123489150057139
135	4253130	9759	0.065560694791019516469710026740358
138	4347644	9974	0.065356934911868808102397565562569
141	4442158	10189	0.065163252358250517426441206225718
144	4536672	10404	0.064978015280580808665789049882733
147	4631186	10618	0.064803599064814434993486713665334
150	4725700	10833	0.064634869992205912225813335680868
153	4820214	11051	0.064474646611662245199170229170704
156	4914728	11266	0.064320838905202321056364667128946
159	5009242	11482	0.064174669872151715588337594908808
162	5103756	11696	0.064034913838019680287771961957333
165	5198270	11909	0.063900591809595369552354782172188
168	5292784	12125	0.063770643839111407213948723438079
171	5387298	12349	0.063646585273764169632393361553113
174	5481812	12552	0.063527017424813800317018319674389
177	5576326	12755	0.063413331589951660305359837366268
180	5670840	12959	0.063303830171694316919506206886581
183	5765354	13162	0.063198790886426617352533696703176
186	5859868	13366	0.063096795673851097108197905072302
189	5954382	13570	0.062998976487978988747507003154169
192	6048896	13774	0.062905555359057035991199313684774
195	6143410	13978	0.062814645905341817688771755001653
198	6237924	14181	0.062727398742072212889375748545717
201	6332438	14385	0.062644926856954399885246687063045
204	6426952	14589	0.062563477011149934425837670914916
207	6521466	14792	0.062485923843988717962805168326668
210	6615980	14997	0.062410066975057500171519819787136
213	6710494	15200	0.062336980284965044785128185367284
216	6805008	15404	0.062266792123355431398668002884733
219	6899522	15607	0.06219963617196176686174879932878
222	6994036	15810	0.062133784837562662517473910384069
225	7088550	16014	0.062070136118300929528590614836503
228	7183064	16218	0.062008412276082301717305966803906
231	7277578	16422	0.061948830195741433346512394564343
234	7372092	16625	0.061892122106383541668694903137293
237	7466606	16828	0.06183730714749074292013730769213
240	7561120	17032	0.061784148156787552230717608381383
243	7655634	17235	0.061731684725092210441754758676325
246	7750148	17439	0.06168207371984531228736869934437
249	7844662	17643	0.061634992236116632746689703026277
252	7939176	17846	0.061587279937482274083659916641409
255	8033690	18050	0.061540964267221089090131869170364
258	8128204	18253	0.061496220880663032826163316713064
261	8222718	18457	0.061452606469675589984102970220192
264	8317232	18660	0.061410253807861296670989048607225
267	8411746	18865	0.061369290039953415527573810095419
270	8506260	19068	0.06132951506051739082314711026811
273	8600774	19271	0.061290821949197028806199938344434
276	8695288	19474	0.061253216470479508737323470768388
279	8789802	19678	0.061216618779797678240317537756709
282	8884316	19881	0.061181028597995304463275090256502
285	8978830	20084	0.061146446993997127794528978483868
288	9073344	20288	0.061112904430497411167877430671069
291	9167858	20491	0.06108025186333626566081989039958
294	9262372	20694	0.06104843454435098654142777263587
297	9356886	20898	0.061017432278244354559859630171559
300	9451400	21102	0.060988297451988457420490874483221
303	9545914	21308	0.060958987411995811667164701930233
306	9640428	21511	0.060930380194181503472616867611578
309	9734942	21715	0.060903478750374190342498081918166
312	9829456	21920	0.060878415771976647496988022112419
315	9923970	22123	0.060851936884747472034096205106835
318	10018484	22327	0.060826115309816485010596665006233
321	10112998	22530	0.060802992714826503695135784255399
324	10207512	22733	0.060779431122270841103549798845052
327	10302026	22937	0.060754526016547183431271150766406
330	10396540	23140	0.060731197093080793725228261337179
333	10491054	23343	0.060708454816663127984188719210579
336	10585568	23549	0.060686243362533011380666181366905
339	10680082	23754	0.060664575707307849539162702967587
342	10774596	23957	0.060644405731821476868148579342233
345	10869110	24162	0.060623775339335855827371801751724
348	10963624	24368	0.060603588858296190966523653287368
351	11058138	24571	0.060583861344521816594266283573234
354	11152652	24774	0.060564643796908845807536181382602
357	11247166	24978	0.060545842055508142243169800167379
360	11341680	25183	0.060528484860584465254706998393885
363	11436194	25386	0.06051054240842194953398092138741
366	11530708	25590	0.060493002988719582480037217919744
369	11625222	25794	0.060475844326225103309013775287895
372	11719736	26000	0.060460055493533587656074246297067
375	11814250	26202	0.060443701761808910077888867817819
378	11908764	26406	0.060427670958776075194052168626513
381	12003278	26610	0.06041196861673207851861633344015
384	12097792	26815	0.060396601579449919749986719352819
387	12192306	27018	0.060383584741079590618717531924631
390	12286820	27222	0.060368878445765945806034125098449
393	12381334	27426	0.060355499163454978672760375957296
396	12475848	27629	0.060341391643307464021095398720718
399	12570362	27834	0.060328594398961501998890355480398
402	12664876	28037	0.060315071124097785482121025779634
405	12759390	28241	0.060301842056021494331563559399001
408	12853904	28443	0.060289873611229664873700784255561
411	12948418	28647	0.060277165560457951487549621560902
414	13042932	28851	0.060264717143158251511092515784185
417	13137446	29056	0.060253523561877755931881495143898
420	13231960	29259	0.060242584791284942147271408430242
423	13326474	29463	0.060230883142323096701709062017471
426	13420988	29666	0.060219406414124904136642157936876
429	13515502	29869	0.060209160241844535133015625660846
432	13610016	30074	0.060198117935043010673368257812399
435	13704530	30278	0.06018829393952241507692590971601
438	13799044	30481	0.06017768055056169768102236616869
441	13893558	30684	0.060167280916272478097361897653172
444	13988072	30887	0.060157064799246130759602380067008
447	14082586	31090	0.06014704900762209843767536199266
450	14177100	31294	0.060137226702214038875915491644264
453	14271614	31499	0.060127587747462962752820203604642
456	14366128	31703	0.060118123198215439595415432449954
459	14460642	31906	0.060108834358206006398539500423794
462	14555156	32110	0.060099736038396515958037724658425
465	14649670	32314	0.060090793813390185051925840298281
468	14744184	32517	0.060082009467050591366987788433107
471	14838698	32720	0.06007438672300611376408951969097
474	14933212	32923	0.06006591962516168170527208758358
477	15027726	33127	0.060058598485064049188331125606055
480	15122240	33331	0.06005042138222142777959078330241
483	15216754	33535	0.060042393623552473003179841271049
486	15311268	33738	0.060034506643949145376915055294376
489	15405782	33942	0.06002677124461224672513637301563
492	15500296	34146	0.060019171344659477673744163439551
495	15594810	34349	0.060011685632644598542562164311676
498	15689324	34552	0.060004329301856923484237427146581
501	15783838	34755	0.059997106465969680944017028423332
504	15878352	34958	0.05999100731797695623681576648778
507	15972866	35161	0.059984016972137323142622022942305
510	16067380	35364	0.059977155985350395772659481963274
513	16161894	35567	0.059970411729157603597517578464249
516	16256408	35771	0.05996377265514399312884563642001
519	16350922	35974	0.059957242129906641869840910885614
522	16445436	36179	0.059950830080937739241520034738642
525	16539950	36382	0.059944521666350440713966207795238
528	16634464	36586	0.059937311900314739487871662504404
531	16728978	36789	0.059932197213088810039405274210367
534	16823492	36992	0.059926182896722794690713698173568
537	16918006	37196	0.05992027184511100612596123937692
540	17012520	37400	0.059914462808458773812603226360807
543	17107034	37603	0.059908734242118080737249385947507
546	17201548	37808	0.059903103137152045876145933789303
549	17296062	38011	0.059897560072748184945012894786487
552	17390576	38215	0.05989211182782466780238905812439
555	17485090	38418	0.059886736571703166887026270615024
558	17579604	38621	0.059881446720224794366682630197829
561	17674118	38824	0.059876238107746185268531746714871
564	17768632	39027	0.059871111499492070395778142710697
567	17863146	39231	0.059866057341379147471727151241794
570	17957660	39434	0.05986108916321340039923271092448
573	18052174	39638	0.059856189615633950684703279421228
576	18146688	39841	0.059851363876351773574135961553111
579	18241202	40044	0.059846613012513392992897109934347
582	18335716	40250	0.059841940568034046599166231317213
585	18430230	40455	0.059837328731074633514364080610903
588	18524744	40658	0.059832786793921899359816052310634
591	18619258	40861	0.059828313211454535458511116985392
594	18713772	41065	0.059823910791008641507637833001354
597	18808286	41268	0.059819571628445637745397078788301
600	18902800	41473	0.059815293715214219727460687181519
603	18997314	41676	0.059811084227899484477841696161704
606	19091828	41879	0.059806933033365552998539271811751
609	19186342	42082	0.059802841707369255863646628768038
612	19280856	42287	0.059798805630881177175517393607151
615	19375370	42493	0.059794831063043590857475351185712
618	19469884	42697	0.05979090844324340403570516855325
621	19564398	42901	0.059787044067260652902007223019609
624	19658912	43103	0.059783232149256237963896865039715
627	19753426	43307	0.05977947691166172333732120591776
630	19847940	43510	0.059775774177654075747234685422882
633	19942454	43713	0.059772124429024367509022397371155
636	20036968	43917	0.059768528514188228040193706647187
639	20131482	44120	0.059764983140699397268225112611617
642	20225996	44324	0.059761485983200211824506453694994
645	20320510	44527	0.059758038137834472436349386725851
648	20415024	44730	0.05975563509852632737562316833646
651	20509538	44934	0.05975327884572866760093390325892
654	20604052	45137	0.059749969475832775955836950743105
657	20698566	45340	0.059746700360397947404678120619792
660	20793080	45546	0.059743481378369156509222648310242
663	20887594	45751	0.059740304088983314789729206495394
666	20982108	45954	0.059737169416131247201562359805393
669	21076622	46157	0.05973407572271919457884692405969
672	21171136	46361	0.059731021598662843719029780231722
675	21265650	46563	0.05972800895251394182050574954701
678	21360164	46767	0.059725036966457242804118266121804
681	21454678	46970	0.059722105377831423422829715264015
684	21549192	47174	0.059719213886770421140237630197589
687	21643706	47380	0.059716361346397295317700582018006
690	21738220	47583	0.059713542042538092502468316524755
693	21832734	47788	0.059711763416007292148979246348972
696	21927248	47991	0.059709018730294848020800912991035
699	22021762	48195	0.059706310049183607124856365544474
702	22116276	48399	0.059703635391821108235888004855951
705	22210790	48601	0.059700996065263217671414963660936
708	22305304	48804	0.059698392235820081641595180599325
711	22399818	49008	0.0596958206853349868103997266644
714	22494332	49211	0.059693282306041713092259470840872
717	22588846	49414	0.059690776363914101187990723929033
720	22683360	49618	0.059688303806414433339000424894039
723	22777874	49821	0.059685867509680787246217903430079
726	22872388	50025	0.059683456255005921942125013401892
729	22966902	50229	0.059682077399268861073178271681172
732	23061416	50433	0.059679726349281182751216334736455
735	23155930	50637	0.059677405708859376787245309969876
738	23250444	50840	0.059675116212752704614175058850378
741	23344958	51043	0.059672854938558214654698019785428
744	23439472	51249	0.059671619568483241780043613289308
747	23533986	51453	0.059668413000050816996644442724573
750	23628500	51659	0.059666234951955325616079761630317
753	23723014	51863	0.059664083392852888809709810402637
756	23817528	52068	0.059661960293926417919774252140996
759	23912042	52271	0.059660860780233276878803394538409
762	24006556	52475	0.059658785298001969221726170644615
765	24101070	52678	0.059656737226398581785957730971859
768	24195584	52882	0.05965471347871754287384149506579
771	24290098	53089	0.059652715039442971711736163342721
774	24384612	53292	0.059650740286547231094882448587668
777	24479126	53495	0.059648793404501507242621016757766
780	24573640	53699	0.059645865655398894178418345290993
783	24668154	53902	0.059643960857619721105393750804069
786	24762668	54106	0.059642083055996115981134408912112
789	24857182	54310	0.059640228175272709532084292050058
792	24951696	54513	0.059638392076627744220473914538161
795	25046210	54716	0.059636577322393975741920968403065
798	25140724	54920	0.05963478489610234828388612982053
801	25235238	55124	0.059633013204236834381433141061279
804	25329752	55328	0.059631263111393821574335305513159
807	25424266	55531	0.059629537133337892629292298352084
810	25518780	55734	0.05962782883158613406182624316898
813	25613294	55940	0.059626140795034650310402213335692
816	25707808	56144	0.059624471514861235310611675686232
819	25802322	56349	0.05962282193570854482711496302727
822	25896836	56552	0.05962119424042973403476963767389
825	25991350	56755	0.059619582899872729242485291933917
828	26085864	56974	0.059617991041201592872234016340371
831	26180378	57178	0.059616416934436936014840568986983
834	26274892	57382	0.059614861828337688265389004982353
837	26369406	57585	0.05961332508445243982819761185965
840	26463920	57788	0.059611806348570411939746804819151
843	26558434	57992	0.059610304680304253277522974485692
846	26652948	58195	0.059608820466442190288969271705355
849	26747462	58399	0.05960735243638176639180414895236
852	26841976	58603	0.059605902340043565024174654354283
855	26936490	58806	0.059604468468634652644766447338043
858	27031004	59010	0.059603050793032685827910199805046
861	27125518	59213	0.059601650280992346520037017398863
864	27220032	59416	0.059600264914961856299591147489991
867	27314546	59619	0.059598894812636409035189188898585
870	27409060	59823	0.059597542888680750394758689481023
873	27503574	60027	0.059596203022691980610847650723372
876	27598088	60231	0.059594879068030605362427110094359
879	27692602	60434	0.059594569904605217136595030069657
882	27787116	60637	0.059593275850840878027359082125258
885	27881630	60841	0.0595919955942462858944352888102
888	27976144	61045	0.059590729905868250471101532639295
891	28070658	61249	0.059589479617127197319526032970316
894	28165172	61453	0.059588242400999788528359601968987
897	28259686	61657	0.0595870192871001125300978173982
900	28354200	61861	0.059585809463102663852129836641325
