0	0	0	0.69314718055914625871594125783304
3	2212	1	0.50773406370657214736752393946517
6	4425	2	0.42308782797827443333815722326108
9	6638	4	0.37987607599949624326285402275971
12	8851	5	0.35530754264419694976595565094613
15	11063	6	0.33978833320289902886202071385924
18	13276	8	0.32925064560099392974024112845655
21	15489	9	0.3216690914049599725466066502122
24	17702	11	0.31584922915948593358237417305645
27	19914	12	0.31123653617806307236648422076541
30	22127	13	0.30740407193763952253817706150585
33	24340	15	0.30413992477633078337362348975148
36	26553	16	0.30126561103142102115981515453313
39	28765	17	0.29867286329249465026691723323893
42	30978	18	0.29629370709849461862361863495607
45	33191	19	0.29407922397508601264348726544995
48	35404	21	0.29200644170043255076762989119743
51	37616	22	0.29002979181482191339824794340529
54	39829	23	0.28814392993714826873841161614109
57	42042	24	0.28633673346451471442009051315836
60	44255	26	0.28459596130177644557335270292242
63	46467	27	0.28291428162633774912038120419311
66	48680	28	0.28128113936513721160537215837394
69	50893	29	0.27969688177428181363737280662463
72	53106	31	0.27815956147467740811052294702677
75	55319	32	0.27666469498852103159336479620833
78	57531	33	0.27520492719357975142102645804698
81	59744	35	0.2737841730283949170932089600683
84	61957	36	0.27239941915858711940501279968885
87	64170	37	0.2710488127212870579363368506165
90	66382	38	0.26973285462020590852461054964806
93	68595	40	0.26844801211566438059463735044119
96	70808	41	0.26719553470107271220257416644017
99	73021	43	0.26597513928226401702659131842665
102	75233	44	0.26478541541035022222061456886877
105	77446	46	0.26361856025494834199207616620697
108	79659	47	0.26248696498120382969432284880895
111	81872	48	0.26137726832055585557412769048824
114	84084	50	0.26030253177065676428725282676169
117	86297	51	0.25924541940698098141382388348575
120	88510	53	0.25821716126271293534344408726611
123	90723	55	0.25720945238027143053827217045182
126	92935	56	0.25622509681819455318319000980409
129	95148	57	0.25526744822333302664674192783423
132	97361	59	0.25433200960880275598441357942647
135	99574	60	0.25341736114923402167775634552527
138	101786	62	0.25252569248351536268515360461606
141	103999	63	0.25165245345689596367932949760871
144	106212	64	0.25080344914838542669244247917959
147	108425	66	0.2499711009872774003515161211908
150	110638	67	0.24915979896007645066902114194818
153	112850	68	0.24837036651252103469644794131455
156	115063	70	0.24759618332374672133866511103406
159	117276	71	0.24684099796083075473163148672029
162	119489	72	0.24610195711133373008827618377836
165	121701	74	0.24538180386184621495360147491738
168	123914	75	0.24467789935984379789957188222616
171	126127	76	0.2439908266685323068312385430545
174	128340	77	0.24331786138827662946404473132134
177	130552	78	0.24266109353330281295235693050927
180	132765	80	0.24201991499617128700272417063388
183	134978	81	0.24139247789102641350567068911914
186	137191	82	0.24078168240726499638171276274079
189	139403	84	0.24018263573172410341172167136392
192	141616	85	0.2395985156266662030599690069721
195	143829	86	0.23902627795467992766198506160435
198	146042	88	0.23846780602356720812906587525504
201	148254	89	0.23792184926912415821043111918698
204	150467	91	0.23738778013028535851525191446854
207	152680	92	0.23686602776475126908017898585967
210	154893	94	0.23635549806420871887802093169739
213	157105	95	0.23585604816979696685130818423204
216	159318	96	0.23536770065896900350210785290983
219	161531	98	0.23489015922985803652700553811883
222	163744	99	0.23442280565498779809630036652379
225	165957	101	0.23396588090903305823253788275906
228	168169	102	0.23351823927314108164665640288149
231	170382	103	0.23307994608135060299325402866089
234	172595	105	0.23265153456399731424220078679355
237	174808	106	0.23223221359876072833472449019609
240	177020	108	0.23182310347481691059634556495439
243	179233	109	0.23142175022397729056145010417822
246	181446	111	0.23102841888394395897243782656005
249	183659	113	0.23064412495460104302047454893909
252	185871	115	0.23026829366362103201915090266994
255	188084	117	0.22989894266567315050941999743372
258	190297	119	0.2295380463911082524752771405474
261	192510	121	0.22918429405784734864681695398758
264	194722	123	0.22883710885254646139053136266739
267	196935	125	0.22849769056892774155009817604878
270	199148	127	0.22816564892160384747654688908369
273	201361	129	0.22784001693391914278308263419603
276	203573	131	0.22752077281985932932784066906606
279	205786	133	0.22720775991582942143764967113384
282	207999	134	0.22690158142760649684355200861319
285	210212	136	0.22660178650525200638732314928347
288	212424	138	0.22630746183564598439375004090834
291	214637	140	0.22601804167964237302079766323004
294	216850	141	0.22573482208671727389237560146285
297	219063	143	0.22545679928531445201933536282013
300	221276	145	0.22518427216647060595811069561023
303	223488	147	0.2249169291181683516533951205929
306	225701	148	0.22465517370333545899008242940909
309	227914	150	0.22439799572686505713114968330046
312	230127	151	0.22414624382173725658518037562317
315	232339	153	0.22389870744192183482645930325816
318	234552	155	0.2236560284935568965192231871697
321	236765	156	0.22341768269024170345815605287498
324	238978	158	0.22318440720300569690692782387487
327	241190	159	0.22295495696370570826161383592989
330	243403	160	0.22272978604084664455697861740191
333	245616	162	0.22250900570367954101058671767532
336	247829	163	0.22229217368887785322151273703639
339	250041	164	0.22207991069929758354284388133237
342	252254	166	0.22187111867689418565063874666521
345	254467	167	0.22166643028016683181213863917947
348	256680	169	0.22146527193337237071624201689701
351	258892	170	0.22126777523394094981945556810388
354	261105	171	0.22107352040349781407968521307339
357	263318	173	0.22088315972202390846668151880294
360	265531	174	0.22069602216787775894601963955211
363	267743	176	0.2205120262259378238756113432828
366	269956	177	0.22033122280614381161001347209094
369	272169	179	0.22015338892573069196068047403969
372	274382	180	0.21997934909324315388978732244141
375	276595	181	0.21980785078128936560482031836727
378	278807	183	0.21963936283892082634849884925643
381	281020	184	0.21947362725202809730085107275954
384	283233	185	0.21931123119480963601368728177476
387	285446	186	0.21915113860752113983387800999481
390	287658	188	0.2189939992761122389275385557994
393	289871	189	0.21883958062691330481719376166438
396	292084	190	0.21868770246567373338741901989124
399	294297	191	0.21853861328440984945764569147286
402	296509	193	0.2183921277311704489676458251779
405	298722	194	0.2182477815359334938349888943776
408	300935	195	0.21810583605520905692287669808138
411	303148	197	0.21796638298762466279256955203891
414	305360	198	0.2178293546387344015169418298683
417	307573	199	0.21769427048515652134419440244528
420	309786	200	0.21756146499971559804542664551263
423	311999	202	0.21743064690035079911112347872404
426	314211	203	0.21730197366689518734261810095632
429	316424	205	0.21717564947230502681030372968962
432	318637	206	0.21705117812021476608741465952335
435	320850	207	0.21692875644680548186116197939555
438	323062	209	0.21680818293926951145778048157808
441	325275	210	0.21668959221870587317226863888209
444	327488	212	0.21657287838819755387831378357077
447	329701	213	0.2164581701603797980748566942566
450	331914	215	0.2163450489932790266056628070146
453	334126	216	0.21623388137269117237337923143059
456	336339	217	0.21612437980757787103769373970863
459	338552	219	0.21601650400721719713637014592678
462	340765	220	0.21591048884335981017379424429237
465	342977	222	0.21580615888587648121266227008164
468	345190	223	0.21570337486381105374100286553585
471	347403	225	0.21560206110295979109459096889623
474	349616	226	0.21550249756677508639057805339689
477	351828	227	0.21540424651809192413409732580476
480	354041	228	0.21530744974436138994278167047014
483	356254	229	0.21521216567318138257469684049283
486	358467	231	0.21511854458337084650132453589322
489	360679	232	0.21502616190382264904634723734489
492	362892	233	0.21493523530544686450660663012968
495	365105	234	0.21484559771109235093433653673856
498	367318	236	0.21475719902006096262425671739038
501	369530	237	0.21467020360752286922689791026642
504	371743	238	0.21458443654661568666952575767937
507	373956	239	0.2144999352714257179197687719352
510	376169	241	0.21441678886090143052456369332504
513	378381	242	0.21433483699462524407763908129709
516	380594	243	0.21425405043745066047122804775427
519	382807	245	0.21417440411416252543652660733642
522	385020	246	0.21409596677124129171509991920175
525	387233	247	0.2140186272845451265212091129797
528	389445	248	0.21394245549459633970457161922241
531	391658	250	0.21386737294002031162243326889438
534	393871	251	0.21379328685770082607575659494614
537	396084	253	0.21372021421759937465090217756369
540	398296	254	0.21364824417662617306312711207283
543	400509	256	0.21357725178094658091687563228334
546	402722	257	0.21350729891222694489805178363895
549	404935	258	0.21343831049333636395992641610064
552	407147	260	0.21337037054769894539596464255737
555	409360	261	0.21330332993971143351608077409765
558	411573	263	0.2132372065904356572829669858038
561	413786	264	0.21317201949510317104952150657482
564	415998	265	0.21310767510741082664260659385036
567	418211	267	0.21304426288313055293244246968243
570	420424	268	0.21298168214032642264754713323782
573	422637	270	0.21291992135058052104668036008661
576	424849	272	0.21285907135973070047896271717036
579	427062	274	0.21279907229580463656759548030095
582	429275	276	0.21273988549919065071946988609852
585	431488	278	0.212681508108036071424962187848
588	433700	280	0.21262385125993507606345644944668
591	435913	282	0.21256701363833660489710553065379
594	438126	284	0.2125109140251905115448494143493
597	440339	286	0.21245555929259105076845060011692
600	442552	288	0.21240092632555707119479393440997
603	444764	290	0.21234706331650349264705823770782
606	446977	292	0.21229390463693953439161532514845
609	449190	294	0.2122414120144646976218183453966
612	451403	296	0.21218966711969861060893549620232
615	453615	297	0.21213852430515844904590494479635
618	455828	299	0.21208811237144814532129544204508
621	458041	301	0.21203838851550937949497210865957
624	460254	302	0.21198923985376369460986722970119
627	462466	304	0.2119407524795628716685058634539
630	464679	306	0.21189290603908009225087027971313
633	466892	307	0.21184566452087316701380359518225
636	469105	309	0.21179906727017325240858269808086
639	471317	311	0.21175304906063216470180066153262
642	473530	312	0.21170756204664942234927593744942
645	475743	314	0.21166271527710250888176801709051
648	477956	315	0.21161847000224062731454921504337
651	480168	317	0.21157472676085767315790064913017
654	482381	318	0.21153157083154736084473768187308
657	484594	320	0.2114889301144130540066612411465
660	486807	321	0.21144683262831101555612178799493
663	489019	323	0.21140528356931953535280399592011
666	491232	324	0.21136424100626727273777305526892
669	493445	325	0.21132367958789075035319626749697
672	495658	327	0.2112836525242209884112298823311
675	497871	328	0.21124415356044384806111224861525
678	500083	330	0.21120510274672932293782423585071
681	502296	331	0.21116653164501966721822157069255
684	504509	333	0.21112845944848412926830860669725
687	506722	334	0.21109082823045288712648925866233
690	508934	336	0.21105366329816910297978438393329
693	511147	337	0.21101695997973801688374351215316
696	513360	338	0.21098070900766227597777913160826
699	515573	340	0.21094488180015549816381792425091
702	517785	341	0.21090951662600454508122993502184
705	519998	342	0.21087455599893950575207668407529
708	522211	343	0.21084000513948697452804026397644
711	524424	345	0.2108059217164227894247829908636
714	526636	346	0.21077221543934884784299299553822
717	528849	348	0.21073891747543832542177710820397
720	531062	349	0.21070601126191584873126316779235
723	533275	350	0.21067349427115172888491656522092
726	535487	351	0.21064138162967821488180675260082
729	537700	353	0.2106096261451481377324768118342
732	539913	354	0.21057828516258841888841857326042
735	542126	355	0.21054727242928547581435338997835
738	544338	356	0.21051665166124472472475304130057
741	546551	358	0.21048640807157914522917963040527
744	548764	359	0.21045650496006698682016633483727
747	550977	360	0.21042694548805063181617924783495
750	553190	361	0.21039775426521092893672459922527
753	555402	363	0.21036887239625925993813382319786
756	557615	364	0.210340318868435710575326424987
759	559828	366	0.2103121042750062674731026390873
762	562041	367	0.21028421351298126618090122974536
765	564253	369	0.21025662950542861606706424026925
768	566466	370	0.21022938913508776304084335606603
771	568679	371	0.21020247088809090874050866659672
774	570892	373	0.21017583895253727499508045184484
777	573104	374	0.21014953158977967007103870855644
780	575317	375	0.21012350555989708911219793208147
783	577530	377	0.210097784159769179757049073487
786	579743	378	0.210072379634653250146669734022
789	581955	380	0.21004724083090856034949922559463
792	584168	381	0.21002237672877188678910442831693
795	586381	382	0.20999779353830502759414855518116
798	588594	384	0.20997351825541851755296818282659
801	590806	385	0.20994948089520343303959748482157
804	593019	387	0.20992572785044680272470429827081
807	595232	389	0.2099022304542750572142750797866
810	597445	391	0.20987900421937918937764777638222
813	599657	393	0.20985606513293258990060508040187
816	601870	395	0.20983334469757161655500965480314
819	604083	397	0.20981090088381801339600940536911
822	606296	399	0.20978867412300797323787548975815
825	608509	401	0.20976671786888848036944921204849
828	610721	403	0.20974498095421389987080829087063
831	612934	405	0.20972349075225793502141868884792
834	615147	407	0.20970224110781854331975182503811
837	617360	409	0.20968124552121664150305946350272
840	619572	411	0.20966045056493307074951815138775
843	621785	412	0.20963988484853024463205883876071
846	623998	414	0.20961954983363487170500150114094
849	626211	415	0.2095994414357331692144725820981
852	628423	417	0.20957954339721551750841399552883
855	630636	418	0.20955985527967393999837497631233
858	632849	420	0.20954038983028613896131275851076
861	635062	422	0.20952113720285628351014395320817
864	637274	424	0.20950209383174769883773080891842
867	639487	425	0.20948325259558009392435451445635
870	641700	427	0.20946462171902743842899496939935
873	643913	429	0.20944618732059899768316313384275
876	646125	430	0.20942793362996553474530969651823
879	648338	432	0.20940989011764893357181449573545
882	650551	433	0.20939204086255192027721250269678
885	652764	434	0.20937438232221458611626019319374
888	654976	436	0.20935689900853748923736930009909
891	657189	437	0.2093395970703928188338949212266
894	659402	439	0.20932247930339822894474366421491
897	661615	440	0.20930554644112231432728776781005
900	663828	441	0.20928878738603728937306414081831
