0	0	0	0.69314718055895352399886633065762
3	39000	70	0.69314693617830258620671202152153
6	78000	153	0.69314669216394841910755530989263
9	117000	223	0.69314645088901838398953714204254
12	156000	294	0.69314620760158129897376966255251
15	195000	365	0.69314596467870315255055402303697
18	234000	448	0.6931457221198031870557088041096
21	273000	523	0.69314547992436659207271532068262
24	312000	594	0.69314523809185257796627865900518
27	351000	666	0.69314499669598084174992891348666
30	390000	749	0.69314475558750332506718905278831
33	429000	832	0.6931445148403155842586897961155
36	468000	894	0.69314427445377269076942639003391
39	507000	956	0.69314403442736527427570081272279
42	546000	1039	0.69314379476055443252136001319741
45	585000	1111	0.69314355545276729042569741068291
48	624000	1194	0.69314331650351435065715577366063
51	663000	1277	0.69314307791220497456663451885106
54	702000	1359	0.69314283967826850751947631579242
57	741000	1430	0.69314260180121878285319780843565
60	780000	1492	0.69314236428045006288556351137231
63	819000	1554	0.6931421275600654352544438552286
66	858000	1652	0.69314189074954557501229146510013
69	897000	1751	0.69314165429371155102700186034781
72	936000	1822	0.69314141819199726057831867365167
75	975000	1884	0.69314118244382949551862793668988
78	1014000	1955	0.69314094704877238228846181300469
81	1053000	2026	0.69314071220001216566686252917862
84	1092000	2096	0.69314047750916163437295836047269
87	1131000	2179	0.69314024316975353379177704482572
90	1170000	2263	0.69314000918129026196368158707628
93	1209000	2362	0.69313977554315309159704838748439
96	1248000	2462	0.69313954225480622906019334550365
99	1287000	2530	0.69313930931575573612946072898922
102	1326000	2630	0.69313907673442731738333577595768
105	1365000	2700	0.69313884449240370511091668959125
108	1404000	2800	0.69313861259805531478406237511081
111	1443000	2872	0.69313838105081904128468295311905
114	1482000	2943	0.69313814993936828656728721398395
117	1521000	3014	0.69313791908478639136603760562139
120	1560000	3085	0.69313768857577140458658959687455
123	1599000	3156	0.69313745841186102936148927255999
126	1638000	3227	0.69313722859239013107668370139436
129	1677000	3298	0.69313699911690751509496521975962
132	1716000	3369	0.6931367699849212415941224207927
135	1755000	3441	0.69313654119580259127531007834477
138	1794000	3512	0.6931363127491467768237498603412
141	1833000	3583	0.69313608464434406375431763080996
144	1872000	3654	0.69313585688094836445571900185314
147	1911000	3725	0.69313562945837348117095189081738
150	1950000	3797	0.69313540237602933036242802700144
153	1989000	3896	0.69313517563355730999319348484278
156	2028000	3967	0.69313494923036711448105506860884
159	2067000	4038	0.69313472316589164190503424833878
162	2106000	4100	0.69313449743965616089980130709591
165	2145000	4172	0.69313427205118671725614376555313
168	2184000	4243	0.69313404699990577295665161727811
171	2223000	4326	0.69313382228527553596819643644267
174	2262000	4409	0.69313359790681838834558448070311
177	2301000	4508	0.69313337386399631601108239919995
180	2340000	4608	0.69313315015636667304477214202052
183	2379000	4691	0.69313292678338667140991447013221
186	2418000	4753	0.6931327037444531269372305359866
189	2457000	4815	0.69313248119963533078191630920628
192	2496000	4887	0.69313225882727025339846704810043
195	2535000	4987	0.69313203678747803415660655446118
198	2574000	5059	0.69313181507970622607928135039401
201	2613000	5130	0.69313159370354004984449147741543
204	2652000	5201	0.69313137265842261758308495700476
207	2691000	5273	0.69313115194387853179591729713138
210	2730000	5356	0.69313093155936189582178030832438
213	2769000	5418	0.69313071150443283929831750356243
216	2808000	5489	0.6931304917785631181104122333636
219	2847000	5559	0.69313027238111768468797890818678
222	2886000	5642	0.69313005331179955437193029865739
225	2925000	5704	0.69312983456993471076401647223975
228	2964000	5787	0.69312961615505652712698747563991
231	3003000	5849	0.69312939806672446696467204674263
234	3042000	5911	0.69312918030442272065982933781925
237	3081000	5981	0.69312896286763991948731700176722
240	3120000	6052	0.69312874575593674819629086414352
243	3159000	6123	0.69312852896871945951318139123032
246	3198000	6194	0.69312831250553907924683016972267
249	3237000	6265	0.69312809636591043993547600621241
252	3276000	6337	0.69312788054930130066111360065406
255	3315000	6408	0.69312766505519995963169321839814
258	3354000	6480	0.69312744988308649940478289863677
261	3393000	6543	0.69312723503260897928157646674663
264	3432000	6604	0.69312702050315200263952419845737
267	3471000	6702	0.69312680629428147227599765756167
270	3510000	6773	0.69312659240545237970820835471386
273	3549000	6836	0.69312637883621563972269541409332
276	3588000	6907	0.69312616558608353134474100443185
279	3627000	6977	0.69312595265458742943565084715374
282	3666000	7048	0.69312574004125848681212573865196
285	3705000	7119	0.69312552774543467748458169808146
288	3744000	7191	0.6931253157668116893219689700345
291	3783000	7262	0.69312510410481598110976619864232
294	3822000	7333	0.69312489275894850759840437603998
297	3861000	7415	0.69312468172874697192042958704405
300	3900000	7498	0.69312447101379803804377388587454
303	3939000	7597	0.69312426061356935402812950997031
306	3978000	7659	0.69312405052754544332316299914964
309	4017000	7730	0.69312384075529198668164099217393
312	4056000	7812	0.69312363129626430868768238724442
315	4095000	7895	0.69312342215010847024103668445605
318	4134000	7977	0.69312321331618131914353853062494
321	4173000	8076	0.69312300479413679887841226445744
324	4212000	8138	0.69312279658345166133415204967605
327	4251000	8238	0.69312258868362630614967656583758
330	4290000	8301	0.69312238109416912656968179362593
333	4329000	8364	0.69312217381461815879362120540463
336	4368000	8439	0.69312196684452842543322503843228
339	4407000	8503	0.6931217601833812302913884195732
342	4446000	8586	0.69312155383073648096114993677475
345	4485000	8653	0.69312134778611200758291488455143
348	4524000	8737	0.69312114204903407799207570860744
351	4563000	8809	0.69312093661902018926213031591033
354	4602000	8871	0.69312073149559183526946526399115
357	4641000	8954	0.69312052667831935970355061726877
360	4680000	9026	0.69312032216673435947029702219879
363	4719000	9108	0.69312011796034889155038172248169
366	4758000	9180	0.69311991405865702731148303428199
369	4797000	9243	0.69311971046120646189336866882513
372	4836000	9325	0.69311950716755543755454027632368
375	4875000	9411	0.69311930417723333075485925292014
378	4914000	9493	0.69311910148977418089089042041451
381	4953000	9578	0.69311889910471535802827247607638
384	4992000	9661	0.6931186970215731379951762392011
387	5031000	9724	0.69311849523989699228820882126456
390	5070000	9806	0.69311829375922595630754585727118
393	5109000	9878	0.69311809257909107184758568109828
396	5148000	9940	0.69311789169905979601793433175771
399	5187000	10005	0.69311769111858545500126638216898
402	5226000	10067	0.69311749083732854259665145946201
405	5265000	10150	0.69311729085474294009827644913457
408	5304000	10250	0.69311709117039144167904396454105
411	5343000	10333	0.69311689178382107634490694181295
414	5382000	10395	0.69311669274749909686050841628457
417	5421000	10458	0.69311649395508800886034350696718
420	5460000	10542	0.69311629545909747562859593017492
423	5499000	10605	0.69311609725902778578188190294895
426	5538000	10668	0.69311589935444539722908530166023
429	5577000	10768	0.69311570174492576068558946644771
432	5616000	10833	0.69311550443001712640267442111508
435	5655000	10897	0.69311530740922200344300563301658
438	5694000	10981	0.69311511068214837205658795937779
441	5733000	11044	0.69311491425015026024425424111541
444	5772000	11116	0.69311471810910330049182448419742
447	5811000	11187	0.69311452226032055357052286126418
450	5850000	11258	0.69311432670345352047291953567765
453	5889000	11330	0.6931141314380662166172442084644
456	5928000	11403	0.69311393646364249931934864434879
459	5967000	11486	0.69311374177980356048323073991924
462	6006000	11562	0.69311354738602304337291570845991
465	6045000	11632	0.69311335328187839710523121539154
468	6084000	11694	0.69311315946699536549857612044434
471	6123000	11765	0.69311296594090154865597241951036
474	6162000	11847	0.69311277270305859943277937418316
477	6201000	11919	0.69311257975309814582942635752261
480	6240000	11990	0.69311238709058042850585934502305
483	6279000	12062	0.69311219471503815459101360829663
486	6318000	12145	0.69311200262607008948378961576964
489	6357000	12215	0.69311181082320294510878966320888
492	6396000	12279	0.69311161930603482073109944394673
495	6435000	12361	0.6931114280740907629407843160152
498	6474000	12444	0.69311123712691513620853811517009
501	6513000	12506	0.69311104652383093149836668089847
504	6552000	12589	0.69311085614485923311889337128378
507	6591000	12672	0.6931106660494309457121175910288
510	6630000	12743	0.69311047623702071174278671605862
513	6669000	12814	0.69311028670721663846876481329673
516	6708000	12885	0.6931100974596291486307109153131
519	6747000	12957	0.69310990849371667543721287074732
522	6786000	13029	0.69310971980912805534558174258564
525	6825000	13100	0.69310953140539766081928974017501
528	6864000	13170	0.69310934328218198885451784008183
531	6903000	13240	0.69310915543896367552179071935825
534	6942000	13311	0.69310896787531395268899814254837
537	6981000	13382	0.69310878059081226787441210035468
540	7020000	13453	0.69310859358505427785246411076514
543	7059000	13524	0.69310840685762376001122220259276
546	7098000	13607	0.69310822040804287436088770846254
549	7137000	13670	0.69310803423589362193268925693701
552	7176000	13740	0.69310784834078220661979230499128
555	7215000	13803	0.69310766272225532436124240120989
558	7254000	13902	0.6931074773799106303329153888626
561	7293000	13973	0.69310729231324785803991517241229
564	7332000	14043	0.69310710752193860351155763055431
567	7371000	14113	0.69310692300546550281836744034081
570	7410000	14175	0.6931067387634826104658714029938
573	7449000	14258	0.69310655479559113434362416228396
576	7488000	14342	0.69310637110129236226896409789333
579	7527000	14404	0.69310618955132585750078533237684
582	7566000	14468	0.69310600641174757718943055806449
585	7605000	14551	0.69310582353279026612824509356869
588	7644000	14634	0.69310564092582571671385949230171
591	7683000	14705	0.69310545859040295635367101567681
594	7722000	14776	0.69310527652611042537245111816446
597	7761000	14838	0.69310509482988591489771579290391
600	7800000	14900	0.69310491330646561980444175787852
603	7839000	15000	0.69310473205296363463645548108616
606	7878000	15083	0.69310455106889090615140958107077
609	7917000	15182	0.69310437035388683391090580698801
612	7956000	15281	0.69310418990747835188415137963602
615	7995000	15352	0.69310400972928210006074323246139
618	8034000	15423	0.69310382981885754194451010334888
621	8073000	15485	0.69310365017582820090780160171562
624	8112000	15569	0.69310347079977840945019806895289
627	8151000	15668	0.6931032916902940543835143216711
630	8190000	15767	0.69310311306492922156508029729594
633	8229000	15839	0.69310293457390903526516012789216
636	8268000	15909	0.69310275626132900050890839338535
639	8307000	15980	0.69310257821365639507860123558203
642	8346000	16063	0.69310240043056126069132005795836
645	8385000	16134	0.69310222291149059525849907004158
648	8424000	16216	0.69310204565617905547725285941851
651	8463000	16279	0.69310186866418377338305845114519
654	8502000	16361	0.6931016919725269120888810903125
657	8541000	16432	0.69310151550590659574879737192532
660	8580000	16503	0.69310133930129913526485552210943
663	8619000	16565	0.69310116335841764900749240041478
666	8658000	16637	0.69310098767685568432739273703191
669	8697000	16708	0.6931008122561876927392177094589
672	8736000	16778	0.69310063709600389092457817241666
675	8775000	16849	0.69310046219589149796291849270347
678	8814000	16920	0.69310028755545038947616376390215
681	8853000	16991	0.69310011317436504008071551652392
684	8892000	17074	0.69309993905213984621838108068914
687	8931000	17157	0.69309976518842508763640353208757
690	8970000	17219	0.6930995915827576903112117179262
693	9009000	17281	0.69309941823473675270861349417828
696	9048000	17352	0.69309924514408460805015010919305
699	9087000	17423	0.69309907231033029972877557156608
702	9126000	17495	0.69309889973304039667567622018396
705	9165000	17566	0.69309872741191003164828998706071
708	9204000	17637	0.69309855534647535346692848179373
711	9243000	17699	0.6930983835364361578257330620545
714	9282000	17783	0.69309821198128374053482048111618
717	9321000	17854	0.69309804068071589888688777136849
720	9360000	17926	0.69309786963425135120075992745114
723	9399000	17997	0.69309769884150784768905850796727
726	9438000	18068	0.69309752830222992603381726439693
729	9477000	18131	0.69309735801593241877327500333195
732	9516000	18193	0.69309718798222264002362180690398
735	9555000	18257	0.693097018200675707433333627705
738	9594000	18329	0.69309684867093745985755504079862
741	9633000	18400	0.69309667939263508440461691861856
744	9672000	18462	0.69309651036537578416840688078082
747	9711000	18536	0.69309634158877042597879380991799
750	9750000	18600	0.69309617306246096291033609304577
753	9789000	18662	0.69309600478601984807625058238045
756	9828000	18745	0.69309583675907171507191151249572
759	9867000	18809	0.69309566898125196665603198198369
762	9906000	18891	0.69309550145220233385856545282877
765	9945000	18954	0.69309533417146285128040972267627
768	9984000	19018	0.6930951671387141077573801339895
771	10023000	19089	0.69309500035356219616033968122792
774	10062000	19151	0.69309483381556991066219097774592
777	10101000	19224	0.6930946675244736843168880113808
780	10140000	19295	0.69309450147981932488505663059186
783	10179000	19357	0.69309433568122702506997256932664
786	10218000	19460	0.69309417012830421001012837223243
789	10257000	19522	0.69309400482071836790964880492538
792	10296000	19585	0.6930938397580315157853192431503
795	10335000	19657	0.69309367493993256914563971804455
798	10374000	19727	0.69309351036599098350166059390176
801	10413000	19799	0.69309334603584604739268115736195
804	10452000	19870	0.69309318194917080013794929982396
807	10491000	19941	0.69309301810554713174639118733467
810	10530000	20013	0.6930928545045913491406963657937
813	10569000	20084	0.69309269114597171768110683842679
816	10608000	20155	0.69309252802929677272913977503777
819	10647000	20226	0.69309236515420191704350827421877
822	10686000	20297	0.6930922025202590486259168756078
825	10725000	20368	0.69309204012720071474973337899428
828	10764000	20439	0.69309187797455840129856596831814
831	10803000	20510	0.69309171606204633686587612828589
834	10842000	20580	0.6930915543892246510893073718762
837	10881000	20651	0.69309139295573596317723286119872
840	10920000	20722	0.69309123176128517584970722964499
843	10959000	20793	0.69309107080540532930257313637412
846	10998000	20865	0.69309091008775458586654849568731
849	11037000	20936	0.69309074960800276521410978602944
852	11076000	21020	0.69309058936577971898884698020993
855	11115000	21103	0.69309042936068820939254919721861
858	11154000	21166	0.69309026959240349619051357876742
861	11193000	21249	0.6930901100605147968636288169364
864	11232000	21311	0.69308995076469326335200094035827
867	11271000	21374	0.69308979170459006358129272484803
870	11310000	21457	0.69308963287976987910354864652618
873	11349000	21520	0.69308947428993961104026766406605
876	11388000	21603	0.69308931593473244170411362574669
879	11427000	21674	0.69308915781377711251565187922097
882	11466000	21740	0.69308899992665384814927165280096
885	11505000	21803	0.69308884227309142112005702074384
888	11544000	21865	0.69308868485271935000469056831207
891	11583000	21931	0.69308852766511119813941377287847
894	11622000	22014	0.693088370709985857054391544807
897	11661000	22088	0.69308821398700526383862552393111
900	11700000	22162	0.69308805749574031729309808724793
