0	0	0	0.69314718055895352399886633065762
3	39180	143	0.69314693617830258620671202152153
6	78360	288	0.69314669338153767075283440135536
9	117540	429	0.69314644973086070312007223037654
12	156720	563	0.69314620644529179038784150179708
15	195900	705	0.69314596352429336256761871482013
18	235080	830	0.69314572096731164041472084136331
21	274260	972	0.69314547877374388384907888394082
24	313440	1096	0.69314523694308882717507458437467
27	352620	1242	0.69314499547473940044284290706855
30	391800	1365	0.69314475436820011111649364465848
33	430980	1496	0.6931445137229044206605976796709
36	470160	1639	0.69314427333816330811799844013876
39	509340	1806	0.69314403331354346171622182737337
42	548520	1970	0.69314379593958874714587636844954
45	587700	2111	0.69314355662987980899458761996357
48	626880	2253	0.69314331767868953004807508477825
51	666060	2380	0.69314307908549499526174031416303
54	705240	2504	0.6931428408496899118418355101312
57	744420	2629	0.6931426029707480340746883484826
60	783600	2753	0.69314236544809904039254888630239
63	822780	2895	0.69314212828124266430052102805348
66	861960	3036	0.69314189146960225595961446742876
69	901140	3177	0.69314165501257962720416117008426
72	940320	3341	0.69314141890970182302567081933375
75	979500	3468	0.69314118316045025824934100455721
78	1018680	3609	0.69314094776426016242254490862251
81	1057860	3750	0.69314071272053023875514554674737
84	1097040	3890	0.6931404780288352718287114839768
87	1136220	4030	0.69314024368854054714006451831665
90	1175400	4153	0.69314000969921363282111315129441
93	1214580	4276	0.69313977606019183674845862697111
96	1253760	4401	0.69313954277102085566042433129041
99	1292940	4547	0.69313931033620712618414927419508
102	1332120	4710	0.69313907780313088746737548717647
105	1371300	4881	0.69313884555930382891375529652578
108	1410480	5022	0.69313861366317675027914901875192
111	1449660	5168	0.69313838211424860791254332070821
114	1488840	5310	0.69313815091193742290442969533615
117	1528020	5451	0.69313792005573771071169630886288
120	1567200	5596	0.69313768954513221842717030085623
123	1606380	5778	0.69313745937951298792256693559466
126	1645560	5920	0.69313722955838363848357630558894
129	1684740	6122	0.69313700008125400664482640422648
132	1723920	6261	0.6931367709476483618402653519297
135	1763100	6460	0.69313654215690756466017319326056
138	1802280	6586	0.69313631370859751790192149201175
141	1841460	6711	0.69313608560216022347333364450606
144	1880640	6853	0.69313585783706155307726248793188
147	1919820	6996	0.69313563041285541910241363439127
150	1959000	7140	0.69313540332897172202564206600073
153	1998180	7266	0.69313517729439655390422103664605
156	2037360	7391	0.69313495240985334433503339823801
159	2076540	7557	0.69313472634015094175907734097564
162	2115720	7698	0.69313450060871051316979674083996
165	2154900	7845	0.69313427521503112593848072719993
168	2194080	7998	0.69313405015859796964861061496777
171	2233260	8127	0.69313382543879742403447608012357
174	2272440	8257	0.69313360105525578802598829497583
177	2311620	8384	0.69313337700740451641223671686021
180	2350800	8529	0.69313315329459679325907472957624
183	2389980	8671	0.69313292991644770424386479135137
186	2429160	8815	0.6931327068723970308283810481953
189	2468340	8957	0.69313248416201422852367386440164
192	2507520	9101	0.69313226178477083117002166545717
195	2546700	9244	0.69313203974007042695859581726836
198	2585880	9441	0.69313181802745016391043009207351
201	2625060	9568	0.69313159664643919644078096098383
204	2664240	9711	0.69313137559647786112293488258729
207	2703420	9853	0.69313115487707566142461246272433
210	2742600	9978	0.69313093448774742988405250798678
213	2781780	10102	0.69313071442797691279480432058335
216	2820960	10229	0.69313049469725196427560831580195
219	2860140	10356	0.69313027529504755985811925711459
222	2899320	10482	0.69313005622087398016617498797132
225	2938500	10608	0.69312983747424805613945864024572
228	2977680	10750	0.69312961905456549338566674123285
231	3016860	10894	0.69312940096140585044537374415086
234	3056040	11038	0.6931291831943164893914399726782
237	3095220	11180	0.69312896576233995471483240180532
240	3134400	11325	0.69312874864582640910271038592327
243	3173580	11467	0.69312853185379896814310995978303
246	3212760	11609	0.69312831538587960089614625758259
249	3251940	11735	0.69312809924144014317448636575136
252	3291120	11877	0.69312788342009656883391244264203
255	3330300	12023	0.69312766792125235504329339164542
258	3369480	12224	0.6931274527444534205855575237365
261	3408660	12426	0.69312723788926167145518775214441
264	3447840	12553	0.69312702335502329731298232218251
267	3487020	12677	0.69312680914141933108396642637672
270	3526200	12803	0.69312659541701782117684160766657
273	3565380	12930	0.69312638184286279319223922357196
276	3604560	13072	0.6931261685878450373721193500387
279	3643740	13214	0.69312595565139167863577540629194
282	3682920	13357	0.69312574303309182344179362189607
285	3722100	13502	0.69312553073239480116995991920703
288	3761280	13658	0.69312531874881566640311802984797
291	3800460	13801	0.69312510708196783948409347431152
294	3839640	13926	0.69312489573129287823149979885784
297	3878820	14053	0.69312468469626931089067056745989
300	3918000	14179	0.69312447397650389646628354967106
303	3957180	14344	0.69312426357142253863230507704429
306	3996360	14471	0.69312405348052685827298091680859
309	4035540	14613	0.69312384370341684203253862506244
312	4074720	14801	0.69312363423961254049743274663342
315	4113900	14945	0.69312342508858459932952200688305
318	4153080	15086	0.69312321624988215695850612974027
321	4192260	15229	0.69312301119532260251787647575838
324	4231440	15374	0.6931228029741953733378068136517
327	4270620	15516	0.69312259506394013897079275920987
330	4309800	15658	0.69312238746419785329067053680774
333	4348980	15798	0.69312218017436788564111793675693
336	4388160	15923	0.69312197319391932737175920919981
339	4427340	16069	0.69312176652252854847091612100485
342	4466520	16268	0.69312156015957271382177395935287
345	4505700	16392	0.69312135410464448259659775430919
348	4544880	16517	0.69312114835727300921064397698501
351	4584060	16642	0.6931209429170547275944613829779
354	4623240	16809	0.69312073778344007735086051980034
357	4662420	16974	0.69312053295592046531226060324116
360	4701600	17139	0.69312032843408821758401927581872
363	4740780	17305	0.69312012421749402690807073668111
366	4779960	17472	0.69311992030563818190103120286949
369	4819140	17635	0.69311971669807059814871763592237
372	4858320	17759	0.69311951339430077911885064168018
375	4897500	17903	0.69311931039388530173539493262069
378	4936680	18049	0.69311910769634665907545922891586
381	4975860	18192	0.69311890530123010378815706644673
384	5015040	18335	0.69311870320804946921100508916425
387	5054220	18477	0.69311850141634212540964199433802
390	5093400	18676	0.69311830002182772680896505335113
393	5132580	18819	0.69311809883155706124568951054243
396	5171760	18964	0.69311789794142297793655416171532
399	5210940	19106	0.69311769735097528144507350589265
402	5250120	19253	0.69311749705964309509198528758134
405	5289300	19399	0.69311729706697189357100796769373
408	5328480	19543	0.69311709737259363794947830683668
411	5367660	19686	0.69311689797601827578432676091325
414	5406840	19827	0.69311669929370323117723273753654
417	5446020	19969	0.69311650049068407319907691999106
420	5485200	20112	0.69311630198409568404116498641088
423	5524380	20256	0.69311610377349797129653552474338
426	5563560	20397	0.69311590585840077149981652837596
429	5602740	20539	0.69311570823838486443690953819896
432	5641920	20665	0.6931155109129837343928670634341
435	5681100	20788	0.69311531388171665479802641129936
438	5720280	20914	0.69311511714416351725986942255986
441	5759460	21085	0.69311492069983071662164775261772
444	5798640	21227	0.69311472454830835854266979367821
447	5837820	21369	0.6931145286891721157829238109116
450	5877000	21542	0.69311433312194048461662987392629
453	5916180	21686	0.69311413784621755951320665189996
456	5955360	21883	0.6931139428614750963575374953507
459	5994540	22020	0.69311374816729742764920274566975
462	6033720	22163	0.69311355376322247856535341270501
465	6072900	22362	0.6931133596488010528702261581202
468	6112080	22486	0.69311316582362980653897466254421
471	6151260	22618	0.69311297352691125794876825239044
474	6190440	22820	0.69311278027684308788991529581835
477	6229620	22944	0.69311258731468794458407955971779
480	6268800	23117	0.69311239463995588661049396250746
483	6307980	23245	0.69311220225223924007451614670572
486	6347160	23409	0.69311201015112677836782495432999
489	6386340	23554	0.69311181833611956726315384003101
492	6425520	23698	0.69311162680680293846080530784093
495	6464700	23841	0.69311143556273180355020713250269
498	6503880	23986	0.69311124461905471161315972494776
501	6543060	24127	0.69311105394417404923501635494176
504	6582240	24274	0.69311086355318995977370377659099
507	6621420	24416	0.69311067344573629167570061326842
510	6660600	24559	0.69311048362135407874262682526023
513	6699780	24757	0.69311029407964619419857399407192
516	6738960	24882	0.69311010482010726452273274844629
519	6778140	25009	0.69310991584234782347806458346895
522	6817320	25173	0.69310972714590823873237468433217
525	6856500	25316	0.69310953873033609440312829974573
528	6895680	25459	0.69310935059527101209653210389661
531	6934860	25601	0.69310916277319190026418027628097
534	6974040	25743	0.69310897519768510655069349013502
537	7013220	25884	0.69310878790139585081675477340468
540	7052400	26012	0.69310860088380399357532724025077
543	7091580	26154	0.69310841414456714204561649239622
546	7130760	26298	0.69310822768320679010400908737211
549	7169940	26463	0.69310804149928217920972883803188
552	7209120	26604	0.69310785559246856912807288608747
555	7248300	26727	0.69310766996224737468423882091884
558	7287480	26851	0.69310748460822013683468867384363
561	7326660	26981	0.69310729952994420965950439494918
564	7365840	27106	0.69310711487023513033278732109466
567	7405020	27233	0.69310693034201220630308171166689
570	7444200	27403	0.69310674608821398745561737086973
573	7483380	27546	0.69310656210851118164129047727329
576	7522560	27692	0.6931063784024282803386540763313
579	7561740	27833	0.69310619496960912400140841782559
582	7600920	28028	0.69310601180958741895921093600919
585	7640100	28164	0.69310582892193861592744497102103
588	7679280	28289	0.69310564635231586283481419741292
591	7718460	28415	0.69310546400816319678739318987937
594	7757640	28539	0.69310528193508491590080211608438
597	7796820	28663	0.69310510013276838137130653194617
600	7836000	28807	0.69310491860073752956594717034022
603	7875180	28948	0.69310473733864541578952866984764
606	7914360	29090	0.69310455634596868090824273167527
609	7953540	29232	0.69310437564949611832787468301831
612	7992720	29375	0.69310419519449961711643481976353
615	8031900	29516	0.69310401500771101623854519857559
618	8071080	29660	0.69310383508872741575856935014599
621	8110260	29804	0.6931036554371529101459259436524
624	8149440	29955	0.69310347605254984948430774238659
627	8188620	30123	0.6931032969345417571460643557657
630	8227800	30291	0.69310311808273927791645974139101
633	8266980	30458	0.69310293949666934576470112006064
636	8306160	30628	0.69310276117597702238981582922861
639	8345340	30795	0.69310258312020445181644845433766
642	8384520	30922	0.69310240532902311905161241156748
645	8423700	31048	0.69310222780191921287951117847115
648	8462880	31173	0.69310205053858842116909499964095
651	8502060	31299	0.69310187353858210279611284931889
654	8541240	31443	0.69310169680150379711847108410439
657	8580420	31587	0.69310152032689165135792563887662
660	8619600	31785	0.69310134411440138535454025259241
663	8658780	31951	0.69310116816363820380075821958599
666	8697960	32078	0.69310099247421130819191148475511
669	8737140	32247	0.69310081704563586413314624223858
672	8776320	32414	0.6931006418775533806098110289895
675	8815500	32556	0.69310046696962923640228382282658
678	8854680	32698	0.69310029232135361709765675186645
681	8893860	32843	0.69310011793239167943170286889654
684	8933040	32984	0.69309994380231820798599073896185
687	8972220	33125	0.69309976993077870854875754957902
690	9011400	33271	0.69309959631732720453101137536578
693	9050580	33420	0.69309942296154825047693748274469
696	9089760	33620	0.69309924988116988764375037135324
699	9128940	33819	0.69309907703963535841040766172227
702	9168120	34020	0.69309890445467514652477802883368
705	9207300	34177	0.6930987321257344735414562819642
708	9246480	34346	0.69309856005259007361019030213356
711	9285660	34492	0.69309838823478264746569266208098
714	9324840	34634	0.69309821667189130955932796496199
717	9364020	34779	0.69309804536359642668230662820861
720	9403200	34904	0.69309787430943681219019936179393
723	9442380	35049	0.69309770359601452494047180152847
726	9481560	35253	0.69309753304896293268910767437774
729	9520740	35463	0.69309736275486077961005548786488
732	9559920	35588	0.69309719271340464175068518670741
735	9599100	35715	0.69309702292410324542260013913619
738	9638280	35916	0.69309685338664883680337425175821
741	9677460	36118	0.69309668410064650956314835639205
744	9716640	36242	0.69309651506570069123824850976234
747	9755820	36368	0.6930963462814528908140232488222
750	9795000	36511	0.69309617774747622753750420088181
753	9834180	36635	0.69309600948177207957456857911893
756	9873360	36760	0.69309584144711944286854077290627
759	9912540	36961	0.69309567366167479374183812979027
762	9951720	37087	0.69309550612490078425054207400535
765	9990900	37213	0.69309533883650209507010231391178
768	10030080	37339	0.6930951718721650722798699462146
771	10069260	37544	0.69309500512400745719787664711475
774	10108440	37747	0.69309483857827125508066501424764
777	10147620	37918	0.69309467227939092204280768783065
780	10186800	38059	0.69309450622702806210639892015024
783	10225980	38204	0.69309434042070749981689914420713
786	10265160	38402	0.69309417486006885678051503418828
789	10304340	38569	0.69309400954475253175957050189027
792	10343520	38711	0.69309384447441091392505541080027
795	10382700	38903	0.69309367969918067586831966764294
798	10421880	39040	0.69309351511753647390179366993834
801	10461060	39239	0.69309335077973577288190654144273
804	10500240	39439	0.69309318668533947960241903274436
807	10539420	39605	0.69309302283403562139341147485538
810	10578600	39731	0.69309285922545804670136249114876
813	10617780	39901	0.69309269585921740031153603922576
816	10656960	40042	0.69309253273492033020630742612411
819	10696140	40187	0.69309236985218281024145881019649
822	10735320	40331	0.69309220721070374793271184898913
825	10774500	40457	0.69309204481001496223058211398893
828	10813680	40622	0.69309188264982046767670453846222
831	10852860	40748	0.69309172072969471578574029990705
834	10892040	40891	0.69309155904935049186121887032641
837	10931220	41033	0.69309139760837679133942401676904
840	10970400	41200	0.69309123640636338681275674389326
843	11009580	41365	0.69309107544294090708092426211806
846	11048760	41532	0.69309091471781758553305508030462
849	11087940	41658	0.69309075423062216358971454610582
852	11127120	41783	0.69309059398093797454976083827205
855	11166300	41947	0.69309043396840230855104891816154
858	11205480	42112	0.69309027419262314584358364299987
861	11244660	42277	0.69309011466203362950011523935245
864	11283840	42403	0.69308995535874784454932751032175
867	11323020	42549	0.69308979629116129750343588966643
870	11362200	42673	0.69308963747034935121149601400248
873	11401380	42796	0.69308947887311833646606373804389
876	11440560	42922	0.69308932051050076150744416736416
879	11479740	43047	0.69308916238217943561750189473969
882	11518920	43173	0.69308900448772081670512079654145
885	11558100	43313	0.69308884682680549360611621523276
888	11597280	43482	0.6930886893990856334468730892695
891	11636460	43624	0.69308853220420929552858524402836
894	11675640	43821	0.69308837524178557032428216189146
897	11714820	43947	0.69308821851144952752576955390396
900	11754000	44072	0.69308806201290862336605869131745
