0	0	0	0.69314718055914625871594125783304
3	6	3	0.68122353119384571051853072276572
6	13	5	0.67065471605652704489841653412441
9	19	7	0.65784030735962051306131570527214
12	26	9	0.64559401539255878432754798268434
15	33	13	0.63430456588000894146972541420837
18	39	15	0.62367906412443629982078618922969
21	46	17	0.61377837568784487931594640031108
24	52	19	0.60383721347182306438128307490842
27	59	21	0.59415304825838755053979411968612
30	66	23	0.58703389600598032682654547897982
33	72	25	0.57808749752912702568607983266702
36	79	27	0.56889369111401633105629116471391
39	85	29	0.56253806346754031686430153058609
42	92	31	0.55648951388567058362610850963392
45	99	33	0.54867638893749159922919034215738
48	105	36	0.54245765246146460114573528699111
51	112	38	0.53511864292223398908987519462244
54	118	40	0.52910239454131169356543296089512
57	125	42	0.52353643741744415596173212179565
60	132	44	0.51764162120676027178944877960021
63	138	46	0.51223848468653110366233249806101
66	145	48	0.5061984896523507027055188700615
69	151	50	0.50006978675048974203320995002287
72	158	52	0.49498818013015610794980148057221
75	165	54	0.48969411594655121167107836299692
78	171	56	0.48543066196029188708038759614283
81	178	60	0.48040420383834264717037854097725
84	184	62	0.47584753059466505797914237518853
87	191	64	0.47155951633553655488739764223283
90	198	66	0.46708052870110150500693180219969
93	204	68	0.46308222705589574541562569720554
96	211	70	0.45893711864033293057474338638713
99	217	72	0.45509940279426996934120097648702
102	224	74	0.45156032738209428423203917191131
105	231	76	0.44828115115463051942867878096877
108	237	78	0.44466048208824077159206922260637
111	244	85	0.44135617485023120876164171022538
114	250	91	0.43776776842845621651179044420132
117	257	96	0.43420064191903395833804779613274
120	264	100	0.43133244679095422702275186566112
123	270	104	0.42791213563379654205576230197039
126	277	107	0.42457141456966501769088040418865
129	283	109	0.4218972274500885633052860157477
132	290	111	0.41976235562361896569427699432708
135	297	113	0.41753636571559377133056045749981
138	303	115	0.41510994984577836985906174049887
141	310	117	0.41324803988737224269556236322387
144	316	119	0.41114167359545805702225607092259
147	323	121	0.40891426183123069648672753828578
150	330	123	0.40710698461370836698236530537542
153	336	125	0.40419364657240586247155533783371
156	343	127	0.40218019819637274014922923015547
159	349	129	0.39990158045844453882367020014499
162	356	131	0.39818338089748561703373752607149
165	363	133	0.39604136452930743805822544345574
168	369	135	0.39387268077914366903868881308881
171	376	138	0.39211626317168746247432409290923
174	382	140	0.39047321866433859494094349429361
177	389	142	0.3886373256373318874068445438752
180	396	144	0.38696511158378060768470163566235
183	402	146	0.38528957254697970835621845253627
186	409	148	0.38415013038716600002331347241125
189	415	150	0.38305995901276057580275846703444
192	422	152	0.38175586803835126481487804994686
195	429	154	0.3801632976873609015555643964035
198	435	156	0.37863561993601879684945288317977
201	442	158	0.37727091239917143195015114542912
204	448	160	0.37580514547986765272469256160548
207	455	162	0.37410048776179727347823700256413
210	462	164	0.37263388747332909511911225308722
213	468	166	0.37156176936630186391496977194038
216	475	168	0.3705604522428213032370081236877
219	481	170	0.36969878431786806771697229123674
222	488	172	0.3681812284830622283848811093776
225	495	174	0.36699613316134327423156946679228
228	501	176	0.36587480235824232366326214105356
231	508	178	0.36492076916907439931847534353437
234	514	180	0.36384084934695443136476455947559
237	521	182	0.36281131217888534790105836691509
240	528	184	0.36137727256155260935344131212332
243	534	186	0.36032942167286158285932629041781
246	541	188	0.35956846334987530022786472727603
249	547	190	0.35842555077821020015349517962022
252	554	192	0.35766898574409766720094694392174
255	561	194	0.35687312969629098047263937587559
258	567	196	0.35606906439663515984150876647618
261	574	198	0.35534107703344364193043247723836
264	580	200	0.35434604839734668013662144403497
267	587	202	0.35357459133138241513805155591399
270	594	204	0.35286404391743791952862352445663
273	600	206	0.35215416479500788460299531834607
276	607	208	0.35160658501855501789634672604734
279	613	210	0.35130597703469151893429511801514
282	620	212	0.35049455694338560451939201811911
285	627	214	0.3497863605097427108781005244964
288	633	216	0.34921818886948219340382593145478
291	640	218	0.34835759368662166934882407076657
294	646	220	0.34769841320712191468089713453082
297	653	223	0.34711646919066108107898571688565
300	660	225	0.34635129777177975363144923903747
303	666	227	0.34552654071218308340363023489772
306	673	229	0.34500414031523590763228526157036
309	679	231	0.34471384471930727189104004537512
312	686	233	0.34419502824101350091368090033939
315	693	235	0.34341139039407586608376732328907
318	699	237	0.34276765116418572709733325609704
321	706	239	0.3421708851585369970393912808504
324	712	241	0.34161704146271038018412014025671
327	719	243	0.34107575517047411528537281810713
330	726	245	0.34048329185604853108770839753561
333	732	247	0.33984943235029796415602731940453
336	739	249	0.33931111860881602027006920252461
339	745	251	0.33894986935035492647827481960121
342	752	253	0.33874149993236979394595209669205
345	759	255	0.3379146780594372012629378332349
348	765	257	0.33745125479722987149600044176623
351	772	259	0.33675291370167981241934285208117
354	778	261	0.33622565792994546507443942573445
357	785	263	0.33592397818098790329699454559886
360	792	266	0.33548914307101451726111918105744
363	798	268	0.33475832054907300738832987008209
366	805	270	0.33429923974591557733759827897302
369	811	272	0.33380592763568350811453910864657
372	818	274	0.33322572505379854934659533682861
375	825	276	0.33267520371484349261947954801144
378	831	279	0.33224602617492215994587922978099
381	838	281	0.33183504275893732637925381823152
384	844	283	0.33137715780307530621939804404974
387	851	285	0.33091439540543371444769604750036
390	858	287	0.33058939361211919782945756196568
393	864	289	0.33016887957331175762476505042287
396	871	291	0.32969467633224375235911907111586
399	877	293	0.32926010323996840467586366685282
402	884	295	0.3288377918189041571039865630155
405	891	297	0.32832752732726683264630196390499
408	897	300	0.32781877951622767630723842557927
411	904	302	0.32759094222901746773501940879214
414	910	304	0.32720712627744624745318446912279
417	917	306	0.3267647489349710943074001079367
420	924	308	0.32646821174808965393410176147881
423	930	310	0.32608617403952416813339709733555
426	937	312	0.32574834767165067317407078917313
429	943	314	0.32532912869838831460000960760226
432	950	316	0.32503107711452722261569192596653
435	957	318	0.32467029975887484738450439181179
438	963	320	0.32438177770140164124512693888391
441	970	322	0.32388815567606277223688948652125
444	976	325	0.32364512876718798395359044661745
447	983	327	0.32347947829228512750532331665454
450	990	329	0.32316162803222847621498203807278
453	996	331	0.32278326332868367831707701043342
456	1003	333	0.32244424718288772213625748008781
459	1009	335	0.32215352592185331204177600739058
462	1016	338	0.32177074284838652618034871011332
465	1023	340	0.32139536613616354054911994353461
468	1029	342	0.32115608922338900743653766767238
471	1036	344	0.32095472008016195930579783635039
474	1042	346	0.32066740685252298481699995136296
477	1049	348	0.32033382612019328794517036840261
480	1056	350	0.31996699206871581644406887789955
483	1062	352	0.31971260321949906968441723620344
486	1069	354	0.3194113271834299605522744514019
489	1075	356	0.319127668198202374405525461043
492	1082	358	0.31880725171273716078701454534894
495	1089	359	0.31856587614275616582304451185337
498	1095	361	0.31827547144709250614980078353256
501	1102	363	0.31805179680614309445374487950176
504	1108	365	0.31775722755832569443867896552547
507	1115	367	0.31748692019733448788088026049081
510	1122	369	0.31715768240007002898295240811422
513	1128	371	0.31692678656844625040278629057866
516	1135	374	0.31663031499848603989022421956179
519	1141	376	0.3163036703177190545055452730594
522	1148	378	0.31616378812469231318615925374615
525	1155	380	0.31589552696970496503681147260068
528	1161	382	0.31558504700672224130286735999107
531	1168	384	0.3154238224839627791062923733989
534	1174	386	0.31513128992806765937828572532453
537	1181	388	0.31485374226030909960982739903557
540	1188	390	0.31472234007853339132765313479467
543	1194	392	0.31452581233075183053671253219363
546	1201	394	0.31425076406217161695266781862301
549	1207	396	0.31414240495895406901638580166036
552	1214	398	0.31392270896928697876404612543411
555	1221	400	0.31372168955846863047653982903284
558	1227	402	0.31353562910192100954276384072728
561	1234	404	0.31331441021887351805474963839515
564	1240	406	0.31301884506768312688151922884572
567	1247	408	0.31283872629383174812645052043081
570	1254	410	0.31258578384725926868625833776605
573	1260	412	0.31231305038142131991207861574367
576	1267	414	0.31211378449797710921131965733366
579	1273	416	0.31190031871352247305750893247023
582	1280	418	0.31175009920108914807101996302663
585	1287	420	0.31159978655611852982332266037702
588	1293	422	0.31141681780428503989455180089863
591	1300	425	0.31124071980493994704630722480942
594	1306	427	0.31101070594269131230902303286712
597	1313	429	0.31086798503261664494701221883588
600	1320	431	0.31066470079591645969685487216339
603	1326	433	0.31053634868439894400893308556988
606	1333	435	0.31033652975495651382686901342822
609	1339	437	0.31021454923568136941014472540701
612	1346	439	0.30993649192794786584315147592861
615	1353	441	0.30972518936311427273366803092358
618	1359	459	0.30964995421258856289625782665098
621	1366	461	0.3094242772677199826425464834756
624	1372	463	0.30920468280157564766597033667495
627	1379	465	0.30910384502718002419641152300755
630	1386	467	0.30892425695362213389216776704416
633	1392	469	0.3087605344390458861347781294171
636	1399	471	0.308601147604418146741522832599
639	1405	473	0.30845335242794913455099958810024
642	1412	475	0.3083567130526349564512145207118
645	1419	477	0.308144829151642096753960231581
648	1425	479	0.30796207407931197597150685396628
651	1432	481	0.30782409474874949939504631402087
654	1438	483	0.30766729767620493163349237875082
657	1445	485	0.30759220622436428405066521918343
660	1452	487	0.30750398383918015055016326186887
663	1458	489	0.30736694025949046205070658288605
666	1465	491	0.30714993694742820373733138694661
669	1471	493	0.30697867755599245187525525579986
672	1478	495	0.30685739248564031234067783771025
675	1485	497	0.30671548997350922549642859848973
678	1491	500	0.3065055293508879841191117066046
681	1498	502	0.3063638516543266687719437868509
684	1504	504	0.30622862059356581454494516947307
687	1511	506	0.30607906195676021221530049842841
690	1518	508	0.30599731166184662711771125032101
693	1524	510	0.30587873891723749153470635064878
696	1531	512	0.3057894896791237826505494012963
699	1537	514	0.30562510139477938597707407097914
702	1544	516	0.30546363784050495349120524224418
705	1551	518	0.30534978992970812639029531965207
708	1557	520	0.30518725771428256710038340315805
711	1564	522	0.30500965205628738363685670265113
714	1570	524	0.30482980093442568758632660319563
717	1577	526	0.3047363127890488354587716912647
720	1584	528	0.30461762949217741081042731821071
723	1590	530	0.30446553308202439769303282446344
726	1597	532	0.30431975946846379077470601259847
729	1603	535	0.30419769618481812267773989333364
732	1610	537	0.30406560045107866585567535366863
735	1617	539	0.30390035340782800554748632748669
738	1623	541	0.30382243924914448252039278486336
741	1630	543	0.30370563907888331600659626019478
744	1636	545	0.30358699122222987387686998772551
747	1643	547	0.30346640052508178087009582668543
750	1650	549	0.3033097669789961980946202402265
753	1656	551	0.30316164802286710289180859945191
756	1663	553	0.3030468624163539792526478322543
759	1669	556	0.30290748398244660144484896591166
762	1676	558	0.30275999524849483979238584652194
765	1683	560	0.30263515783119998570072084476124
768	1689	562	0.30246666934605170862226941608242
771	1696	564	0.30245657662762204243023234084831
774	1702	566	0.30230879282703476684801557894389
777	1709	569	0.30220133284186517785840919714246
780	1716	571	0.30199757077737710009301963509643
783	1722	573	0.30184293116488780661654800496763
786	1729	575	0.30169403563525648559462410958076
789	1735	577	0.30162292682256081066682895652775
792	1742	579	0.30150407501768689000343215411704
795	1749	580	0.30134738585803716448552336260036
798	1755	582	0.30124001988510801242071579508774
801	1762	583	0.30109487326709294396920313374721
804	1768	583	0.30094246529739976381279120687395
807	1775	584	0.30083204867713120300720675004413
810	1782	585	0.30072682340431228231736326961254
813	1788	586	0.30058531421391398996689758860157
816	1795	586	0.30045239312845378742977686670201
819	1801	587	0.30032993001084551387691590207396
822	1808	588	0.30017285767153428777120893755637
825	1815	588	0.30008692721406521330962391402863
828	1821	589	0.29994366217507867355962503097544
831	1828	590	0.29984749065216181884707680183055
834	1834	590	0.29973218051879818579763536945393
837	1841	591	0.29959734977735708039148221359937
840	1848	591	0.29948874641943157293155763909454
843	1854	592	0.29939488744045983370511976318085
846	1861	593	0.29930645481192763579514348748489
849	1867	593	0.29917134754814961317137544938305
852	1874	594	0.29905681503484293770611657237168
855	1881	594	0.29894561249973222727405186560645
858	1887	595	0.29881545404545106769944595725974
861	1894	595	0.29873105204725447503477653299342
864	1900	596	0.29859487226290531980410491996736
867	1907	596	0.29845275900724865802970953154727
870	1914	597	0.29834704664990507883004511313629
873	1920	597	0.29826425410052209707956194506551
876	1927	598	0.29814835662784661129975916082913
879	1933	598	0.29804897224854320914033678491251
882	1940	599	0.29796847209905397146911809613812
885	1947	599	0.29788829677510836324572096600605
888	1953	600	0.2977585567877516492529821334756
891	1960	600	0.29765408582562841166563316619431
894	1966	601	0.29751438212717751241598307387903
897	1973	601	0.29738317595106344981559232110158
900	1980	602	0.29726950886840436405478271808533
