0	0	0	0.69314718055914625871594125783304
3	13	1	0.68053989099481759783571988009498
6	26	2	0.66833783774514665676491631529643
9	39	2	0.65815901175514968102220336731989
12	52	3	0.64723890395856409352148830294027
15	66	4	0.63638069741886416075260513025569
18	79	5	0.62664485870653152677078878696193
21	92	6	0.61813739943700463097542296964093
24	105	7	0.60859170824809194488835828451556
27	118	8	0.59962400995355935595654273129185
30	132	9	0.59054078253766972839144955287338
33	145	10	0.58182529823371598176606767083285
36	158	11	0.57362051581840201031070591852767
39	171	12	0.56521719956233018589131233966327
42	184	13	0.5579240358904463681355423432251
45	198	14	0.55134206161493659603678452185704
48	211	15	0.54394057691075603511166036696522
51	224	16	0.53682735940993275836063958195155
54	237	17	0.5309833011576778893925165903056
57	250	18	0.5248620599605008374410886062833
60	264	19	0.51894484067772483903979718888877
63	277	20	0.51289703492072791224387628972181
66	290	21	0.50714149900229776868343378737336
69	303	22	0.50151958582825051369269431233988
72	316	23	0.49613545604737702143793853792886
75	330	24	0.49158868829080615281412747208378
78	343	25	0.48646207495427162825762934517115
81	356	26	0.48149053018238940904183209568146
84	369	27	0.47693005571541124965051494655199
87	382	27	0.47255337682212544825333111475629
90	396	28	0.46857988679157308586908925462922
93	409	29	0.46453410151568558239532080733625
96	422	30	0.46090703183944770060520568222273
99	435	31	0.45691388082283196370170230693475
102	448	32	0.45352246224724002132688838173635
105	462	33	0.45091516514204260657194822670135
108	475	34	0.4477826268558073308234668274963
111	488	35	0.44424262371739292598604720296862
114	501	36	0.44094878970844397780837198297377
117	514	37	0.43776966319283672213202862621984
120	528	38	0.4348587058045799147443233323429
123	541	39	0.43157286352218077185582956190046
126	554	40	0.42897179493527776150685326683742
129	567	41	0.42614861472613435600109710321703
132	580	42	0.42345438790821826602339683631726
135	594	43	0.4213614686723116675715061774099
138	607	44	0.41879578279139867413860542910697
141	620	44	0.41638435089361908181260218952957
144	633	45	0.41419644007771799776307375395845
147	646	46	0.41172967099506990740209744217282
150	660	47	0.40936847191953656954765961017983
153	673	48	0.40734726342142435484561246994417
156	686	49	0.40518055860454577077334192836133
159	699	50	0.40274146479621625305256316096347
162	712	51	0.40065519460256582284785054071108
165	726	52	0.39858979125940863230681543427636
168	739	53	0.3969998332385342720840526453685
171	752	54	0.39512161300195253188505262187391
174	765	55	0.39341680654170052555684833350824
177	778	56	0.3915313206172447713093731636036
180	792	57	0.3898495031274069599902531990665
183	805	58	0.38831126097549034659195399399323
186	818	59	0.38640754455708548054104767288663
189	831	60	0.38509250901790298415861002467864
192	844	61	0.38342867889177079110396562100505
195	858	62	0.38205470856625217690449858309876
198	871	63	0.3804517797494111341904954315396
201	884	64	0.37906642403668716623243994945369
204	897	65	0.37772527552294715702529970258183
207	910	66	0.37634073951070934338503093385953
210	924	67	0.37486908089415255096454870908929
213	937	68	0.37358229918368379696147485447
216	950	69	0.37212154658750695723767876188504
219	963	70	0.3709807264001650506379803573509
222	976	71	0.36974446282360173832159944140585
225	990	72	0.36824632565519971327816506345698
228	1003	73	0.36709224769501219709511019573256
231	1016	74	0.36588355409424078157343274142477
234	1029	75	0.36481799740235870688209729451046
237	1042	75	0.36399614818895226209249926796474
240	1056	76	0.36277061031362523024768051982392
243	1069	78	0.36180594111933883638698716822546
246	1082	78	0.36065490234247815637402823085722
249	1095	79	0.35947817465407833070756282722868
252	1108	80	0.35886092886958331771296570877894
255	1122	81	0.35796059026248466805597558959562
258	1135	82	0.35673750623969446849059750093147
261	1148	83	0.35576591749813374354616257733142
264	1161	84	0.3548832935641779706692489071429
267	1174	85	0.35394069766838492929750259463617
270	1188	86	0.35326594455028459407230911892839
273	1201	87	0.35235577647511062693297390069347
276	1214	88	0.35150122041963127728081417444628
279	1227	89	0.35049667583519772406930314900819
282	1240	90	0.34969090509277944711641339381458
285	1254	90	0.34903545610029729218126703926828
288	1267	91	0.34818397204261603006258951609198
291	1280	93	0.34737766434431005535543590667658
294	1293	94	0.34694327025601418013067700485408
297	1306	94	0.34615563200719912106961828612839
300	1320	95	0.34564519778712310404955587728182
303	1333	96	0.34492683881902219678039500649902
306	1346	97	0.34434723994516958089917579854955
309	1359	98	0.34368178811553595775052372118807
312	1372	99	0.342989835478985205519109058514
315	1386	100	0.34229105974905643661188037185639
318	1399	101	0.34172795512483605806508535351895
321	1412	102	0.34119016696192822069022554387629
324	1425	103	0.34048601996825333948493153002346
327	1438	104	0.33988234444510195819688647134171
330	1452	105	0.33941833954847938636945059442951
333	1465	106	0.33876821454500888330940711057337
336	1478	106	0.33833322137298804666016849296284
339	1491	107	0.33796434387279716826668618523399
342	1504	108	0.33736054095292794530180913170625
345	1518	109	0.33674084287912864343894625562825
348	1531	110	0.33615094421868846330525570920145
351	1544	111	0.33555418267697328937870793197362
354	1557	112	0.33510527579748117243951810451108
357	1570	113	0.33462070982159691778790033822588
360	1584	116	0.33409474583761822330529867031146
363	1597	117	0.33360966782292905685736172927136
366	1610	118	0.33320298355334604378796825585596
369	1623	119	0.332715716537851979861528661786
372	1636	120	0.33226059523972706344352445739787
375	1650	120	0.33163891343094770158828055173217
378	1663	123	0.33124875159543559766106568531541
381	1676	124	0.33087307877315630388892486735131
384	1689	125	0.33043229520764710871461034003005
387	1702	126	0.33004257706320078158412911761843
390	1716	127	0.32961164153404814980419246239762
393	1729	128	0.32916057514944735418183086039789
396	1742	131	0.32879074440865163619918121185037
399	1755	132	0.32855820286842085664602564065717
402	1768	133	0.32815801576820541329837510602374
405	1782	134	0.3277120156653559601700465009344
408	1795	135	0.32733950443542764174864601045556
411	1808	136	0.32703593568313660266966280687484
414	1821	137	0.3266768404707624529059728502034
417	1834	139	0.32633037912407081293508781527635
420	1848	140	0.32594753546587512671450781454041
423	1861	141	0.32562163388504122840672039274068
426	1874	142	0.32529175973913226904699058650294
429	1887	143	0.32504454320949693890696607923019
432	1900	144	0.32466196351595233426934328235802
435	1914	145	0.32425750084346011137270693325263
438	1927	146	0.32393590583964920748272220407671
441	1940	147	0.32359172936413094223695452456013
444	1953	148	0.32326522061065199320495366919204
447	1966	149	0.32298262192035326334504929945979
450	1980	150	0.32267495225843406680965586019738
453	1993	152	0.32228737743697832840439332358073
456	2006	153	0.3220019730706134564179876633716
459	2019	154	0.32161749302969472319446708752366
462	2032	155	0.32133746710672611568426759731665
465	2046	156	0.32109712587865218980098802603607
468	2059	157	0.32082145146940171942517849856813
471	2072	158	0.32050906719763694319169644586509
474	2085	159	0.32021312698386195094713002617937
477	2098	160	0.31995570616961382937049052088696
480	2112	161	0.31966797894781984190615276020253
483	2125	162	0.31936568488267602639041342627024
486	2138	163	0.31906867963063068049933690417674
489	2151	164	0.31883491762914589751076732682122
492	2164	164	0.31853500437679443946237256568565
495	2178	165	0.31823069612599730326962799153989
498	2191	166	0.31795318933698191177228409287636
501	2204	167	0.3176712500474006550810202043067
504	2217	168	0.31736974141480417399563407343521
507	2230	169	0.31711481863472151809801857780258
510	2244	170	0.31687506161549261474164040919277
513	2257	171	0.31652007924040126418674390151864
516	2270	172	0.31630007534614756892210607475135
519	2283	173	0.31608822255255514255267712542263
522	2296	174	0.31587865799429393209862837466062
525	2310	175	0.31562408648736439698012645749259
528	2323	176	0.31542216648421522728895638465474
531	2336	177	0.31517083695937919696206108710612
534	2349	178	0.31486174306305447778697725880193
537	2362	179	0.3146154636481713895435063932382
540	2376	180	0.31439640026592297061824865522794
543	2389	181	0.31419605332184874502132743145921
546	2402	182	0.3140087757828565195872272397537
549	2415	183	0.31380133240717522635776504102978
552	2428	184	0.31355054810771793016854758207046
555	2442	185	0.31330716201931102515843008404772
558	2455	186	0.31308510705529080109243977858569
561	2468	187	0.31288217712377613954899402415322
564	2481	187	0.31271647875700075980276437803695
567	2494	188	0.31254562289721649070983744422847
570	2508	189	0.31231755983561315659358115226496
573	2521	190	0.31214322674077099595280060384539
576	2534	191	0.31193233802809067212180593742232
579	2547	192	0.31174666757039326547840119019384
582	2560	193	0.31157473670116409003583157755202
585	2574	194	0.31137928091217320636374665809853
588	2587	195	0.31115473290298606423576188717561
591	2600	196	0.31099448971959642307183457887731
594	2613	197	0.31079788617114006976649420721515
597	2626	198	0.31058956990824959643049396618153
600	2640	199	0.31038768343817491057734514470212
603	2653	200	0.31029355412710790673713745491114
606	2666	201	0.31012487371477720499157726408157
609	2679	201	0.30994755177628185993654597041314
612	2692	202	0.30978916376651793873620022168325
615	2706	203	0.30965230340515925711031286482466
618	2719	204	0.30950156764873187897890716158145
621	2732	205	0.30935469958845901450317228409403
624	2745	206	0.30917987657828233105661297486222
627	2758	207	0.30897837368388708645383644579852
630	2772	208	0.30885914697398525463611917984963
633	2785	209	0.3086979748857214822521655150922
636	2798	210	0.3085341996928493424334760675265
639	2811	211	0.30835945195646785599308259406826
642	2824	212	0.30819659394735537949472359287029
645	2838	213	0.30808214391512384056071027771395
648	2851	214	0.30794369504687041372292810592626
651	2864	214	0.30777548036850249646434463102196
654	2877	215	0.30757833762426922685762065157178
657	2890	216	0.30743227939029760253930589897209
660	2904	217	0.30725299107207765247906650074583
663	2917	218	0.30714361545997870273083663050784
666	2930	219	0.30697980600230068137790340188076
669	2943	220	0.30681777224000039705487097307923
672	2956	221	0.30664550664895506848495188023662
675	2970	222	0.30649452219343520376071410282748
678	2983	223	0.30635701975003187813584304421965
681	2996	224	0.30619034856629145924244994603214
684	3009	225	0.30603504800617137293627934013784
687	3022	226	0.30589538244512898268467893103661
690	3036	227	0.3057709993048713381647019105003
693	3049	228	0.305631837824819452276159381654
696	3062	229	0.30546221202503232028391266794642
699	3075	230	0.30529894763894382947455596877262
702	3088	231	0.30514757853618734717571214787313
705	3102	232	0.30500380225839340830873425147729
708	3115	233	0.30485920392490217789571715911734
711	3128	234	0.30474982764925295786184733515256
714	3141	235	0.30460582276897402165261041773192
717	3154	236	0.30446992205058698299779962326284
720	3168	237	0.30434024167630835400188971107127
723	3181	238	0.30416682989205440224012022554234
726	3194	241	0.3039964713003290297521630236588
729	3207	242	0.30388226761561870636896287578566
732	3220	243	0.30375239951454463538382810838812
735	3234	244	0.30360050564467322420370010149782
738	3247	244	0.30345822877342909507092372223269
741	3260	245	0.30331175186217712580472039007873
744	3273	246	0.30316220575975949547142818119028
747	3286	247	0.30300897978775176433430260658497
750	3300	248	0.30288957468451216392679725686321
753	3313	249	0.30274671934574060028211306416779
756	3326	250	0.30261538677431570887321754526056
759	3339	251	0.30249203587349016153495995240519
762	3352	252	0.30236459859263281613195317731879
765	3366	253	0.30221526759047601107255331953638
768	3379	254	0.30210646489655967883436460397206
771	3392	255	0.30197471177635198946731520663889
774	3405	256	0.30183685607887711377372852439294
777	3418	257	0.30169123442671502699496954846836
780	3432	258	0.30155636651493555877578955914942
783	3445	259	0.30143125597834569129318538216467
786	3458	259	0.30125569130137552775750009459443
789	3471	260	0.3011208679678725741446498886944
792	3484	261	0.30098598067842585734865679114591
795	3498	262	0.30085249984976558668137158747413
798	3511	263	0.3007262105208114433274602106394
801	3524	264	0.30060235873184137922464742587181
804	3537	265	0.30048269949470246542588824922859
807	3550	266	0.30038793379863099053395103510411
810	3564	267	0.30027311210151791387445996406313
813	3577	268	0.30014028746492354970953897463914
816	3590	269	0.30000771421847338693567053269362
819	3603	270	0.29989597646526272578526572942792
822	3616	271	0.29976713238625141144666486070491
825	3630	271	0.29963284664563988313190634471539
828	3643	272	0.29951955299534194221422467308003
831	3656	273	0.29940747806399503616603396949358
834	3669	275	0.2993080516996646789351643747068
837	3682	276	0.29919663278976837972322755376808
840	3696	277	0.29908976043600704608493856540008
843	3709	278	0.29899663030318185397149477466883
846	3722	278	0.29885668791716712977546421825537
849	3735	279	0.29875767207984788020880273506918
852	3748	280	0.2986406376033810539105672887672
855	3762	281	0.29853138687288294228494578419486
858	3775	282	0.29842963119717075270997952429752
861	3788	283	0.29832499996557382271333835888072
864	3801	284	0.29821245442109978185385443794075
867	3814	285	0.29809316770661231643657629319932
870	3828	286	0.29798245228142306029184283033828
873	3841	287	0.29784922824078391423441303231812
876	3854	288	0.29775463967594489878010222128069
879	3867	289	0.29765951119589262319209410634357
882	3880	290	0.29759057130613575381516966444906
885	3894	291	0.29748182768113512475238735532912
888	3907	292	0.29737310536416339257215213365271
891	3920	293	0.29725455667921224511829336734081
894	3933	294	0.29715685388715601389364451279107
897	3946	295	0.29705681661384503167155912706221
900	3960	296	0.29694068898890851881944286105863
