0	0	0	0.69314718055914625871594125783304
3	440	0	0.6846219690298289695107314400957
6	881	1	0.67851518507344588115870465117041
9	1321	2	0.66786577082567122332079634361435
12	1762	3	0.6520089376187970797715820481244
15	2202	4	0.63630571897670951120318250104901
18	2643	4	0.63211852089151132627620199855301
21	3083	5	0.62524784912601549802246836406994
24	3524	6	0.6156771746747632390039939309645
27	3964	7	0.60394900134734197383323817120981
30	4405	8	0.59081868639547008292822738440009
33	4845	9	0.58165642365714809169929822019185
36	5286	9	0.57718308170742005369646676626871
39	5726	10	0.56996388973650202736109804391162
42	6167	11	0.56101711003579024517051720977179
45	6607	12	0.55608020729756058031512111483607
48	7048	13	0.55081719097752290803526875606622
51	7488	14	0.53956847711236421982761157778441
54	7929	14	0.53504544371952944548098685118021
57	8369	15	0.53146479192119122636484007671243
60	8810	16	0.52156329525874367547544352419209
63	9250	17	0.51886147872952748105745968132396
66	9691	18	0.51504894521168953502865406335331
69	10131	18	0.51386253472976017864226605524891
72	10572	19	0.51085261401607628961585305660265
75	11012	20	0.51034591275027185730550627340563
78	11453	21	0.50602073092646404628425216287724
81	11893	22	0.50307688828974417294404020140064
84	12334	23	0.49892767121235404026435844571097
87	12774	23	0.49239133849998462100217011538916
90	13215	24	0.48921929765548122226448413130129
93	13655	25	0.48308985639756457652893573140318
96	14096	26	0.4785494246421385655665403646708
99	14536	27	0.47519583849364516181523754312366
102	14977	28	0.47100021539940695181059027163428
105	15417	28	0.46696138045659818516242012265138
108	15858	29	0.46377418993054581042301265370043
111	16298	30	0.4599720937918161944857331491221
114	16739	31	0.45621941452798253635592118371278
117	17179	32	0.45256550371844761482265084850951
120	17620	33	0.44777284774763886909809684766515
123	18060	33	0.44559391678391824243021801521536
126	18501	34	0.44065128358503219407893425341172
129	18942	35	0.43901275328607952674886405475263
132	19382	36	0.43471772162831950891970222983218
135	19823	37	0.42946862891286641250587763352087
138	20263	37	0.42324254744373213110719689211692
141	20704	38	0.42126979516531071201512759216712
144	21144	39	0.41851952288574445493196662937407
147	21585	40	0.41651465403190002234623534604907
150	22025	41	0.4123531614894674346416536536708
153	22466	42	0.40990575895813541329459894768661
156	22906	42	0.40827797635122653474581966293044
159	23347	43	0.40560577837632955100488629796018
162	23787	44	0.40525684905322190143550642460468
165	24228	45	0.40284193224974734759413763640623
168	24668	46	0.39986431324738774817362241265073
171	25109	46	0.39642653074281603009509922230791
174	25549	47	0.39229933793213966897184263871168
177	25990	48	0.39147905042462238789369166624965
180	26430	49	0.38806696631263848384918446754455
183	26871	49	0.38520890236678501095113347219012
186	27311	50	0.38335471817650879078342995853745
189	27752	51	0.38027562307723405954362760894583
192	28192	51	0.37793767000704464598115350781882
195	28633	52	0.377633718684058594661223651201
198	29073	53	0.3758410211269334055828039709013
201	29514	54	0.37431918261921509616385606022959
204	29954	54	0.37415666020011306702741649132804
207	30395	55	0.37408064900320520118626177463739
210	30835	56	0.37305219055731309030221609646105
213	31276	56	0.36916347416133954428829611060792
216	31716	57	0.36819552656367249277025166520616
219	32157	58	0.36762322459150037490260842787393
222	32597	59	0.36642938359869903219845355124562
225	33038	59	0.36436832233057625529681899934076
228	33478	60	0.36238789911284496891852313638083
231	33919	61	0.36185217111346373863867142972595
234	34359	61	0.36049139921655776186426578533428
237	34800	62	0.35856121641573551750425963291491
240	35240	63	0.35606577370558856188154095434584
243	35681	63	0.35560830890279576665946592584078
246	36121	64	0.35378106931530151069154044307652
249	36562	65	0.35264937459713902034863508561102
252	37003	66	0.35167037126844108430034907541994
255	37443	66	0.35002063390865223446724030509358
258	37884	67	0.35088096459359019441137661488028
261	38324	68	0.34993866764510361822004824716714
264	38765	68	0.34922453247420581767812564066844
267	39205	69	0.35017884025290946237163325349684
270	39646	70	0.34961385542572753770684812479885
273	40086	71	0.34772659148248558080851466911554
276	40527	71	0.34701445391443891397287302424957
279	40967	72	0.34646101877340557129159037685895
282	41408	73	0.34641985314067447188079995612497
285	41848	73	0.34602393363218686417326352966484
288	42289	74	0.34648719921905890561930618787301
291	42729	75	0.34544095802867474942488001943275
294	43170	75	0.34556606408120243978387975403166
297	43610	76	0.34450447906102577011466792100691
300	44051	77	0.34234104991229930003981962727266
303	44491	78	0.34067516593795837964719908086408
306	44932	78	0.34072525196007014125498812973092
309	45372	79	0.34103498778511237565780334080046
312	45813	80	0.34110062758520087733415948605398
315	46253	80	0.34047077590537749847143800252525
318	46694	81	0.33934286786550466041845197651128
321	47134	82	0.33922186834705114755195154430112
324	47575	82	0.33780452144429901073507949149644
327	48015	83	0.33682355615295739292847088108829
330	48456	84	0.33548125615321788828282478789333
333	48896	85	0.33516537511186250686279208821361
336	49337	85	0.33469965664121126280861062696204
339	49777	86	0.33435329285298048818120264513709
342	50218	87	0.3342244466600566843439423792006
345	50658	87	0.33231111715473260481701345270267
348	51099	88	0.33154686572661984378385113814147
351	51539	89	0.33089840867283898395712071760499
354	51980	89	0.33039628474723969908666276751319
357	52420	90	0.32964047233205112652498769421072
360	52861	91	0.32989975227348755648648648275412
363	53301	92	0.33012516158651755704411812075705
366	53742	92	0.33057094395587832691418839203834
369	54182	93	0.33009075795284165133480769327434
372	54623	94	0.32886897684761662308261520593078
375	55064	94	0.327637507539557171210020669605
378	55504	95	0.32708757044071723463218859251356
381	55945	96	0.32725174372738935479887345536554
384	56385	97	0.32648451121822175124975728977006
387	56826	97	0.32514063188773961732280781689042
390	57266	98	0.32482584350687765395448991512239
393	57707	99	0.32434353963928480579781421511143
396	58147	99	0.32310758360620689400022342852026
399	58588	100	0.32385084434667082975423113566649
402	59028	101	0.32411717079336938018840896802431
405	59469	102	0.32389160061607452645304761063016
408	59909	102	0.32318202823113267863064379525895
411	60350	103	0.32319993190828139040249311619846
414	60790	104	0.32241803449889910870851394975034
417	61231	105	0.32124921821357488305181959731271
420	61671	106	0.32076300602894991520486200897722
423	62112	107	0.32102720123959244125089185217803
426	62552	107	0.32160159384868874932195126348233
429	62993	108	0.32147103415890421196365878131473
432	63433	109	0.3218814430918334745790332362958
435	63874	110	0.32172981689857271803134608489927
438	64314	111	0.32242116418178978776154508523177
441	64755	112	0.32232871219105663218584822971025
444	65195	112	0.32159933288914555049586851964705
447	65636	113	0.32160542387431823030397026741412
450	66076	114	0.32141241306543377742599432167481
453	66517	115	0.32017737179627042687357629802136
456	66957	116	0.31973925523312801688646800357674
459	67398	116	0.31948275341878268340778390665946
462	67838	117	0.3188604927639496211533298719587
465	68279	118	0.31847121998777067064523293993261
468	68719	119	0.31765297346013288137811514388886
471	69160	120	0.31735860427339379619127157639014
474	69600	121	0.3160540453144028427701073269418
477	70041	121	0.31640631194563723083135187152948
480	70481	122	0.31516227623246978462034917356505
483	70922	123	0.31477984165664218974001187234535
486	71362	124	0.31504374518734407084608051263785
489	71803	125	0.31419088173823872534029533198918
492	72243	125	0.31391533361668177981584904046031
495	72684	126	0.31324559271925789261104000615887
498	73124	127	0.31273958044373401099491616150772
501	73565	128	0.31232720302857974736809865135001
504	74006	129	0.31193731327142704135013673294452
507	74446	130	0.3118317434422550049610833866609
510	74887	130	0.31190832965891490680121478362707
513	75327	131	0.31171409249155596077329732906946
516	75768	132	0.31146425131790189677616353947087
519	76208	133	0.31075936753232358267240442728507
522	76649	134	0.31083856224080930186204341225675
525	77089	134	0.31054088481672165178437694521563
528	77530	135	0.31006984581262231337461798830191
531	77970	136	0.30989518165115698122846765727445
534	78411	137	0.30988312274665735790435405760945
537	78851	138	0.30982455735126840368209855114401
540	79292	139	0.30952966204831389163132371322718
543	79732	139	0.30888400231912399584999207036162
546	80173	140	0.30820247389006205640527014111285
549	80613	141	0.30774268545186878043296019313857
552	81054	142	0.30647726559593774231515794781444
555	81494	143	0.30675153447895214808838204589847
558	81935	143	0.30589678572586448401793290940986
561	82375	144	0.30586419992309871185298675300146
564	82816	145	0.30578102632431480856212147045881
567	83256	146	0.3050403959048823554489615617058
570	83697	147	0.30524826406799371314448876546521
573	84137	148	0.30480981778105015189694881883042
576	84578	148	0.30495405881282122706465997907799
579	85018	149	0.30506897733587790000342465646099
582	85459	150	0.30528894236141401741235767985927
585	85899	151	0.30557019635100501897539970741491
588	86340	152	0.30487509987026617519489946062095
591	86780	153	0.30424167423352754813237197595299
594	87221	153	0.30424741783263614669508001497888
597	87661	154	0.30457755734775132649971851606097
600	88102	155	0.30408864464475587885416985045595
603	88542	156	0.30383926731848837077265557127248
606	88983	156	0.30396802940275957638505133218132
609	89423	157	0.30367788398661499371655736467801
612	89864	158	0.3035897459018712107869930605375
615	90304	158	0.30305265027427275015270424773917
618	90745	159	0.30272018765422537001086311647668
621	91185	160	0.30217942656144175517241023953829
624	91626	161	0.30184983179207292014467611807049
627	92067	161	0.30174024680018002309012103978603
630	92507	162	0.30164276054692673589840978820575
633	92948	163	0.30156733454614376155333843598783
636	93388	163	0.30133750708668932682954277879617
639	93829	164	0.30102885992578087837046041386202
642	94269	165	0.30104405248499455094446375369444
645	94710	165	0.30112884808885059806371486956778
648	95150	166	0.30092240199758929497519943652151
651	95591	167	0.30107432269064210439424300602695
654	96031	168	0.3006027501705885174310139973386
657	96472	168	0.30055377457651449857323200376413
660	96912	169	0.30007185104527361874104940397956
663	97353	170	0.29976295153299165052729335911863
666	97793	170	0.29975572910307141105690220683755
669	98234	171	0.29962103771145970343425801729609
672	98674	172	0.29968976613649794815685822868545
675	99115	172	0.2992493434084164127817473399773
678	99555	173	0.29905215962845604904529750456277
681	99996	174	0.29900892309974980154407830923446
684	100436	175	0.29867147823676631901435030158609
687	100877	175	0.29877027538726003141889009384613
690	101317	176	0.29849813403595865102246875721903
693	101758	177	0.2984767805595601730672683515877
696	102198	177	0.29815530606219564635495089532924
699	102639	178	0.29761969421066908347839330417628
702	103079	179	0.29728854251341041425860112212831
705	103520	180	0.2971573651183980202539203219203
708	103960	180	0.2973173986238696886452714807092
711	104401	181	0.29749900552945185427944352341001
714	104841	182	0.29742700616447731443159341324645
717	105282	182	0.29750001122184049906493896742177
720	105722	183	0.29729924874178187410578289018304
723	106163	184	0.29719185809976012002664447209099
726	106603	184	0.29728730244358109180424776241125
729	107044	185	0.29697180700928760277435003445134
732	107484	186	0.2968853723633523289393565391947
735	107925	187	0.2967560013676546759597840718925
738	108365	187	0.29670224464786865148369088274194
741	108806	188	0.29683435421570797396739749274275
744	109246	189	0.29657160343408978109280837998085
747	109687	189	0.2964144245600248694927358883433
750	110128	190	0.29609564339581923020361386988952
753	110568	191	0.29604287150136987527559995214688
756	111009	191	0.29588066931252915425787364256394
759	111449	192	0.29578559798687625859159311403346
762	111890	193	0.29571878201400270125276392718661
765	112330	194	0.29585249919545664187836564451572
768	112771	194	0.29577150851620298555033627962985
771	113211	195	0.29546466194426029838737690624839
774	113652	196	0.29574061979155680246478254957765
777	114092	196	0.29563919551358569526300357210857
780	114533	197	0.29566295342589549166589790729631
783	114973	198	0.29543113351391930843092836767028
786	115414	199	0.29534490168662275166866493236739
789	115854	199	0.29548433559131359604776889682398
792	116295	200	0.2952634027386579207430372662202
795	116735	201	0.29550770472062798388535043159209
798	117176	201	0.29541819082251941086525448554312
801	117616	202	0.29529773851426616149140613742929
804	118057	203	0.29536521874774762652648973926262
807	118497	203	0.29554390183249079626648381236009
810	118938	204	0.29564397001050124469401225724141
813	119378	205	0.29531916655562873152973679680144
816	119819	206	0.29522191022461763409978630079422
819	120259	206	0.29527110026707281686952910604305
822	120700	207	0.29530826105881563536925682456058
825	121140	208	0.29496994502071732791037561582925
828	121581	209	0.29506362961985760362537689616147
831	122021	210	0.29489055312407308484523582592374
834	122462	210	0.2946714721308798523580207984196
837	122902	211	0.29443490311658554459128822600178
840	123343	212	0.294621975502179389572177115042
843	123783	213	0.29452487889217610073089304023597
846	124224	213	0.29463675979809422766919624336879
849	124664	214	0.29475632366768883541041645912628
852	125105	215	0.29459017035141316087631935261015
855	125545	216	0.29458582819467449276373827160569
858	125986	217	0.29445824089963390512991736613913
861	126426	218	0.29457119777561724394132625093334
864	126867	218	0.2943069212065982376280715016037
867	127307	219	0.29416666051161632911004062407301
870	127748	220	0.29365545401817250148468474435504
873	128188	221	0.29366832965227951390829730371479
876	128629	222	0.29330013347338240725648006446136
879	129070	223	0.29311682036849040500214869098272
882	129510	223	0.29286392197088600974907990348584
885	129951	224	0.29258036292117212129326730973844
888	130391	225	0.29284499045114814608226083691989
891	130832	226	0.29286127315917187541316479837405
894	131272	227	0.29271581968839421872274897395982
897	131713	228	0.2923830509488131168538416204683
900	132153	228	0.29238967440959828802959918903071
