0	0	0	0.69314718055914625871594125783304
3	2199	0	0.67625026326366510787124752823729
6	4399	0	0.66016006586294151414762154672644
9	6599	1	0.66256417568600944889567472273484
12	8799	1	0.66289624980682260169118080739281
15	10999	1	0.65951066124961443826180129690329
18	13199	2	0.64404528670851735050462139042793
21	15399	2	0.64079825985047123015903025589068
24	17598	3	0.62896001621906716394505565403961
27	19798	3	0.62310743355280517885574909087154
30	21998	4	0.61266098311200956061384204076603
33	24198	4	0.60337696776713634072564218513435
36	26398	5	0.60569329293304152717070110156783
39	28598	5	0.59546604162252703140723042452009
42	30798	6	0.58201624259201123479101624980103
45	32997	6	0.56424688350461571495486623462057
48	35197	6	0.55859012337507552015125611433177
51	37397	7	0.548819566927633784025886143354
54	39597	7	0.54005580473275272002098290613503
57	41797	8	0.52965899766142410243219273979776
60	43997	8	0.52809352731416248083462505746866
63	46197	9	0.52058874543958899572260179411387
66	48396	9	0.5139861667575654768924664494989
69	50596	9	0.51373827177695419177183566716849
72	52796	10	0.51062787018738531319428375354619
75	54996	10	0.5020492571153507554981842986308
78	57196	11	0.50315164232853026859970668738242
81	59396	11	0.50240083014415160000964988284977
84	61596	11	0.49232859895166614094819124147762
87	63795	12	0.49023480499206689708913131653389
90	65995	12	0.48228381454356894497692564982572
93	68195	13	0.47565061186543650117997117376945
96	70395	13	0.46759329627444934374125296017155
99	72595	14	0.46163327630859635197779766713211
102	74795	14	0.45558036859821771091816344778636
105	76995	14	0.44927461223873471629630671486666
108	79194	15	0.44620022846102042057836456478981
111	81394	15	0.4401906397041543406167818375252
114	83594	16	0.43869113579459051432962723993114
117	85794	16	0.43514379663214186599873301020125
120	87994	17	0.42992175096824114532978455827106
123	90194	17	0.42434563369257205511786423812737
126	92394	18	0.42567776010028252064998355308489
129	94593	18	0.42316398671404137354912222690473
132	96793	18	0.42130532381617552539765370056557
135	98993	19	0.41705140101232435201339399100107
138	101193	19	0.41191630478651347635477009134775
141	103393	20	0.41108916820933844027408099464083
144	105593	20	0.40862650657223847927568272098142
147	107793	21	0.40584309735349061165621264990477
150	109993	21	0.40497586310038008461376080049376
153	112192	22	0.40166265192571565245671649790893
156	114392	22	0.39712970941914066402844696312968
159	116592	23	0.39462827374720438333710603728832
162	118792	23	0.39297196973708115042001054462162
165	120992	23	0.39046795800460704084500207500241
168	123192	24	0.38998587400448925244234033016255
171	125392	24	0.38831941011753667858386052103015
174	127591	25	0.3853907339218839989136711210449
177	129791	25	0.38512332807504390252972825692268
180	131991	25	0.38618201648507555212574970937567
183	134191	26	0.38434320254346993062100068527798
186	136391	26	0.38412931143484241314212113138638
189	138591	27	0.38292902670279282961729450107669
192	140791	27	0.38038721486212445643815271978383
195	142990	27	0.38009240003686745046351802557183
198	145190	28	0.37624839955027633564554889744613
201	147390	28	0.37299574305073202040716751071159
204	149590	29	0.37163081039645451397746001021005
207	151790	29	0.37072761265510162376202174527862
210	153990	30	0.37031669521087201557563162168663
213	156190	30	0.36956227627770110721883156656986
216	158389	31	0.36933746929954514026661627212889
219	160589	31	0.36743039398106969173340985435061
222	162789	32	0.36379906116808830018882758849941
225	164989	32	0.36685238348634774396828106546309
228	167189	32	0.36416662714521236265952097710397
231	169389	33	0.36425248440914026470949238500907
234	171589	33	0.36325353315098724005238750578428
237	173788	34	0.36497833258265166556100211892044
240	175988	34	0.36417350728499187084707955364138
243	178188	35	0.36546655725567050998492391045147
246	180388	35	0.36517909929895892018336667206313
249	182588	35	0.36331499454199966958611867084983
252	184788	36	0.36258792402416828437594631395768
255	186988	36	0.36269490146820881903977351612411
258	189187	37	0.35833066021072795814816913662071
261	191387	37	0.35783127927708452409305550645513
264	193587	37	0.35781607717078856012449250556529
267	195787	38	0.35710100843688574734358098794473
270	197987	38	0.35730060829499504793105302269396
273	200187	39	0.35609234920117083245116873513325
276	202387	39	0.35483736095623019668465758513776
279	204586	39	0.3544402322231840485322607037233
282	206786	40	0.3533347722432400583869593901909
285	208986	40	0.35355773911937482534284526991541
288	211186	41	0.35329353420347042735727427498205
291	213386	41	0.35387471100551526337341101680067
294	215586	42	0.35332410150463533504705537779955
297	217786	42	0.35344926034137480463925840012962
300	219986	42	0.35424891334659686092933839063335
303	222185	43	0.3547087238487127702768475501216
306	224385	43	0.35553432578045135459277048539661
309	226585	44	0.35328085998828095970480944743031
312	228785	44	0.35044066302316062566646337472775
315	230985	45	0.34756928627678534970968371453637
318	233185	45	0.34645126638378664907236270664725
321	235385	46	0.34483631405528603064425396951265
324	237584	46	0.3417928979530400757091967989254
327	239784	47	0.3417051800464391275724551633175
330	241984	47	0.339602804305229710735147818923
333	244184	47	0.34017567551203697906458955912967
336	246384	48	0.34054200793640565514408535818802
339	248584	48	0.34122898480445490454471269003989
342	250784	49	0.34011191692986009194044072501129
345	252983	49	0.34215522031789674661794720122998
348	255183	49	0.34234885197256759159500916211982
351	257383	50	0.34216225518037768349444149862393
354	259583	50	0.34098271396888713002937265628134
357	261783	51	0.34158717397141125093895652753417
360	263983	51	0.34066108926529836686825092328945
363	266183	51	0.34090742956558028886604461149545
366	268382	52	0.34024171075200981828601243250887
369	270582	52	0.3389816151686502188056238082936
372	272782	53	0.33845065279406666425288108257519
375	274982	53	0.338004872334050909810088114682
378	277182	54	0.33927019735717306447853047757235
381	279382	54	0.33875069795316187226674742305477
384	281582	54	0.33965746200596569348562070445041
387	283781	55	0.33982637053497949386482446243463
390	285981	55	0.33938707946225593614641979911539
393	288181	56	0.33883106265081108787740049592685
396	290381	56	0.337543147180352720582163783547
399	292581	56	0.33687069535173913559233938030957
402	294781	57	0.33569869889473724633432993869064
405	296981	57	0.33624841593818488583167436445365
408	299180	58	0.33617966407983873589060408448859
411	301380	58	0.33466317346534762977583454812702
414	303580	59	0.33400657275298978321487197717943
417	305780	59	0.33251883987202485171152943621564
420	307980	60	0.33111411355959069480192624723713
423	310180	60	0.33134582965198289272734655241948
426	312380	61	0.33142559715839586820251838616969
429	314579	61	0.33030624297166327751895664732729
432	316779	61	0.32979637606230077784275067642739
435	318979	62	0.32959244933210579686644337016332
438	321179	62	0.33069998694514468606797663596808
441	323379	63	0.33064516879885508249259373769746
444	325579	63	0.33034875093341520280176837331965
447	327779	63	0.32826552648486534424776550622482
450	329979	64	0.32860616605202047635359008381783
453	332178	64	0.32808266231024507675329004996456
456	334378	65	0.32673550160243808315740920988901
459	336578	65	0.32576155888015467798624058559653
462	338778	65	0.32410282782939642265418456190673
465	340978	66	0.32637972725141084495703580614645
468	343178	66	0.32586542349055208633856750566338
471	345378	67	0.32369578065677262479482578783063
474	347577	67	0.32247525216645706036544538619637
477	349777	67	0.32137225859094559199391483161889
480	351977	68	0.32087016441758309248655223200331
483	354177	68	0.32054723781947919158952231555304
486	356377	69	0.31933751007423138990048983032466
489	358577	69	0.31853913607891015669082435124437
492	360777	70	0.31816835637481527543357628928788
495	362976	70	0.31746474195832641296277643050416
498	365176	71	0.31749982223767847511197714993614
501	367376	71	0.31728252947448992715706594935909
504	369576	71	0.3156806027678946136028059754608
507	371776	72	0.31479554355014649491550926541095
510	373976	72	0.31454477019812004945364947161579
513	376176	73	0.31516378140973688726234058776754
516	378375	73	0.31360119281387921486015102345846
519	380575	74	0.31298598672678351606535329665348
522	382775	74	0.31235258914018371179110999946715
525	384975	75	0.31196137095408504880111877355375
528	387175	75	0.31105666036488494041734043094038
531	389375	75	0.31051085318077686903137646368123
534	391575	76	0.30989049099093030070761756178399
537	393774	76	0.30985658582696862239913571102079
540	395974	77	0.30975086225042636201010282093193
543	398174	77	0.309669148519066572688984706474
546	400374	78	0.30935349302048087416494581702864
549	402574	78	0.30938378563323104541993302518677
552	404774	78	0.30981677477851499169503313169116
555	406974	79	0.30986070974335144789790774666471
558	409173	79	0.30876478060609313658346763986629
561	411373	80	0.30899637863321904873714629502501
564	413573	80	0.30866351481237580545169407741923
567	415773	80	0.30870697403088809274152026773663
570	417973	81	0.30880549170324678165400200668955
573	420173	81	0.30944889647432927137771230263752
576	422373	82	0.3092020741241930381626445978327
579	424572	82	0.30876029191202980506147923733806
582	426772	83	0.30853864989225704418274176532577
585	428972	83	0.30924457262971061233258751599351
588	431172	83	0.30864579290700683289472294745792
591	433372	84	0.30774659896716272111660828159074
594	435572	84	0.30735692917266949075738580177131
597	437772	85	0.30749302206358131162033942018752
600	439972	85	0.30667001024037077172579301986843
603	442171	86	0.30756620289705255411050188740774
606	444371	86	0.30680232035129278989060708227044
609	446571	86	0.30679354616741949524083565847832
612	448771	87	0.30584511244003098617838531936286
615	450971	87	0.30577858996490170362392291281139
618	453171	88	0.30579113272667401979276746715186
621	455371	88	0.30532752309870819784620721293322
624	457570	88	0.30516615808392583142349963054585
627	459770	89	0.30517162362400374053805762741831
630	461970	89	0.30557231718226918193437313675531
633	464170	90	0.30545141712932322164419929322321
636	466370	90	0.30625051853714230221115144559008
639	468570	91	0.30681078452907617482026125799166
642	470770	91	0.30665372499811516249224041530397
645	472969	91	0.30671491669224326681586489939946
648	475169	92	0.30610248574820886346969928126782
651	477369	92	0.30664891428523705085851247531537
654	479569	92	0.3066509672127897268012475251453
657	481769	93	0.30609085478476916186707512679277
660	483969	93	0.30698401599171371012531039923488
663	486169	94	0.30637447171834131243173260372714
666	488368	94	0.30560741359062398858625897446473
669	490568	95	0.30512784210929305706017089505622
672	492768	95	0.3046786219840569853722911375371
675	494968	95	0.30369239855363416857869651721558
678	497168	96	0.30373742446771162528662557633652
681	499368	96	0.30381794419731406042828325553273
684	501568	97	0.3033480592806629960733744155732
687	503767	97	0.30275772267712441898623865199625
690	505967	98	0.30255621798748283390878555110248
693	508167	98	0.30253098555645652201206985409954
696	510367	99	0.30156802568740409542513702945143
699	512567	99	0.30124143415282889080231143452693
702	514767	100	0.30101042800868255122637151544041
705	516967	100	0.3010945289980044847766293969471
708	519166	101	0.30085090404716730017042891631718
711	521366	101	0.30053837089514173763760140900558
714	523566	101	0.30044747444082320342317871109117
717	525766	102	0.30022798961266422557159216921718
720	527966	102	0.30060542814217722229486184915004
723	530166	102	0.30033082439768926663603565430094
726	532366	103	0.30027987749236811909625544103619
729	534565	103	0.30015068729640842493111563271668
732	536765	104	0.30004150002605362024254986863525
735	538965	104	0.29973873743582207795910221648228
738	541165	104	0.2995767194394432508808279180812
741	543365	105	0.29956263043036002180485866119852
744	545565	105	0.29940197603830648320766272263427
747	547765	106	0.29915062207938936111872862966266
750	549965	106	0.29871583053320283074327790018287
753	552164	106	0.29851513120994704886257409270911
756	554364	107	0.29897431445101424474231066596985
759	556564	107	0.29842901834388069204351268126629
762	558764	108	0.29824140267059290332340992790705
765	560964	108	0.29846953805750325861012584027776
768	563164	109	0.29870007383935270883767998384428
771	565364	109	0.29810140350436936662603670811222
774	567563	109	0.2974371221874341220114956740872
777	569763	110	0.29679858878781945064062597339216
780	571963	110	0.29680522253802493759522462823952
783	574163	111	0.29691057158447120567501542609534
786	576363	111	0.29672052374217311454529522052326
789	578563	112	0.2963972997868713488145431256271
792	580763	112	0.29650948942616445203057651269773
795	582962	113	0.29632249411183542164849313849118
798	585162	113	0.29607477521617869831160874127818
801	587362	113	0.29612091492600378650479342468316
804	589562	114	0.29583142103102011422066652812646
807	591762	114	0.29568697670216276263133181601006
810	593962	115	0.29540881512016492482786134132766
813	596162	115	0.29542185342399879255381733855756
816	598361	116	0.29532099312326115514437674391957
819	600561	116	0.29538297203443775185149888784508
822	602761	116	0.29534084217947664807724095226149
825	604961	117	0.29541017684540976651064170255268
828	607161	117	0.29554764969082281123036182179931
831	609361	118	0.29555037477028900383402287843637
834	611561	118	0.29498015248916431563230844403733
837	613760	118	0.29487713899898887470740760363697
840	615960	119	0.2948644313427958851825394503976
843	618160	119	0.29458772454548431962706445119693
846	620360	119	0.29431772190670585365168676617031
849	622560	120	0.29401728172672503269780008849921
852	624760	120	0.29346214224269057124772075439978
855	626960	121	0.29362518655662378508353071993042
858	629159	121	0.2938344692168319283176458611706
861	631359	122	0.29354826458624960761056854607887
864	633559	122	0.29339648708714405334063712871284
867	635759	123	0.29285485744265804530783725567744
870	637959	123	0.29252806521874008538475209206808
873	640159	124	0.29184558166574486870459281817602
876	642359	124	0.29161085266805081284147149744967
879	644558	125	0.29144920479627722809112810864463
882	646758	125	0.29148385680710570122542435456126
885	648958	125	0.29137397802398307122828668980219
888	651158	126	0.29154477869779960030882648425177
891	653358	126	0.29126526204626612681636288471054
894	655558	127	0.29090527084296224913373407616746
897	657758	127	0.29068912887255993204860260448186
900	659958	128	0.2907319993330073071291508313152
