0	0	0	0.69314718055914625871594125783304
3	2202	3	0.67938557712964131596322658879217
6	4405	7	0.66753522303425616435390566039132
9	6607	11	0.65611275623350862051808007890941
12	8810	15	0.64455332563428746617262277140981
15	11012	19	0.63422402739395267179389747980167
18	13215	23	0.62422928527695142886244639157667
21	15418	26	0.61410951925244805504888745417702
24	17620	30	0.60300798797810095663862739456818
27	19823	33	0.59444514336809817223183927126229
30	22025	37	0.58665409602474716255215980709181
33	24228	40	0.57684823242200933268719609259279
36	26430	43	0.56635690468771671124414979203721
39	28633	47	0.55878437527033963938549732120009
42	30835	50	0.54857066043230906515759670583066
45	33038	53	0.54058933415434717861813851413899
48	35241	56	0.53210830170247680470652085205074
51	37443	59	0.52563972933913449825382713243016
54	39646	63	0.52091283522429154828614628058858
57	41848	66	0.51375887611289772216593974007992
60	44051	69	0.50761411880150397735178557923064
63	46253	73	0.50113251356156862659219086708617
66	48456	76	0.49674863026862148274176433915272
69	50658	80	0.49293709106782040985095250107406
72	52861	83	0.48786017196414571683860117445874
75	55064	86	0.48258760263612027197055454053043
78	57266	90	0.47681350154619295267366396728903
81	59469	94	0.47033468054256838408733187861799
84	61671	97	0.46547052797417909353328013821738
87	63874	101	0.4601611494368253452158512573078
90	66076	105	0.4556670591174110662713303554483
93	68279	109	0.45258844276684512264452564522799
96	70482	113	0.44828687437168390772512793773785
99	72684	117	0.44588698895225375995465810774476
102	74887	120	0.44240638473954313480973610239744
105	77089	124	0.43753397303542002072518357636
108	79292	128	0.43377855906207490876980159555387
111	81494	132	0.43020947593280522980307978286874
114	83697	136	0.42702223118023685533017896887031
117	85899	139	0.42373251326367922242610575267463
120	88102	142	0.42100732438747567876191624236526
123	90305	146	0.41704900261678867767756173634552
126	92507	149	0.41418070216179370124365277661127
129	94710	152	0.41200362245591809484679401975882
132	96912	155	0.40975119845934920848051774555643
135	99115	159	0.40804040546413189449737046743394
138	101317	162	0.40580864722825904511438466215623
141	103520	165	0.40366477649747345424202649155632
144	105723	169	0.40167760216488540558898989729641
147	107925	172	0.40053551372915097150695373784401
150	110128	175	0.39806882416200645158355087005475
153	112330	179	0.39567460022063005720127648601192
156	114533	182	0.39336205440526272880674696352798
159	116735	185	0.39112005731140242481558289000532
162	118938	188	0.39016609116305256410583979231887
165	121140	192	0.3887453118192913947837041632738
168	123343	195	0.38709114297674529492354622561834
171	125546	199	0.38518636377865039799317514734867
174	127748	202	0.38403816052561529081899038828851
177	129951	206	0.3829167752650281530968356946687
180	132153	210	0.3807917525259951196936469841603
183	134356	213	0.37934787505365402671131391798554
186	136558	217	0.37798690065909862356718917908438
189	138761	221	0.37611750700373286493416458142747
192	140964	225	0.37491004473676253772040922740416
195	143166	228	0.37436622184048390371557957223558
198	145369	232	0.37313494954569376149677850662556
201	147571	236	0.37140158367160408525720072248077
204	149774	240	0.37076418427614571404760113182419
207	151976	244	0.36900118718177354892873154312838
210	154179	247	0.36790371678543876132749801399768
213	156381	250	0.36735364062493075509863160732493
216	158584	253	0.36652449812871379375422975499532
219	160787	256	0.36492205237109909266024487806135
222	162989	260	0.36324921426243911293241239945928
225	165192	263	0.36140958578091558761613555361691
228	167394	266	0.36000902479137125711261546712194
231	169597	269	0.35879562006266746410076962092717
234	171799	273	0.35734699572905054276716896310973
237	174002	276	0.35653645531011246561092775664292
240	176204	279	0.35544465681984593885545109515078
243	178407	282	0.35449966913766256526585607389279
246	180610	285	0.35322484635745238223947239930567
249	182812	289	0.35302860752349435324859427964839
252	185015	292	0.35142110355832206769477465968521
255	187217	295	0.35027978780455976126617656518647
258	189420	298	0.34969032331275401448422712746833
261	191622	302	0.34890436619652859251416998631612
264	193825	306	0.34803476582956666129931022624078
267	196028	310	0.34697169893327894918400033930084
270	198230	313	0.34566020162125904446881463627506
273	200433	317	0.3448388902600563743483519374422
276	202635	321	0.34502536620461871086362748428655
279	204838	325	0.34482753370876634280151051825669
282	207040	329	0.34436740198516563316033511910064
285	209243	333	0.34362993573076822118039785891597
288	211445	336	0.3430490862387738926209124201705
291	213648	340	0.3423926285866313867778387702856
294	215851	344	0.34182276236954806103440773767943
297	218053	347	0.34140155353603579557741909411561
300	220256	351	0.34114707634392660295929999847431
303	222458	354	0.34011492983139246515378317781142
306	224661	357	0.33968507374333467563332078498206
309	226863	361	0.33954589865146778127069637776003
312	229066	364	0.33869598711279058633749627915677
315	231268	367	0.338278531649750358045736220447
318	233471	370	0.3379394887127019631023472356901
321	235674	374	0.33696408172150321691518115585495
324	237876	377	0.33619396429797765435409928613808
327	240079	380	0.33516451382110845624850981039344
330	242281	383	0.33456562561754510376488269685069
333	244484	386	0.33419806653608558066892442184326
336	246686	389	0.33391604971676358548648977375706
339	248889	393	0.33303759336764904297467637661612
342	251092	396	0.33247965928323575113267906999681
345	253294	399	0.3315423388265000270713755980978
348	255497	402	0.33144852709346084296271328639705
351	257699	406	0.33063558110443191928595751960529
354	259902	409	0.33014741637854627676063046237687
357	262104	413	0.32998344328864365193609842208389
360	264307	417	0.32946326044459511850348576444958
363	266509	421	0.32877178527580469546975905359432
366	268712	425	0.32828372895444479784288205337361
369	270915	428	0.32778762639356961994252515069093
372	273117	432	0.32757578459974229234674680810713
375	275320	436	0.32694610472998258954291372901935
378	277522	440	0.32634273613945846692629970675625
381	279725	443	0.32554256722893598618995270044252
384	281927	447	0.32536855644936168996395053909509
387	284130	451	0.3251606198873621678124834488699
390	286332	455	0.3249498010177481743809835279535
393	288535	458	0.32459878968310673652553077772609
396	290738	462	0.32443770760508755524043067453022
399	292940	465	0.32443177765585468064202245841443
402	295143	468	0.32394742165068896033730538874806
405	297345	471	0.32362032426919606908910509446287
408	299548	474	0.32331011366331774414817346041673
411	301750	478	0.32316418625221998706109616250615
414	303953	481	0.32263985713650777942262948272401
417	306156	485	0.32210412127486220956740226029069
420	308358	488	0.32139618730183616701623350309092
423	310561	491	0.3210017961118702967127092051669
426	312763	494	0.32057209722769591797586485881766
429	314966	497	0.32065273912536140787921112860204
432	317168	501	0.32020618005551459983593076685793
435	319371	504	0.31965185468664825130247209017398
438	321573	507	0.31991217631002272225870797228708
441	323776	510	0.31966174054150392480622144830704
444	325979	514	0.31968278829780322203291120786162
447	328181	517	0.31959277405807551275529476697557
450	330384	521	0.31920381884212745138285072243889
453	332586	525	0.31900315358267367082945042966458
456	334789	529	0.31860564360201887312840085542121
459	336991	532	0.31854823686343991528957531045307
462	339194	536	0.31791973832738373850759217020823
465	341396	540	0.31755058668793390008744381702854
468	343599	544	0.31726029437385544484939714493521
471	345802	548	0.31677376372609439281191612280963
474	348004	551	0.31679704336427888522464968446002
477	350207	555	0.31634804063743460211810543114552
480	352409	559	0.31615582788154805715663542287075
483	354612	563	0.31606897840888531492353763496794
486	356814	566	0.31606882847299144767561074331752
489	359017	570	0.31574886504482951865568907123816
492	361220	573	0.31527707312863206823294603964314
495	363422	576	0.31500399868611611564617192016158
498	365625	579	0.31487765590233174339829247401212
501	367827	583	0.31436450374659719031456006632652
504	370030	586	0.31438113944166529156731826333271
507	372232	589	0.31409593240157596127914985117968
510	374435	592	0.313718812226875476412146781513
513	376637	595	0.31350612570110403254375341930427
516	378840	598	0.31334707335853473342268671331112
519	381043	602	0.3132836944211698781970198979252
522	383245	605	0.31270105423422833723634539637715
525	385448	608	0.31240796179458169001819101140427
528	387650	611	0.31209778780504615625090991670731
531	389853	615	0.31208125430708311132121934861061
534	392055	618	0.31205755600732193455471019660763
537	394258	622	0.31180670186868203463959048349352
540	396460	625	0.31160051195472832086252878980304
543	398663	629	0.31118175083158161609020453397534
546	400866	633	0.31111887504115587343989091095864
549	403068	637	0.31091939277469216040827859615092
552	405271	641	0.31043271581074222131846340744232
555	407473	645	0.31032704948278561074559434018738
558	409676	648	0.30983722102899075023785258053977
561	411878	652	0.30956562766640610684376611061452
564	414081	656	0.30955991981175101646073244410218
567	416284	660	0.30948329630741500118062958790688
570	418486	663	0.30941794469765238062564094434492
573	420689	667	0.30924216571853846424744460819056
576	422891	670	0.30884359786939447056752783282718
579	425094	674	0.30861010025393659228498677293828
582	427296	677	0.30849819474459233559215931563813
585	429499	680	0.30808227255962183921411678966251
588	431701	683	0.30792658044416154616840231028618
591	433904	687	0.30773027016986231885198321833741
594	436107	690	0.30724370279914764436668406233366
597	438309	693	0.3069903158686678179556395207328
600	440512	697	0.30696196959794141978505876977579
603	442714	700	0.30685731294578227901226341600704
606	444917	703	0.30687984166314263845265486452263
609	447119	706	0.30690372036273522171612171405286
612	449322	709	0.30702551395679539281147185647569
615	451524	713	0.30679572007328448357554862013785
618	453727	716	0.30666958682984485351497028204903
621	455930	719	0.30672530308917739239049637944845
624	458132	722	0.30670833182382251091979696866474
627	460335	725	0.30643716143217647474017439890304
630	462537	729	0.30621257607787610854899185142131
633	464740	732	0.30595001775845243052742716827197
636	466943	736	0.30570731526050498594315740774618
639	469145	740	0.30561076118450630767497955275758
642	471348	744	0.30544093048994819250552268385945
645	473550	748	0.30537712565036839729160078604764
648	475753	751	0.30519372311827680510631921606546
651	477955	755	0.30519706232262688860856769679231
654	480158	759	0.30495753954953486175583066142281
657	482360	762	0.30484616301536149318707202837686
660	484563	766	0.30462010499048675082889303666889
663	486766	770	0.30447810001994290995952496814425
666	488968	774	0.3042030069535364145139055835898
669	491171	778	0.30436745647689122939993922045687
672	493373	781	0.30416195518221406102199466658931
675	495576	785	0.30424529362004831822829942211683
678	497778	788	0.3042706999042551485601393324032
681	499981	791	0.30383692144676760493737788237922
684	502184	795	0.30343678120421463395572914123477
687	504386	798	0.30356095169858132720719368080609
690	506589	801	0.30337532584429965920591598660394
693	508791	805	0.30333791591238645768413562109345
696	510994	808	0.30307253149043766882186901057139
699	513196	811	0.3028682029917595386336870433297
702	515399	814	0.30259162022573637962352677277522
705	517601	817	0.302366718811332535477021110637
708	519804	821	0.30219410873029889375018797181838
711	522007	824	0.30177936709311853347159626537177
714	524209	827	0.30186593850725207399676719433046
717	526412	830	0.30168191688739282030340405071911
720	528614	833	0.30164260200795639521587077069853
723	530817	837	0.30166950656924512719214703793114
726	533019	841	0.30142580528337908907232645105978
729	535222	845	0.30118249123800300282027819775976
732	537424	848	0.30114616706612107321916482760571
735	539627	852	0.3012387494985546143588805989566
738	541830	856	0.30095399952843177038275257473288
741	544032	859	0.3006158147660164536851823413599
744	546235	863	0.30040334456345751945605115906801
747	548437	866	0.30001156483310065237191111009452
750	550640	870	0.29993488302277504509163463808363
753	552842	874	0.29961198762400881312473188700096
756	555045	877	0.2994572328564572005760169304267
759	557248	881	0.29924973691801226571840288670501
762	559450	884	0.29916986988250937606892421172233
765	561653	888	0.29907969979129672699613706754462
768	563855	891	0.29904299379286347626560882417834
771	566058	894	0.29894897841923584458356799586909
774	568260	898	0.29895006756416531157327654000255
777	570463	901	0.2986599917150560279388571416348
780	572665	904	0.29849429066289467904482535232091
783	574868	908	0.29838279381499449582904048838827
786	577071	911	0.29812786138922753309543622890487
789	579273	914	0.29795249847936916554047570571129
792	581476	917	0.29792949693169945568627099419245
795	583678	921	0.29781885156192366981287023008917
798	585881	924	0.29762301136900870535129115523887
801	588083	927	0.29751341464853614526830938302737
804	590286	930	0.29744482750666773052117264342087
807	592488	934	0.29745227120720435509682033625722
810	594691	937	0.29735128321530679418316367446096
813	596894	940	0.29725363348292127563254894084821
816	599096	944	0.29710094880275689233073421746667
819	601299	948	0.29709382276524592958466541858797
822	603501	952	0.29697885935305262661287883929617
825	605704	955	0.29690968899755199039702802110696
828	607906	959	0.29690622683218914623637374461396
831	610109	963	0.29680581858895799252096026066283
834	612312	967	0.2968381559466342078934530945844
837	614514	970	0.29665336573459721858370130576077
840	616717	974	0.2964890098188979750126748058392
843	618919	978	0.2962654663894348505692732942407
846	621122	981	0.29601561331087866690836563066114
849	623324	985	0.29586629015959942101687829563161
852	625527	989	0.29561340406321667817479692530469
855	627730	993	0.2955197416900965379227272933349
858	629932	996	0.29540615525946095631937282632862
861	632135	1000	0.29528407664766964657587777765002
864	634337	1003	0.29511184557701786168593116599368
867	636540	1006	0.29492755325800329435637081587629
870	638742	1009	0.29482813768676696675186121865408
873	640945	1012	0.29458769498351639049005257220415
876	643147	1016	0.29466941736407692431498617224861
879	645350	1019	0.29448922384887271652686990819348
882	647553	1022	0.29437472074791914966596095837303
885	649755	1025	0.29435878860413144941787777497666
888	651958	1029	0.29424499395562997428044127445901
891	654160	1032	0.29406446644854022931525605599745
894	656363	1035	0.29412549261176657022787139794673
897	658565	1038	0.29407882293668685669274509564275
900	660768	1041	0.29390631404427547401780884683831
