0	0	0	0.69314718055914625871594125783304
3	2200	0	0.67690554125608404234526460641064
6	4400	1	0.65706904558391532322758621376124
9	6600	2	0.63716817346212140105166099601774
12	8800	2	0.62070692859830911558560728735756
15	11000	3	0.60636539726806926164925926059368
18	13200	4	0.59106862689561345813871184873278
21	15401	5	0.58274145085015061074074083080632
24	17601	5	0.57368699258264721496658467003726
27	19801	6	0.56476375481776219800167382345535
30	22001	7	0.55260655047804807527001003109035
33	24201	7	0.54284137790690845104535355858388
36	26401	8	0.54016463053947350037020669333288
39	28602	9	0.53446017712182791736807985216728
42	30802	10	0.53027439547612176262703087559203
45	33002	10	0.52713555047426896571494125964819
48	35202	11	0.52192085736380811056278616888449
51	37402	12	0.51614812545919253050641373192775
54	39602	13	0.51126607802279455672334051996586
57	41803	14	0.50291073178409062549576447054278
60	44003	14	0.49441902897860379173522460405366
63	46203	15	0.48887269405899547169980223770835
66	48403	16	0.48238354363105406807932240553782
69	50603	17	0.47442551548123651494748287404946
72	52803	18	0.46874778764452951218544285438838
75	55004	18	0.46450493826731620305992009889451
78	57204	19	0.46403338563436907771020401014539
81	59404	20	0.45911532028870399857467532456212
84	61604	21	0.45685383681620400642131585300376
87	63804	22	0.45432694911661269943081720157352
90	66004	22	0.45331536879198325307172012799128
93	68204	23	0.45187797491946574135468495114765
96	70405	24	0.44962619219815991300492896698415
99	72605	25	0.44823341423199553057443722536846
102	74805	25	0.44845281386993574024302233738126
105	77005	26	0.44589031713226484621159784182964
108	79205	26	0.44208696469633884662542300247878
111	81405	27	0.44141648351007578554572319262661
114	83606	28	0.4406022028902327192234622543765
117	85806	29	0.43687887603411301729039450947312
120	88006	29	0.43319838859385800811097055884602
123	90206	30	0.43175246842839276606440535033471
126	92406	31	0.43117695673040984383206364327634
129	94606	31	0.4283823967544318489508725633641
132	96807	32	0.42337285542737213006603269604966
135	99007	33	0.42276134786648272845255291940703
138	101207	34	0.41928517702255896359986309107626
141	103407	35	0.41769325532684986601594800958992
144	105607	36	0.41805310312781185366759473254206
147	107807	36	0.41741138850963876993915846469463
150	110008	37	0.41535614282520050277724976695026
153	112208	38	0.41506525753888606766750513088482
156	114408	39	0.41281774532860704418624209210975
159	116608	39	0.40906041687959399100193991216656
162	118808	40	0.40980459642304023493153408708167
165	121008	41	0.40947494562544589635777469993627
168	123208	42	0.40787631506025240346602345198335
171	125409	43	0.40914120467869874442357058796915
174	127609	44	0.40898294540362484239537366192963
177	129809	45	0.40898396900722022717644676959026
180	132009	45	0.40625079928712692911574322351953
183	134209	46	0.40513203864270569409811173500202
186	136409	47	0.40488097723831006913286501003313
189	138610	47	0.40206964792900096172800772365008
192	140810	48	0.40125056726617358560105230935733
195	143010	49	0.39795530956322627824661708473286
198	145210	50	0.3949315759747797915935052515124
201	147410	50	0.39376232973784436319775181800651
204	149610	51	0.39369916466634935492407976198592
207	151811	52	0.3929098036095050039406828545907
210	154011	53	0.39082291037251121190720937192964
213	156211	53	0.3890890806984272920487910596421
216	158411	54	0.38492989042047026648774021850841
219	160611	55	0.38283452796098571546679067978403
222	162811	55	0.38155921045100726907151056366274
225	165012	56	0.38025234094159576780924680861062
228	167212	57	0.37761742112265433979345630177704
231	169412	58	0.37677959291595575219702141112066
234	171612	59	0.37727103069010281544137797027361
237	173812	59	0.3749743806855601047089976418647
240	176012	60	0.37310187507357356340165210895066
243	178212	61	0.37175586203362903647828829889477
246	180413	62	0.36986253750070829937612870708108
249	182613	63	0.36853858692917462747118406696245
252	184813	64	0.36971710273703645155407571110118
255	187013	64	0.36889119396160330310863173508551
258	189213	65	0.36750661097442566260795615562529
261	191413	66	0.36496232034036674152233103995968
264	193614	67	0.36478703039888210613028718398709
267	195814	68	0.36379627027118605075983737151546
270	198014	68	0.36373847937068903846125067502726
273	200214	69	0.36171626635187037468455173438997
276	202414	70	0.36253641257579483081485705042724
279	204614	71	0.3607866667862826837165357574122
282	206815	71	0.35867040890659379615001967067656
285	209015	72	0.35777002811423708195093240647111
288	211215	73	0.3570382438538511893355575921305
291	213415	73	0.35600768526868253882611270455527
294	215615	74	0.35594006154798651930803998766351
297	217815	75	0.35499519435501697417478794704948
300	220016	76	0.35342601179454241622224230923166
303	222216	76	0.35292200109955101927639020686911
306	224416	77	0.35361408697017077118474048802454
309	226616	78	0.35348067519961817728457731391245
312	228816	79	0.35352792208846683941203536960529
315	231016	79	0.35335292828116132701765650381276
318	233216	80	0.35354240895992394833058369840728
321	235417	81	0.35283236737059858745269025348534
324	237617	82	0.35178749481129595322315140037972
327	239817	82	0.35175400679731794184590398799628
330	242017	83	0.35021901636556085346541067337967
333	244217	84	0.34992850668861075202897836788907
336	246417	85	0.34822778353567485076780485542258
339	248618	86	0.34839974756225428054179360515263
342	250818	87	0.34877629369590862351557802867319
345	253018	87	0.34771524622370397761272897696472
348	255218	88	0.34686492700222221197137173476222
351	257418	89	0.34655646488990332620971912547247
354	259618	90	0.34620621444095717178512927603151
357	261819	91	0.34642185477919551495062933099689
360	264019	92	0.34557008151005841334324486524565
363	266219	92	0.34481941786691006068821252483758
366	268419	93	0.34412246932455536896355852150009
369	270619	94	0.34263655697714240355722381536907
372	272819	95	0.34173992154679616595203128781577
375	275020	95	0.34142896339671535699267224117648
378	277220	96	0.33967504530749842439618646494637
381	279420	97	0.33857929653646517964560302971222
384	281620	97	0.33793186368951605436095064760593
387	283820	98	0.33683365314895397091277118306607
390	286020	99	0.33576308766824264351313900078821
393	288220	100	0.33491834725233798897292558649497
396	290421	100	0.33440749584942408567656002560398
399	292621	101	0.3341901205203604563465091814578
402	294821	102	0.33338688593006343685587467007281
405	297021	103	0.33277172526949022612896555983752
408	299221	103	0.33210976003357323138587275934697
411	301421	104	0.33221053471397410383758597163251
414	303622	105	0.33076695017841917234591164742596
417	305822	106	0.32996383532956424788906701905944
420	308022	106	0.33034326297407673456163479386305
423	310222	107	0.33040699032641279719868521169701
426	312422	108	0.33109310552036064212444443910499
429	314622	109	0.33046188168531143158901386414072
432	316823	110	0.33070753365572874704625405684055
435	319023	111	0.32998502911528926340167799935443
438	321223	111	0.32879220772874506728555843437789
441	323423	112	0.32829031435553057693965683938586
444	325623	113	0.32813053942900810566740688045684
447	327823	114	0.32739009621099079971884293627227
450	330024	115	0.32686214793156831426301778265042
453	332224	116	0.32602073993118924066791919358366
456	334424	116	0.32440733708773222820909154506808
459	336624	117	0.32426353264527085773494263776229
462	338824	118	0.32327539449722741959902805319871
465	341024	118	0.32308219104154023426644926075824
468	343224	119	0.32294070453740519877072756571579
471	345425	120	0.32321312234413762665141689467418
474	347625	121	0.32309967032021569277588923796429
477	349825	121	0.32315241684208034778080786963983
480	352025	122	0.32244053648509868326144101047248
483	354225	123	0.32157656636244025261106571633718
486	356425	123	0.32149577961877140452884304977488
489	358626	124	0.32107452821357534977764203176775
492	360826	125	0.32057104560436622264774086943362
495	363026	125	0.32058106078751053003017545961484
498	365226	126	0.31996528415583269655542153486749
501	367426	127	0.31962054669739353718327379283437
504	369626	127	0.31989696243658155561107037101465
507	371827	128	0.31985247518650644638071867120743
510	374027	129	0.32050402315346826487285625262302
513	376227	130	0.32028875590902633474499339172326
516	378427	131	0.32036986144540596788132802430482
519	380627	131	0.31998359408075560672557458019583
522	382827	132	0.31976915774004188719459307321813
525	385028	133	0.31956614233355939980185667081969
528	387228	134	0.31929167086079685011767992364184
531	389428	134	0.31869571987405559410078126347798
534	391628	135	0.31799127987945935425173615840322
537	393828	136	0.31782941557362642814865694163018
540	396028	137	0.3179733108623346016230470922892
543	398228	138	0.31802022894526943419535314205859
546	400429	139	0.31784196260366420760945516121865
549	402629	140	0.31782551521068236333178447239334
552	404829	140	0.31765604346522696710408695253136
555	407029	141	0.31763992393286533122420678409981
558	409229	142	0.31821245967519440345228076694184
561	411429	143	0.31831368272026305810129542805953
564	413630	143	0.31907742348188605774339521303773
567	415830	144	0.31865001556764099843732651606842
570	418030	145	0.31880262060737568630131022473506
573	420230	145	0.31786905631742656819227477171808
576	422430	146	0.31758237006725065221246495639207
579	424630	147	0.31682539227091471856212478996895
582	426831	148	0.31648930923862811370739223093551
585	429031	148	0.31655573145040982740994195410167
588	431231	149	0.31613875279707781551508105621906
591	433431	150	0.31626128723511554019509617319272
594	435631	151	0.31638364516575323559521848437726
597	437831	151	0.31677882077286373396773910826596
600	440032	152	0.31638297548742011500166881887708
603	442232	153	0.31601226158224893225678897579201
606	444432	154	0.31545069630735206311911156262795
609	446632	154	0.31503232456949376016908104247705
612	448832	155	0.31528406807755388063796431197261
615	451032	156	0.31493678779404032930244738963665
618	453232	157	0.3150763257323630495143618190923
621	455433	158	0.31519043680542879748429641040275
624	457633	158	0.31510416662463963666240829297749
627	459833	159	0.31494086284110472950814596515556
630	462033	160	0.31507773068200350952139388027717
633	464233	161	0.31483287317095692836588227692118
636	466433	162	0.31415991579653634868662948065321
639	468634	163	0.31399542138306640870482056016044
642	470834	164	0.31398463131073323095776572699833
645	473034	164	0.31358585614767015004034078629047
648	475234	165	0.3136275259968180906255952322681
651	477434	166	0.31345571813731604171593403407314
654	479634	167	0.31333179305478575660259821233922
657	481835	167	0.31349688548248150210540075022436
660	484035	168	0.31321863313742842604980864962272
663	486235	169	0.31236654183766027204072202039242
666	488435	169	0.31219761720365379886743539827876
669	490635	170	0.31218061065395302788871845223184
672	492835	171	0.31178201018202511551891120689106
675	495036	172	0.31172168611771977619895324096433
678	497236	172	0.31177772815629017921779109201452
681	499436	173	0.31144140471238251910435224090179
684	501636	174	0.31112442986230154362559119363141
687	503836	175	0.31105952064510905552552344488504
690	506036	175	0.3107290069158924472603189315123
693	508236	176	0.31088607897866393781072247293196
696	510437	177	0.31089606971313110683752256591106
699	512637	178	0.31061998564247239595914606979932
702	514837	178	0.30987158571475664770034086359374
705	517037	179	0.30982744600994732708798551357177
708	519237	180	0.30983171028466632845876915780536
711	521437	181	0.30936553025078461498509341254248
714	523638	182	0.30901460544999059809612163007841
717	525838	182	0.30867824227004719839229096578492
720	528038	183	0.30817770672944949650329249379865
723	530238	184	0.30775969653982854223883691702213
726	532438	185	0.30695965401058822319413366130902
729	534638	186	0.30622665509379037862558448068739
732	536839	186	0.30600905361554769923415619814477
735	539039	187	0.30607990503446813601584608477424
738	541239	188	0.30625509095841102480406448194117
741	543439	189	0.30654523168095088037077289300214
744	545639	190	0.3072515162262168808560147681419
747	547839	190	0.30676926616070954167980744387023
750	550040	191	0.30669288748344897266306929850543
753	552240	192	0.30620158482184461901098870839633
756	554440	192	0.30636429948104798581809404822707
759	556640	193	0.30598891730037880432035990452277
762	558840	194	0.30564890688532758700191038769844
765	561040	194	0.30586491647694086237763144708879
768	563240	195	0.30581419896854117324025423840794
771	565441	196	0.30541253933093387429309473191097
774	567641	196	0.30522006832629200445694550580811
777	569841	197	0.30523220320829558271924497603322
780	572041	198	0.30552185881997945271493222207937
783	574241	199	0.3052329941675422375624293636065
786	576441	199	0.30469198436149824704699540234287
789	578642	200	0.30442356028746969665021993023402
792	580842	201	0.30443539789450602128795253520366
795	583042	202	0.30420193308443094215576252281608
798	585242	203	0.3044825351467450591513852486969
801	587442	204	0.30474295437608978076582388894167
804	589642	205	0.30443306700842265311024448237731
807	591843	205	0.30434494130758388275026504743437
810	594043	206	0.30459546576805457407388644242019
813	596243	207	0.30453183852772242046214046240493
816	598443	208	0.30458139851852938928544745067484
819	600643	209	0.30437142677970252524488614653819
822	602843	209	0.30436822521707912470034784746531
825	605044	210	0.30411607826758840777969794544333
828	607244	211	0.30375751809097001343573651865881
831	609444	212	0.30332343026198965718620570441999
834	611644	212	0.30311798792029120974689249123912
837	613844	213	0.30275412424850994819180982631224
840	616044	214	0.30289382488729688081008362132707
843	618244	215	0.30294437561021786420312196241866
846	620445	215	0.30311059701801562615841589831689
849	622645	216	0.30329278654103092316418610607798
852	624845	217	0.30339713656826539089905736545916
855	627045	217	0.30360788811637262618603472219547
858	629245	218	0.30341373078780059513448463803797
861	631445	219	0.30316665793786401472686975466786
864	633646	220	0.30315992355113846601355476195749
867	635846	220	0.30318493430820758760546596022323
870	638046	221	0.30275372795296157102384881909529
873	640246	222	0.3028441617007956998541828852467
876	642446	222	0.30303847539174511016568658305914
879	644646	223	0.302977311794497217167787539438
882	646847	224	0.30324229759224907709835861169267
885	649047	225	0.30339997398850293564009916735813
888	651247	225	0.30288839175851961504903897548502
891	653447	226	0.30312088299243039601904570190527
894	655647	227	0.30271133689239942965443219691224
897	657847	228	0.30257266037669716673974562581861
900	660048	228	0.30249428617400270224990777023777
