0	0	0	0.69314718055914625871594125783304
3	440	0	0.67350863078647160708811725271516
6	880	0	0.66010833194062568107796096228412
9	1320	1	0.64548813085540934775252708277549
12	1760	1	0.61728928568118535125108792271931
15	2201	1	0.59386714489721981191650002074311
18	2641	2	0.5786267457937253055888504604809
21	3081	2	0.57523301507164170676134062887286
24	3521	3	0.56473519313707598588081282287021
27	3961	3	0.55618246237914326091100747362361
30	4402	3	0.54391279912349488334655234211823
33	4842	4	0.53126437843610974098851329472382
36	5282	4	0.5213459437203535884464145055972
39	5722	4	0.51718384462476707508216122732847
42	6162	5	0.5097461041127769876268871485081
45	6603	5	0.50845854955972868971514344593743
48	7043	6	0.49989410403484774159110770597181
51	7483	6	0.50104130520467671239259743742878
54	7923	7	0.49569213701490744128363985510077
57	8364	7	0.48913713194868252420732801510894
60	8804	8	0.4875319691677343358904295200773
63	9244	8	0.48504123955230404874328087316826
66	9684	8	0.47982403165662307342742565197113
69	10124	9	0.47955425489269570826778021910286
72	10565	10	0.47414061282977543188010827179824
75	11005	10	0.47154222342854740235296162609302
78	11445	10	0.4622441803425919037984215265169
81	11885	11	0.46062763353123947762668422001298
84	12325	11	0.45577436494195722183064845012268
87	12766	12	0.44886424430303062393932123086415
90	13206	12	0.44669133385414261372403643690632
93	13646	13	0.44381023580039441478461981205328
96	14086	13	0.4373250081426852120536352686031
99	14526	14	0.43545563648601764983325779212464
102	14967	14	0.43446590503295978713538261217764
105	15407	15	0.42684272138537171503713807396707
108	15847	15	0.42119842931965673082927992254554
111	16287	15	0.41812174174564920026142544884351
114	16728	16	0.41804275540438556868494401896896
117	17168	16	0.4166524358073663836243838431983
120	17608	17	0.41433393723712091949451519212744
123	18048	17	0.4115785100177739574967006319639
126	18488	17	0.40510863461676854813120485232503
129	18929	18	0.40400655867284518407700488751289
132	19369	18	0.40026419668923701733476150366187
135	19809	19	0.39547752989135315226931766119378
138	20249	19	0.39387948417570650683217081677867
141	20689	20	0.39280967916012166085693024797365
144	21130	20	0.39522425193012294952765728339728
147	21570	21	0.39321407714268208355434808254358
150	22010	21	0.39108429378820558364182602417713
153	22450	21	0.38893403613162241816425535034796
156	22891	22	0.38590424700078751474308091928833
159	23331	22	0.38491114103508861088442927211872
162	23771	23	0.38184283173313265935533422634762
165	24211	23	0.38177310510755646522085271499236
168	24651	24	0.37963908911460203521315293073712
171	25092	24	0.37587666041758871493527749407804
174	25532	25	0.37341479620605788625198329100385
177	25972	25	0.37348779335156401248951851812308
180	26412	26	0.37082649648342935755351845728001
183	26852	26	0.37026901218265545479013667318213
186	27293	26	0.36839021847506053797260960891435
189	27733	27	0.36865695056827613163008550145605
192	28173	27	0.36625884249991885743824582277739
195	28613	28	0.36684115828858665508960257284343
198	29053	28	0.36602344469319181285982267581858
201	29494	29	0.36608275895807562694272974113119
204	29934	29	0.36333365837958264688012377519044
207	30374	29	0.35921464530875268916787490525167
210	30814	30	0.35706016060543144252648062320077
213	31255	30	0.35496706196091071250364734623872
216	31695	31	0.35403402143884921127181542033213
219	32135	31	0.3527301299536191314665245499782
222	32575	32	0.35197640794198459257557942692074
225	33015	32	0.35168571555173888665279946508235
228	33456	33	0.3507864410784160558165467591607
231	33896	33	0.34962034779100881198843353558914
234	34336	34	0.34912809652987791819711560492578
237	34776	34	0.34834620535534099872165825217962
240	35216	34	0.34602940116620473087749587648432
243	35657	35	0.34451595317836586351845085118839
246	36097	35	0.34238655597989414713921973998367
249	36537	36	0.33984387421760486880373264284572
252	36977	36	0.33871060191494811730805736260663
255	37418	36	0.33865751344159167324221471062629
258	37858	37	0.33718354093636992985238975961693
261	38298	37	0.33749139683092266306374540363322
264	38738	37	0.33802813542199022789347395701043
267	39178	38	0.33679584688683983362267326810979
270	39619	38	0.33691534485354601713424926856533
273	40059	39	0.33667338063954066473826287619886
276	40499	39	0.33427005820409988468000506145472
279	40939	39	0.33385913236546654880854134717083
282	41379	40	0.33291001185547625107474800643104
285	41820	40	0.33272682689995558558138100124779
288	42260	40	0.33310213842391883654059370201139
291	42700	41	0.33238060054507834184533976440434
294	43140	41	0.33199147358231861915101035265252
297	43580	42	0.33071637627440536588707686860289
300	44021	42	0.32970508042275886717575872353336
303	44461	42	0.32885560249890444239895259670448
306	44901	43	0.32828282698634408953708430090046
309	45341	43	0.32824290675036171816003616186208
312	45782	44	0.32769216301468462315682472763001
315	46222	44	0.32894774419775030249724068198702
318	46662	44	0.3276492872395375122174243642803
321	47102	45	0.32651335639907758112698843433463
324	47542	45	0.32624091130115001613276604075509
327	47983	46	0.32495291123032832292238936133799
330	48423	46	0.3246381022930285853433929332823
333	48863	46	0.32445552427606699774642606826092
336	49303	47	0.32303603328604824085346081119496
339	49743	47	0.32212879006488054356438510694716
342	50184	48	0.32222526830160608257713761304331
345	50624	48	0.32206353373414497998084016217035
348	51064	48	0.32178859807196974474052808545821
351	51504	49	0.32118902852832792449433441106521
354	51945	49	0.32042649684449536762187449312478
357	52385	50	0.3205474411710425575172678236413
360	52825	50	0.31940166823569543508298806955281
363	53265	50	0.31995479004297233682763135220739
366	53705	51	0.32012845019712560246105681471818
369	54146	51	0.31994551478940258526506568159675
372	54586	52	0.32111478387218722607698850879387
375	55026	52	0.32102812281386405857119825668633
378	55466	52	0.32165351011656212465439352854446
381	55906	53	0.32121953153650667500684789956722
384	56347	53	0.32088574621094556604816716571804
387	56787	54	0.31960374147454695403780533524696
390	57227	54	0.318770136981462837155731904204
393	57667	54	0.31806490945276783000039699800254
396	58107	55	0.31775416849476378899908013409004
399	58548	55	0.31701952519754533765805604161869
402	58988	55	0.31627667875482734505254711621092
405	59428	56	0.31615208356267682221485415539064
408	59868	56	0.31620977178018677689053106405481
411	60309	57	0.31601749508621534978658473846735
414	60749	57	0.31576424562209454149908083309128
417	61189	57	0.31605189492711327492457940024906
420	61629	58	0.31584417727758079541544589119439
423	62069	58	0.31580128641474897177587877195037
426	62510	58	0.31661857451785596628823782339168
429	62950	59	0.31687621475843080753875824484567
432	63390	59	0.31662724935959724037459750434209
435	63830	60	0.31718925251301477441501219800557
438	64270	60	0.31765121471705431988041823387903
441	64711	60	0.31590566098332312217067396886705
444	65151	61	0.31556946851882955451529255697096
447	65591	61	0.31472883104209531390793586069776
450	66031	62	0.31553791253822677242979466427641
453	66472	62	0.31484604775098939954958154885389
456	66912	62	0.3146737572951338046678415594215
459	67352	63	0.31341328685371006024240614351584
462	67792	63	0.31308940206142948925460700593248
465	68232	64	0.31326748953044281087443323485786
468	68673	64	0.31345374085218868920321710902499
471	69113	65	0.31304184560501890910444444671157
474	69553	65	0.31340365806928177638823740380758
477	69993	66	0.31317683823998598846571894682711
480	70433	66	0.31321780794795983648981518854271
483	70874	66	0.31271111635053994159960666365805
486	71314	67	0.31232819466351863235686892039666
489	71754	67	0.31298581230756594706576834141742
492	72194	68	0.31357055978509473792570361183607
495	72634	68	0.31292326390161334659367753374681
498	73075	69	0.31258622461898544209191186382668
501	73515	69	0.31207496847755117341804975694686
504	73955	69	0.31219482884387811383319899505295
507	74395	70	0.31207851730078484120411985713872
510	74836	70	0.31189652886535385034605383225426
513	75276	71	0.31243112714896237314121663075639
516	75716	71	0.31144234055907560332343564368784
519	76156	72	0.31037702283117729606942702957895
522	76596	72	0.31002006994996961219968056866492
525	77037	73	0.30967272724195776811839664333093
528	77477	73	0.30926750146774384386816336700576
531	77917	74	0.3091690982044320024080263920041
534	78357	74	0.30879197792413254353149909547938
537	78797	74	0.30921650681205359312286873318953
540	79238	75	0.30964872612728655543179456799407
543	79678	75	0.30920364911185072021027053779108
546	80118	76	0.30914267057791822157497563239303
549	80558	76	0.30904172339851038175950748154719
552	80999	77	0.30872508648969476663381783509976
555	81439	77	0.30878432336599032081991822451528
558	81879	77	0.30865616630034747869260058905638
561	82319	78	0.30809034976991100940324486145983
564	82759	78	0.30794164877556284842796685552457
567	83200	79	0.30778741883337085161187474113831
570	83640	79	0.30856020253283633625329684946337
573	84080	80	0.30796632712263194431301371878362
576	84520	80	0.30868387920676049196444523659011
579	84960	81	0.3081676357960491108300971063727
582	85401	81	0.30827632443446950638588077708846
585	85841	81	0.3093242358780553535879676019249
588	86281	82	0.30858859403911526042563195915136
591	86721	82	0.3077570681132216767750264807546
594	87161	83	0.30775815551958290994249978211883
597	87602	83	0.30741769465695156782203412149101
600	88042	84	0.30715169382592166780199249842553
603	88482	84	0.30713434154022878352918723976472
606	88922	85	0.30704971495370741996211449986731
609	89363	85	0.3060912794122803703977808709169
612	89803	86	0.30545600370709602433549889610731
615	90243	86	0.30539823207453414832812654822192
618	90683	86	0.30522889906449235386531881886185
621	91123	87	0.30531530211778246108877965525608
624	91564	87	0.30498279442350129109229328605579
627	92004	88	0.30522949906566698707877094420837
630	92444	88	0.30503481232530821332105119836342
633	92884	89	0.30534556482271207888956610077003
636	93324	89	0.30493905984532232444905730517348
639	93765	89	0.30462560346800987565174523297173
642	94205	90	0.30489902468141799607437292252143
645	94645	90	0.30444070954026092312716400556383
648	95085	91	0.3040845227024604469079349655658
651	95526	91	0.30413055502284019881997778611549
654	95966	92	0.30395964400177943876002473189146
657	96406	92	0.30406913624244197302814995964582
660	96846	93	0.30379058271474751462548624658666
663	97286	93	0.30319170208225809659552396624349
666	97727	93	0.30327113428815416495964996101975
669	98167	94	0.3020461178593487061583289232658
672	98607	94	0.30222969120000314768859084324504
675	99047	94	0.30224570765133323968498757494672
678	99487	95	0.30190403004796173558332839093055
681	99928	95	0.30251114068076218055480808288848
684	100368	96	0.30184142100605210190522598168172
687	100808	96	0.30213285224594177424961571887252
690	101248	96	0.30204983500731719114895668099052
693	101688	97	0.30172307471466069950238875208015
696	102129	97	0.30158916251316442158625363845204
699	102569	98	0.30129398302332971448791454349703
702	103009	98	0.30119946644984452177595812827349
705	103449	98	0.30146764615509602514009657170391
708	103890	99	0.30130492249977247620762454971555
711	104330	99	0.301203226188999806378632229098
714	104770	99	0.30091735226218208065773751513916
717	105210	100	0.30066444476574860633633079487481
720	105650	100	0.30004268342173684436247071971593
723	106091	101	0.29974566668767671506756755661627
726	106531	101	0.29925915258674523622417495971604
729	106971	101	0.29925508165236919255747238821641
732	107411	102	0.29887451827709315965719838459336
735	107851	102	0.29847168652610694961069270902954
738	108292	103	0.29813464626567875992435574517003
741	108732	103	0.29799550101166183413425869730418
744	109172	103	0.29767386636788611964377082585997
747	109612	104	0.29737545203035703478278151123959
750	110053	104	0.29663636018615746614557338034501
753	110493	105	0.2968593197836768560193831945071
756	110933	105	0.29656187106447035040091009250318
759	111373	105	0.29634670537619572927567901388102
762	111813	106	0.29599014673187851176550111631514
765	112254	106	0.29574896678855339127167667356844
768	112694	107	0.29527750336410635290107506989443
771	113134	107	0.29485822943233436221888155159832
774	113574	107	0.29470851043457113593859730826807
777	114014	108	0.29473575199388840628600405580073
780	114455	108	0.29457104283056539939522622262302
783	114895	108	0.29462317360531564691683570345049
786	115335	109	0.29448908109316440651070934109157
789	115775	109	0.29429122184870581957483182122814
792	116215	110	0.29433579465330983460091829329031
795	116656	110	0.29435479604089287430923604915733
798	117096	110	0.2941469247662202302073808368732
801	117536	111	0.29420604820020185288242942078796
804	117976	111	0.29391813570744734773754203160934
807	118417	112	0.29392136022349996116176384930441
810	118857	112	0.2935921776353412337989823299722
813	119297	112	0.29344706851291335603093557438115
816	119737	113	0.29365247040922748400504360688501
819	120177	113	0.29378439819979362823687552008778
822	120618	114	0.29370275944649321120394347417459
825	121058	114	0.29403265999906680328024322079727
828	121498	114	0.2934213993389904739927942500799
831	121938	115	0.2935051221078143202092292085581
834	122378	115	0.29371230932261566115570872170792
837	122819	115	0.29362726061845895175750342787069
840	123259	116	0.29341627773554385116838716385246
843	123699	116	0.29355272363166035054504732215719
846	124139	117	0.29387463607596203685190516807779
849	124579	117	0.29338553870816830304590894229477
852	125020	117	0.29287116940061602710088095591345
855	125460	118	0.29231106368216552837679955700878
858	125900	118	0.29231517657345873484331377767376
861	126340	119	0.29233003254045630825430635013618
864	126781	119	0.29230010230097042134289608839026
867	127221	119	0.29225651775496080952976285516343
870	127661	120	0.29226506099575416675051542370056
873	128101	120	0.29221506646427275466493256317335
876	128541	121	0.29206103627890001028788447001716
879	128982	121	0.29209758062941243439425420547195
882	129422	121	0.29245301877082474639735210075742
885	129862	122	0.29184417448311172904595878208056
888	130302	122	0.29149272056877106873429283950827
891	130742	123	0.29137134600903114023395801268634
894	131183	123	0.29214818294841732315703097810911
897	131623	123	0.2924282438427221464394278882537
900	132063	124	0.29256687718685037147281491343165
