0	0	0	0.69314718055914625871594125783304
3	442	3	0.6790160093616703917973609350156
6	885	7	0.66484066458550050704445766314166
9	1328	11	0.65144760231402942807221734256018
12	1771	14	0.63283941663705312041798833888606
15	2214	18	0.62255395688730030823165861875168
18	2657	22	0.61370160172032039991307783566299
21	3100	26	0.60405297885267261737141097910353
24	3543	29	0.59618306237934792779498138770577
27	3986	34	0.58267714161224248847759099589894
30	4429	38	0.57374483885749616440818954288261
33	4872	41	0.56685402283114250110429566120729
36	5314	45	0.55611951984409557780963950790465
39	5757	49	0.54967756058918793016232484660577
42	6200	53	0.54146504329199540705985782551579
45	6643	57	0.53551368396549037242948543280363
48	7086	60	0.52945062460147673810695323481923
51	7529	64	0.52458732895088044934084337000968
54	7972	67	0.52010392281559425509129823694821
57	8415	71	0.51113945690488593598388433747459
60	8858	75	0.50754532281031317086927856507828
63	9301	78	0.50188488359920380155188013304723
66	9744	82	0.49574482512058998251447405891668
69	10186	86	0.48980252971077159473978213100054
72	10629	89	0.48343953838739373018995593156433
75	11072	93	0.47753617190430103223164337578055
78	11515	97	0.47166723130972865174470598503831
81	11958	100	0.46655111023048018159542493776826
84	12401	104	0.46227026927995557015194094674371
87	12844	107	0.45671730684835942781774065224454
90	13287	111	0.45252737625178446334572868181567
93	13730	115	0.44837960624264128206561963452259
96	14173	119	0.44501221669077822840066005483095
99	14616	123	0.4412769458513509102104421799595
102	15059	127	0.43867016563286348462824548732897
105	15501	130	0.43458219359098548828512775799027
108	15944	134	0.43174127532842948573588159888459
111	16387	137	0.42856099869821240311296151048737
114	16830	140	0.42530620859825302160217574964918
117	17273	143	0.42344519114909140444780177858775
120	17716	146	0.42099880411501211519009757466847
123	18159	150	0.41941385839556966086405509486212
126	18602	153	0.41783214036127519497298976602906
129	19045	157	0.41605719923175782382074316956277
132	19488	160	0.41463637532626546056135907747375
135	19931	163	0.41287636561413953995014480824466
138	20374	166	0.41068428950541091548842587144463
141	20816	169	0.40947073341141632107920145244861
144	21259	173	0.40732096421263791485856131657783
147	21702	175	0.40646072223121870736761707121332
150	22145	179	0.40555428957460371020005140962894
153	22588	182	0.40441956448141103130922147101955
156	23031	185	0.40196459413866947318894062846084
159	23474	188	0.3992601864940103495449363890657
162	23917	192	0.39782220255219757909515010396717
165	24360	195	0.39677638118841779268919367495982
168	24803	198	0.394804277401724024176843386158
171	25246	201	0.39339304625966076134346849357826
174	25688	204	0.39124946433751178753723820591404
177	26131	208	0.39001062280497528211853364155104
180	26574	211	0.38896849737567712468333525066555
183	27017	214	0.38732234078732086235419274089509
186	27460	217	0.38532068282143866477795768332726
189	27903	221	0.38314769577909868480958266445668
192	28346	224	0.38182902947531843773631976546312
195	28789	227	0.38085862184251612072571901990159
198	29232	230	0.3792359547646934059272894046444
201	29675	234	0.37802003850616244795546094792371
204	30118	237	0.37669845182888334056414691985992
207	30561	240	0.37557949507511467768239299402921
210	31004	244	0.37451190002685069702081932518922
213	31446	247	0.37311246350505683500031750554626
216	31889	250	0.37252887158349129448353664884053
219	32332	253	0.37177256512836781565667365612171
222	32775	257	0.37179128779387754510921126893663
225	33218	259	0.36990486524911270205251412335201
228	33661	263	0.36946047668787079798491390647541
231	34104	266	0.36816199128944682161801438269322
234	34547	269	0.36609158334812241797351362038171
237	34990	273	0.365637211409854723243029184232
240	35433	276	0.36504450721542275326569892968109
243	35876	279	0.36481086289073855200015827904281
246	36319	282	0.36414509456251431540607654824271
249	36762	285	0.36228734593689354559487014739716
252	37204	289	0.36207840543659441934210008184891
255	37647	292	0.36158437224402767418141024791112
258	38090	295	0.35982771640673999469228760972328
261	38533	298	0.35819896486779989608351115748519
264	38976	301	0.35733623538885855852598183446389
267	39419	304	0.35703810011719216976899815563229
270	39862	308	0.35644704822978745539785450091586
273	40305	311	0.35562425263433539157631457783282
276	40748	314	0.35463279308362527508791117725195
279	41191	317	0.35350143439939396561300100074732
282	41634	320	0.35287746360395355615935386595083
285	42077	324	0.35205367572849505242160716989019
288	42520	327	0.35103140337410770888126876343449
291	42962	330	0.35039363693208253058841705751547
294	43405	333	0.34972010986972157375873848650372
297	43848	336	0.34965184481464650634308100052294
300	44291	340	0.34930989543325163815268297184957
303	44734	343	0.34860254162323028870318353256152
306	45177	346	0.34815026374805407849422067556588
309	45620	349	0.34766655407610469463719482519082
312	46063	352	0.34726509021440943314473770442419
315	46506	356	0.34674974733404645421686041117937
318	46949	359	0.34589112264300508892134189409262
321	47392	362	0.34497655719397524176628166969749
324	47835	366	0.34348196238832162663356939447112
327	48277	369	0.34316449745967764206611150257231
330	48720	373	0.34210276598071137632572913389595
333	49163	377	0.34184503149971334767798225584556
336	49606	381	0.34127581568979870052515934730764
339	50049	384	0.33972938646852868238568134984234
342	50492	388	0.33987394597267095441850415227236
345	50935	392	0.3393328410513241633061909396929
348	51378	395	0.33820639779479416686669424052525
351	51821	399	0.33731706111669018666177066734235
354	52264	403	0.3367135268678488890792266374774
357	52707	406	0.33609283720696220276735743937024
360	53150	410	0.33605854740509971678719125520729
363	53592	414	0.33556347097953326263919393568358
366	54035	418	0.33491636863649487665384185675066
369	54478	422	0.33453722491905324432082124985754
372	54921	426	0.33430915550658490964508473552996
375	55364	430	0.33371223397788080111681097150722
378	55807	433	0.33313285976765910634256329103664
381	56250	437	0.33277647350288785954575132564059
384	56693	441	0.33187630951417962377192338863097
387	57136	445	0.33180176622508023021040912681201
390	57579	448	0.33138859732555075998661209268903
393	58022	452	0.33095283468239783397635278561211
396	58465	456	0.33054664774075215305515484942589
399	58907	460	0.32969220157360806799928809596167
402	59350	464	0.32957427491797197660616802750155
405	59793	467	0.32958447900374526762234950183483
408	60236	471	0.32892602802088904967448002025776
411	60679	475	0.32842658591273327095549916521122
414	61122	479	0.32795115983266326376011079446471
417	61565	483	0.32781201006214077953160312972614
420	62008	486	0.32764364406077317593002362627885
423	62451	490	0.32724466667653451246167151111877
426	62894	494	0.32681988397244937649688267811143
429	63337	498	0.32636685697513090342880559546757
432	63779	502	0.32610736779531340756577151296369
435	64222	505	0.32591358573489692673774698050693
438	64665	509	0.32497698499602090116411545750452
441	65108	512	0.32464366300201769055533418395498
444	65551	516	0.32390185778092295265651046065614
447	65994	520	0.32365453070064092999658100779925
450	66437	524	0.3231269651560177424975961457676
453	66880	528	0.32293070255892880604520200904517
456	67323	531	0.32243194238610611845885500770237
459	67766	535	0.32192889329851187563136249991658
462	68209	539	0.3220557050017717748424672663532
465	68652	543	0.32174568221138727386332334390318
468	69094	547	0.32160154027073317717366762735764
471	69537	551	0.32166640437857157985845901748689
474	69980	555	0.32131672009426331948489519163559
477	70423	559	0.32084298870222272004326669048169
480	70866	563	0.32089916755615777166354973815032
483	71309	567	0.32077376344694302767734939152433
486	71752	570	0.320668994362256987162851373796
489	72195	574	0.32044354977896105651780089829117
492	72638	578	0.32065668050801932054127973970026
495	73081	582	0.32090503310392987090793326387939
498	73524	586	0.32073053652611116515203093513264
501	73966	590	0.32048902070127061048054883940495
504	74409	593	0.32032701666712187771324238383386
507	74852	597	0.32051739821283448117483771966363
510	75295	600	0.31997371995028245361680774294655
513	75738	604	0.31979338468326423683407710996107
516	76181	607	0.31947965431248176448875142341421
519	76624	610	0.31923398148296633358711460459745
522	77067	613	0.31924461216817806574752580672794
525	77510	616	0.31910258889234621726416207820876
528	77953	620	0.31852303453004243705137810138694
531	78396	623	0.31854200330224152759583944316546
534	78838	626	0.31801800434649019067023800744209
537	79281	629	0.3179342028009028986446082853945
540	79724	633	0.31747440040791785609286534963758
543	80167	636	0.31712837882394190325285876497219
546	80610	639	0.31668841579521916917983048733731
549	81053	642	0.31596007781040547079953739739722
552	81496	646	0.31571420133906807903301228179771
555	81939	649	0.31546721676871219974813698172511
558	82382	652	0.31540751039310316317099136540492
561	82825	655	0.31521234307656570416966701486672
564	83268	659	0.3150864186353573570542607740208
567	83711	662	0.31482956983445448129188548591628
570	84153	665	0.31481176051631937218289181146247
573	84596	669	0.31461855129810134545920163873234
576	85039	672	0.31419020095045252505272515008983
579	85482	675	0.31396719428584024536021956919285
582	85925	678	0.31385174632343132428147214341152
585	86368	681	0.31379414341051958814432509825565
588	86811	685	0.31377937003311651142922755752807
591	87254	688	0.3138247799552359995622907717916
594	87697	691	0.31343073441543312096513318465441
597	88140	695	0.31337024517988110172694860011688
600	88583	698	0.31299912186999412355703498178627
603	89025	702	0.31273838650170260322624926629942
606	89468	705	0.31291438808274257832309217519651
609	89911	708	0.31255695866078103684060351952212
612	90354	712	0.31235398357262889046381815205677
615	90797	715	0.31247718226896303850281810809975
618	91240	718	0.31236983097511600293572087139182
621	91683	721	0.3121784458838269826763678338466
624	92126	725	0.31166615923512519525928610164556
627	92569	728	0.31150814722235714571141329543025
630	93012	731	0.31121639113283333655246565285779
633	93455	734	0.31086291010113403787684660528612
636	93897	737	0.31042679540062334542227517886204
639	94340	740	0.31031213634866067208051276793412
642	94783	744	0.30992579118868740506442804871767
645	95226	747	0.30976214443226812722542717892793
648	95669	750	0.30969779360105864629559846434859
651	96112	754	0.30979065808103040113863357873925
654	96555	757	0.309588048566796281146906721915
657	96998	760	0.30931270069430383262698569524218
660	97441	763	0.30902095089871856048446829845489
663	97884	767	0.30883150210418569558967760713131
666	98327	770	0.30877836688720716740164107250166
669	98770	773	0.30857643473235324416137359548884
672	99212	776	0.30821196603107076095184879704902
675	99655	780	0.30795966069102037598881338453793
678	100098	783	0.3076669920489966680854365677078
681	100541	786	0.30784080574180500144976235787908
684	100984	790	0.30752923605329102185734768681868
687	101427	793	0.30745549087585927194865575984295
690	101870	797	0.30747255257252659177424902736675
693	102313	800	0.3071294311847091451639357728709
696	102756	803	0.30688224400897340382599054464663
699	103199	807	0.30643523581654330545376296868199
702	103642	810	0.30631845300586818536814348590269
705	104084	813	0.30620301313092795902903731075639
708	104527	816	0.30616327650810726268559847085271
711	104970	820	0.30575549321630735022381486487575
714	105413	823	0.30562135110521532199712169131089
717	105856	826	0.30529159724738658132636714981345
720	106299	829	0.30505939108899515765926935273455
723	106742	833	0.30506767865478778833931983172079
726	107185	837	0.30488792060397762462287118978566
729	107628	841	0.30450301100255583452991459125769
732	108071	844	0.3043766236371758804324372249539
735	108514	848	0.30415778312120678172902898950269
738	108957	852	0.30384256754618277351909227945725
741	109399	856	0.30352422263762524057284508671728
744	109842	859	0.30325310944516226108191858656937
747	110285	863	0.30277281246555076688053986799787
750	110728	867	0.30279746554341946396249340978102
753	111171	871	0.30280000460768868864036562627007
756	111614	874	0.30263272360054976894971900946985
759	112057	879	0.30234060372862081589317995167221
762	112500	882	0.30236047016184097735447267041309
765	112943	886	0.30240295852034970724986351342523
768	113386	890	0.3023206239510602966191754603642
771	113829	893	0.30227272389190373846901138676913
774	114272	897	0.30216186992867721805566816328792
777	114715	901	0.30218329669070154164245423089596
780	115158	905	0.30197400855971046063075391430175
783	115600	908	0.30190362861597147547954023139027
786	116043	912	0.30185886410481055364130043017212
789	116486	916	0.30143667822412684165200857933087
792	116929	920	0.30127237791868971550357514388452
795	117372	923	0.3011228461122323341037088084704
798	117815	927	0.30116157392110898260995099917636
801	118258	931	0.30117299733890123825119644607184
804	118701	934	0.30075645245348403555851746205008
807	119144	938	0.3007573752553707735479804341594
810	119587	942	0.30069870416835131621269283641595
813	120030	946	0.30046157251051774927930182457203
816	120472	949	0.30026918850707973174252174430876
819	120915	953	0.30013883249187350843456556503952
822	121358	957	0.29996310135195691781717641788418
825	121801	961	0.29981204418488216489890874072444
828	122244	964	0.29964905642020561726823757453531
831	122687	968	0.29929892102535399223128820267448
834	123130	972	0.29916605657436085019540428220353
837	123573	975	0.29888399964105644146528106830374
840	124016	979	0.29870876909742483107379484863486
843	124459	983	0.29837270491669609651097516689333
846	124902	987	0.29845718783725672107465243243496
849	125344	991	0.29835479719643509533000269584591
852	125787	994	0.29820318585901656183168029201624
855	126230	998	0.2978720222232588143995712925971
858	126673	1002	0.2977168996520778154746267318842
861	127116	1006	0.29763120077765153892457306028518
864	127559	1010	0.29733258026210201974137703473389
867	128002	1014	0.29720224575901232899610704407678
870	128445	1017	0.29714479949408517667208684542857
873	128888	1021	0.29708401048991611714811256206303
876	129331	1025	0.29679357522996302476414598459087
879	129774	1029	0.29673617898833970496497158819693
882	130217	1033	0.2965072161064798428320443690609
885	130660	1037	0.29639553562671544506557097520272
888	131102	1041	0.29613028534429558513707547717786
891	131545	1044	0.29614486113808063949548454729666
894	131988	1048	0.29601216239694799758908061448892
897	132431	1052	0.29596190112580661457641895140114
900	132874	1055	0.29589669393646267359088142256951
