0	0	0	0.69314718055895352399886633065762
3	40620	843	0.69314646906650090318890988783096
6	81240	1613	0.69314576057520249641186182998354
9	121860	2338	0.69314505529917802562067663529888
12	162480	3343	0.69314435334586355086372577716247
15	203100	4185	0.69314365437721536800097510422347
18	243720	5031	0.69314295847020657159731626961729
21	284340	5839	0.69314226825775149265496111183893
24	324960	6564	0.69314157847277146906606049014954
27	365580	7402	0.69314089169135972845481319382088
30	406200	8126	0.69314020808808263218736556154909
33	446820	8773	0.69313952751135032848139871930471
36	487440	9495	0.69313884982896667441565341505338
39	528060	10138	0.69313817515235620625446699705208
42	568680	10797	0.69313750346757474485315242418437
45	609300	11529	0.69313683488994626280543798202416
48	649920	12263	0.69313616914805287194667471339926
51	690540	13110	0.69313551042233756405153144442011
54	731160	13836	0.69313485059274704269682843005285
57	771780	14567	0.6931341936449044727197588144918
60	812400	15295	0.69313353982596537239402323393733
63	853020	15935	0.69313288868638589512727321562124
66	893640	16678	0.69313224045435883891030925951782
69	934260	17405	0.69313159507054222796540443596314
72	974880	18252	0.69313095256802093047099333489314
75	1015500	18987	0.69313031308931827290109595196554
78	1056120	20003	0.6931296762402743283359995984938
81	1096740	20849	0.69312904222877802506985744912527
84	1137360	21579	0.69312841100528677085179651840008
87	1177980	22431	0.69312779328492857278121164199547
90	1218600	23203	0.69312716758481973666761177810258
93	1259220	24219	0.69312654465291956285000196658075
96	1299840	25232	0.69312592447674370443877478464856
99	1340460	26077	0.69312530704341890341879661718849
102	1381080	26923	0.69312469246357955032777908854769
105	1421700	27651	0.69312408074519160638971015941934
108	1462320	28499	0.6931234714642757754887725241133
111	1502940	29228	0.69312286487667007506274785555433
114	1543560	30078	0.69312227771023215971979425376048
117	1584180	30925	0.69312168039206489833503610498155
120	1624800	31719	0.69312108179593912016258627772913
123	1665420	32567	0.69312048577414298033971817858401
126	1706040	33294	0.69311989245324800990033509151544
129	1746660	34018	0.69311930167056867713171186551335
132	1787280	34741	0.69311871349663278785158126993338
135	1827900	35584	0.69311812802785843778963226213818
138	1868520	36308	0.69311754503478395506022025074344
141	1909140	37156	0.69311696477110162906143386862823
144	1949760	37997	0.69311638691139332291157870713505
147	1990380	38772	0.69311581160114055233378849152359
150	2031000	39620	0.69311523882845549326958689562161
153	2071620	40347	0.69311466858213377495445683962316
156	2112240	40987	0.69311410084998981151471753037185
159	2152860	41804	0.69311353564828193096758468527696
162	2193480	42644	0.69311297292862228403009794419631
165	2234100	43371	0.69311241267098766538623522137641
168	2274720	44211	0.69311185488194548831586416781647
171	2315340	44933	0.69311129955043193628938524852856
174	2355960	45742	0.69311074666510230635196876392001
177	2396580	46583	0.69311019621471392504474806628423
180	2437200	47305	0.6931096481880446580348120733106
183	2477820	48145	0.69310910257415947466341776816989
186	2518440	48869	0.69310855936193516146914816999924
189	2559060	49701	0.69310801854029258084466391665046
192	2599680	50529	0.69310748014226808422222347871866
195	2640300	51251	0.69310694406921169452573394664796
198	2680920	52090	0.69310641037585529744546875008382
201	2721540	52816	0.69310587915659460644945966123487
204	2762160	53633	0.69310535026324482377191316118115
207	2802780	54468	0.69310482360378933286426672566449
210	2843400	55193	0.6931042992114575529427611400024
213	2884020	56031	0.69310377716322868479892349569127
216	2924640	56755	0.69310326027997271047809135779971
219	2965260	57598	0.69310274275533167998020189770614
222	3005880	58404	0.69310222750373862155015558528248
225	3046500	59128	0.69310171451452773361268100416055
228	3087120	59968	0.69310120388956020232029686667374
231	3127740	60691	0.69310069552484265820169184735278
234	3168360	61531	0.69310018932991224183126632851781
237	3208980	62317	0.69309968528657706077211742012878
240	3249600	63043	0.69309918354593935685414862746256
243	3290220	63880	0.69309868393562934496543448403827
246	3330840	64605	0.69309818666373379514311636739876
249	3371460	65444	0.69309769152302069805671180802165
252	3412080	66206	0.69309719843341255351987229005317
255	3452700	66931	0.69309670770689557617316722826217
258	3493320	67773	0.6930962263794995248389341213624
261	3533940	68496	0.69309573970704496659323012863752
264	3574560	69336	0.69309525517891434898132274611271
267	3615180	70060	0.69309477275992004141613733736449
270	3655800	70790	0.6930942924532340621013304371445
273	3696420	71633	0.69309382698084509577540757163661
276	3737040	72359	0.69309335080909217907674246816896
279	3777660	73209	0.69309287685939802159396094793919
282	3818280	73936	0.69309240484467560250436690694187
285	3858900	74664	0.69309193489426779155593294490245
288	3899520	75393	0.69309146713238145576241322487476
291	3940140	76236	0.69309100137319057388651799556101
294	3980760	76961	0.69309054942697823076258600849542
297	4021380	77684	0.69309008769062185884024529514136
300	4062000	78525	0.69308962786479377804482737701619
303	4102620	79252	0.69308917004782577553356759381131
306	4143240	80092	0.69308871423030038450008305517258
309	4183860	80835	0.69308826040300963722273763778503
312	4224480	81556	0.69308780857352414450645028409781
315	4265100	82400	0.6930873586996864066378520874423
318	4305720	83126	0.69308691078905804161536252649967
321	4346340	83851	0.69308646610020308020949642013875
324	4386960	84576	0.69308602208317215964683555284864
327	4427580	85415	0.69308558000252817876685185183305
330	4468200	86140	0.69308513984930553153418486544979
333	4508820	86926	0.69308470161486523952731886311085
336	4549440	87768	0.69308426560320368636780585802626
339	4590060	88492	0.69308383118475724860019226980512
342	4630680	89333	0.69308339866227763881312284865999
345	4671300	90058	0.69308296802012436810258577679633
348	4711920	90827	0.69308253926495255736739409258007
351	4752540	91782	0.69308211237910299917786005607923
354	4793160	92624	0.69308168741869136120214989205124
357	4833780	93351	0.69308126428144656294705328036798
360	4874400	94189	0.69308084295018879128491562369163
363	4915020	95013	0.69308042368717015513368551182793
366	4955640	95734	0.693080006100042389505233586533
369	4996260	96575	0.69307959028792420763664949845406
372	5036880	97303	0.69307917624450965377036482095718
375	5077500	98106	0.69307876400250600923413912823889
378	5118120	98959	0.693078353601630170466307845345
381	5158740	99682	0.69307794493749130815274384076474
384	5199360	100522	0.69307753805000438251937566747074
387	5239980	101251	0.69307713295469630665479598974343
390	5280600	101975	0.69307672959630728382052211600239
393	5321220	102815	0.69307632799062968143033458545688
396	5361840	103539	0.69307592815309726486106001175358
399	5402460	104378	0.69307553002826549626291807726375
402	5443080	105102	0.69307513369050322005193720542593
405	5483700	105952	0.69307473901454508258268560894066
408	5524320	106674	0.69307434618026864114881391287781
411	5564940	107502	0.6930739549603560645252287031326
414	5605560	108267	0.69307356539880760060157172119943
417	5646180	108989	0.69307317752684560741016639440204
420	5686800	109830	0.69307279145245326290591947326902
423	5727420	110553	0.69307240702952321864671603179886
426	5768040	111393	0.69307202417904445468366247951053
429	5808660	112235	0.69307164302195622962443621872808
432	5849280	112959	0.69307126348140424276778048806591
435	5889900	113801	0.69307088562028928979685815647827
438	5930520	114544	0.69307050939870107342244409665
441	5971140	115273	0.69307013591927058016040064103436
444	6011760	116115	0.69306976290315824851262505035265
447	6052380	116838	0.69306939161612157729308592024609
450	6093000	117677	0.69306902182017016134096820678678
453	6133620	118396	0.69306865362337444214091419780743
456	6174240	119234	0.69306828701859068964097332354868
459	6214860	119957	0.69306792199830646872271699976409
462	6255480	120798	0.69306755884474680051710038242163
465	6296100	121568	0.69306719702441743624632408682373
468	6336720	122292	0.69306683671363111809426982290461
471	6377340	123131	0.69306647799265364007226253306726
474	6417960	123855	0.69306612078679241673029309822596
477	6458580	124696	0.69306576512269435497159975057002
480	6499200	125422	0.69306541109765973374123859684914
483	6539820	126164	0.6930650585673978625322888547089
486	6580440	127006	0.69306470748643256296617209955002
489	6621060	127729	0.69306435791940979029845948389266
492	6661680	128571	0.69306400996293870964137795454008
495	6702300	129296	0.6930636634027513842681855749106
498	6742920	130064	0.69306331847293012327071437539416
501	6783540	130904	0.69306297492388202474700165112154
504	6824160	131626	0.693062632823098212497825443279
507	6864780	132267	0.69306229247774309154550564926467
510	6905400	133008	0.69306195331515585422721414943226
513	6946020	133845	0.6930616156124124183079970862309
516	6986640	134570	0.69306127938492245732504670741037
519	7027260	135404	0.69306094458173994610206136712804
522	7067880	136112	0.69306061121855677686909302792628
525	7108500	136820	0.69306027928870095333735434905975
528	7149120	137659	0.69305994878575849504898087616311
531	7189740	138383	0.69305961970319363008030677519855
534	7230360	139224	0.69305929203462446341887925882475
537	7270980	139964	0.69305896577357706256350411422318
540	7311600	140687	0.6930586409136384462570390496694
543	7352220	141525	0.69305831749860569157561940301093
546	7392840	142251	0.69305799542179968852906313259155
549	7433460	143093	0.69305767472707391352315653421101
552	7474080	143923	0.69305735540813429018669467041036
555	7514700	144648	0.69305703927787032370133601943962
558	7555320	145489	0.6930567226836358285524397615518
561	7595940	146213	0.69305640744671059838566407051985
564	7636560	147046	0.69305609357531861025591979341698
567	7677180	147860	0.69305578103437159853683624533005
570	7717800	148584	0.69305546984453825221095257802517
573	7758420	149425	0.69305515997542355144389603083255
576	7799040	150147	0.69305485159603286149376799585298
579	7839660	150986	0.69305454438813751671943919063779
582	7880280	151746	0.69305423856646664049208084179554
585	7920900	152469	0.69305393399685721878000776996487
588	7961520	153307	0.69305363071575132316581857594429
591	8002140	154029	0.69305332871683911211135864505195
594	8042760	154866	0.69305302800904655669000931084156
597	8083380	155590	0.69305272861807332152039862194215
600	8124000	156314	0.69305243050663212223128084588097
603	8164620	157153	0.69305213363721573927023200667463
606	8205240	157877	0.69305183803575654000184158576303
609	8245860	158822	0.6930515436966373510330186036299
612	8286480	159546	0.69305125061399897035130379663315
615	8327100	160385	0.6930509587943938232257323761587
618	8367720	161111	0.6930506682078437785676783278177
621	8408340	161951	0.69305037886089226883967739922809
624	8448960	162704	0.69305009074774370780858134821756
627	8489580	163430	0.69304980399748694619432853869512
630	8530200	164272	0.69304951837797912350680462623131
633	8570820	164998	0.69304923393292383604347151049296
636	8611440	165836	0.69304895076464434477969689396559
639	8652060	166620	0.69304866873758108614111961287563
642	8692680	167347	0.6930483879753412956858937832294
645	8733300	168189	0.69304810834446683998066873755306
648	8773920	168912	0.69304782994579072763485783070792
651	8814540	169755	0.69304755273920670699538959524943
654	8855160	170500	0.69304727666228360671851760343998
657	8895780	171226	0.69304700182576306488613226974849
660	8936400	172063	0.69304672815412604602869350856054
663	8977020	172789	0.69304645558327315768565313192084
666	9017640	173631	0.69304618417068541980086138210027
669	9058260	174396	0.69304591391118663956660839176038
672	9098880	175121	0.6930456447995834157183026036364
675	9139500	175959	0.6930453768307365258749541681027
678	9180120	176684	0.69304511000338275827914458204759
681	9220740	177525	0.6930448443044098238985384341504
684	9261360	178257	0.69304457973481869981213776554796
687	9301980	178981	0.69304431628569140855233854381368
690	9342600	179822	0.69304405395384260923918873231742
693	9383220	180546	0.69304379274750027573048782869591
696	9423840	181386	0.69304353271381313739141205587657
699	9464460	182114	0.69304327370322449386463858900242
702	9505080	182886	0.69304301580983240782529719581362
705	9545700	183727	0.69304275906683299179888990693144
708	9586320	184449	0.69304250333297756636596886892221
711	9626940	185288	0.69304224869708730416562048048945
714	9667560	186012	0.69304199512342734568193236555089
717	9708180	186835	0.69304174266212192900837862907792
720	9748800	187657	0.69304149125198244441037331853295
723	9789420	188381	0.69304124088236929157602617124212
726	9830040	189220	0.69304099160060350648393523442792
729	9870660	189946	0.69304074334305287852231458600727
732	9911280	190783	0.69304049613462692658316655069939
735	9951900	191561	0.69304024999694457953580695175333
738	9992520	192286	0.69304000487249806106149208062561
741	10033140	193124	0.69303976078299145413552651007194
744	10073760	193848	0.69303951772388006080660716179409
747	10114380	194687	0.69303927571603862745064361661207
750	10155000	195411	0.69303903470367367312121587019647
753	10195620	196160	0.69303879471563556435853570292238
756	10236240	197002	0.69303855573182926441688778140815
759	10276860	197725	0.69303831781375002663025952642784
762	10317480	198567	0.69303808104673358947422912024194
765	10358100	199362	0.69303784507082166754798890906386
768	10398720	200087	0.6930376102351845091220639005769
771	10439340	200927	0.6930373762624704170320910634473
774	10479960	201650	0.69303714333131505309637532263878
777	10520580	202490	0.6930369114031029731393118709093
780	10561200	203265	0.69303668035191356988633515356923
783	10601820	203990	0.69303645128774693517925697960891
786	10642440	204830	0.69303622220641014628483844717266
789	10683060	205552	0.69303599415153160911984286940424
792	10723680	206393	0.69303576697389512872859995695762
795	10764300	207117	0.69303554078852735997884337848518
798	10804920	207852	0.69303531552618047317793070760672
801	10845540	208696	0.69303509119876416377792338607833
804	10886160	209428	0.693034867891410555351683342451
807	10926780	210244	0.69303464556516081174208920856472
810	10967400	211013	0.69303442403488402234756904363167
813	11008020	211742	0.69303420344226629445927301276242
816	11048640	212582	0.69303398376698233107617852510884
819	11089260	213314	0.69303376501289648548009836304118
822	11129880	214046	0.69303354730015265250386846673791
825	11170500	214890	0.69303333134726841091577398401569
828	11211120	215620	0.69303311539765188875605872453889
831	11251740	216523	0.69303290033586872898041519874823
834	11292360	217246	0.6930326861218447653811836062232
837	11332980	218088	0.69303247280485413828188256957219
840	11373600	218817	0.69303226043799948108414810121758
843	11414220	219658	0.69303204890265523996362162506557
846	11454840	220431	0.69303183826954894986016597613343
849	11495460	221155	0.69303162860759037755542522063479
852	11536080	221999	0.69303141971522153053086867657839
855	11576700	222723	0.69303121175116833008189587417291
858	11617320	223561	0.69303100468553469060140059809783
861	11657940	224409	0.69303079842545589617230916701374
864	11698560	225141	0.69303059300261726782821369852172
867	11739180	225966	0.69303038870613797861608418315882
870	11779800	226695	0.6930301850527732510087730588566
873	11820420	227540	0.69302998220494849146433580244775
876	11861040	228388	0.69302978018962080319909091485897
879	11901660	229117	0.69302957906949880229063865044736
882	11942280	230140	0.69302937873580738870060713452403
885	11982900	230986	0.69302918098697885440628851938527
888	12023520	231718	0.69302898267207446725279851307278
891	12064140	232445	0.69302878837301606917975504984497
894	12104760	233294	0.69302859133632122023982446989976
897	12145380	234089	0.69302839511668989924686457015923
900	12186000	234885	0.69302819971434848067559642004198
