0	0	0	0.69314718055895352399886633065762
3	9564	722	0.69314697802398883563768094973057
6	19128	1496	0.69314685195635628023325125468546
9	28692	2349	0.69314624622862330838302113988902
12	38256	3082	0.6931460265940079246149707614677
15	47820	3931	0.69314362790968497840538020682288
18	57384	4726	0.69314344028619201409924244217109
21	66948	5450	0.69314332699649361391180946156965
24	76512	6293	0.6931427357358581620161430691951
27	86076	7023	0.69314252311073376588979044754524
30	95640	7822	0.69314016990736782020121609093621
33	105204	8669	0.69313998832409839945256635473925
36	114768	9401	0.69313988037956819621143722542911
39	124332	10248	0.69313930290896685892931827766006
42	133896	11032	0.69313909649639893206796159574878
45	143460	11764	0.69313678866618733120930073710042
48	153024	12614	0.69313661296078277196386352443369
51	162588	13347	0.6931365102676314560170567347086
54	172152	14086	0.69313594608116180229018254976836
57	181716	14927	0.69313574594921323335228180440026
60	191280	15652	0.69313348134469809913582594163017
63	200844	16496	0.69313331145743672934145251929294
66	210408	17229	0.69313321375912007038522233415279
69	219972	17961	0.69313266251912819537750465315185
72	229536	18803	0.6931324685089794712666844134219
75	239100	19542	0.6931302470216330613439481567184
78	248664	20348	0.6931300825729055370416631376429
81	258228	21202	0.69312998979360562756824037933256
84	267792	21934	0.69312945128184488829958809219534
87	277356	22785	0.69312926323583201604350279012579
90	286920	23614	0.69312708380732923618694485412561
93	296484	24340	0.69312692478042292609785590684623
96	306048	25183	0.69312683681121556311666154215345
99	315612	25911	0.6931263107324394656671984193963
102	325176	26673	0.69312612852877109048677084501833
105	334740	27512	0.69312398994457535827962146868231
108	344304	28237	0.69312383625905393813582122675143
111	353868	29086	0.69312375288775551762654458798352
114	363432	29817	0.69312323900009242816366850092891
117	372996	30543	0.69312306243126831084566674689995
120	382560	31390	0.69312096410636092613799519313034
123	392124	32120	0.69312081547307380358091677408083
126	401688	32966	0.69312073666367368662832859627088
129	411252	33791	0.69312023463211169804765177104855
132	420816	34520	0.69312006358508859715783501087571
135	430380	35373	0.69311800465153894368341980225523
138	439944	36104	0.69311786125208729725244438668597
141	449508	36831	0.69311778674134705280351909095771
144	459072	37677	0.6931172964564676908238993746636
147	468636	38408	0.6931171308070149805757864669431
150	478200	39252	0.69311511043697959788545404080651
153	487764	40102	0.69311497171974534303728887607576
156	497328	40837	0.6931149015257297429926097720454
159	506892	41685	0.69311442238877518651207765287836
162	516456	42441	0.69311426195601955058123166963924
165	526020	43166	0.69311227940919439838296511879889
168	535584	44007	0.69311214550630906305883627283038
171	545148	44733	0.69311207939833385793804154673126
174	554712	45574	0.69311161131230036858141829725355
177	564276	46356	0.69311145597803214268850524604204
180	573840	47081	0.69310951032958112438819853196037
183	583404	47922	0.69310938084290918403951309301192
186	592968	48646	0.69310931863787861306747117851046
189	602532	49485	0.69310886314939168517668122149189
192	612096	50326	0.69310871297427345538721965567674
195	621660	51051	0.69310680346704767185173068355653
198	631224	51895	0.69310667853719898356956718998845
201	640788	52621	0.69310662024659719371300070633879
204	650352	53425	0.6931061734929878648259204965143
207	659916	54278	0.69310602795892606309280381537974
210	669480	55011	0.69310415391302415688556948225596
213	679044	55858	0.69310403330239922503608340775827
216	688608	56589	0.69310397878218621414703193295281
219	698172	57321	0.69310354232878368385684098029742
222	707736	58170	0.69310340144267579276515789388213
225	717300	58903	0.69310156255845345452115680018323
228	726864	59752	0.6931014462410216570020793369622
231	736428	60602	0.69310139539149950849150627618656
234	745992	61333	0.69310096899812867476953215373214
237	755556	62171	0.69310083275764733379276094638044
240	765120	62897	0.69309902738162709745495249080705
243	774684	63648	0.69309891519821065219986166994204
246	784248	64492	0.6930988677177672974138999961724
249	793812	65219	0.69309845128495017885228435261524
252	803376	66060	0.69309831956147127662859475094592
255	812940	66786	0.69309654745315441015662827339838
258	822504	67510	0.69309643929030118059131382324267
261	832068	68360	0.69309639546636503393273187612067
264	841632	69089	0.69309598853969178744449664009153
267	851196	69935	0.69309586111255472307135505616316
270	860760	70772	0.6930941215768253726992043084465
273	870324	71510	0.69309401725295549656635785140679
276	879888	72359	0.69309397671751471481371709160157
279	889452	73087	0.69309357912812463720086952889687
282	899016	73810	0.69309345593554461117946630110964
285	908580	74653	0.69309174829646547077999230168643
288	918144	75374	0.6930916477718171986310835563927
291	927708	76216	0.69309161051781087437007045082282
294	937272	76962	0.69309122218520979874512022433919
297	946836	77688	0.69309110311531030301779310320853
300	956400	78540	0.69308942692336072965986204508226
303	965964	79268	0.69308933009307860384495825201157
306	975528	80109	0.6930892959107810558094797670492
309	985092	80935	0.69308891650075354906590519021847
312	994656	81661	0.69308880144472073681072288309224
315	1004220	82500	0.69308715587514013733994033827912
318	1013784	83224	0.69308706263809793934882463872782
321	1023348	84044	0.69308703155546547147736191618606
324	1032912	84885	0.69308666108648975257011670692009
327	1042476	85608	0.69308654993631102492201989662135
330	1052040	86449	0.6930849340725409035712800687179
333	1061604	87173	0.69308484432879935432936235883972
336	1071168	87979	0.6930848161417620945101703000546
339	1080732	88822	0.69308445394523510163509172343765
342	1090296	89547	0.69308434673659025104797137828427
345	1099860	90387	0.69308276035094396050340037618298
348	1109424	91110	0.69308267400304812699829426492215
351	1118988	91898	0.69308264871759528436001573936664
354	1128552	92740	0.69308229486741501634838868994848
357	1138116	93464	0.693082191221803034508752716647
360	1147680	94303	0.69308063344532822025456653136644
363	1157244	95028	0.69308055042654559407822034700075
366	1166808	95788	0.69308052787287888207856667577289
369	1176372	96629	0.69308018217309530495384706227924
372	1185936	97355	0.69308008212994498542514065775322
375	1195500	98197	0.69307855249898697724830753941205
378	1205064	98921	0.69307847266377653472346764829126
381	1214628	99657	0.69307845279915292202588261716301
384	1224192	100502	0.69307811509783301406883992967778
387	1233756	101225	0.69307801874940078157294465199811
390	1243320	102065	0.69307651668935144062544395637815
393	1252884	102792	0.69307643997529988499906039578491
396	1262448	103519	0.69307642271671621170270327638718
399	1272012	104359	0.6930760927544206140282767591998
402	1281576	105081	0.69307599962981025765174081243458
405	1291140	105926	0.69307452459009355472119295882294
408	1300704	106653	0.69307445110915721908639852699707
411	1310268	107381	0.6930744363772397553802306902071
414	1319832	108224	0.69307411401087748448190950512071
417	1329396	108950	0.6930740242067716661011900214362
420	1338960	109796	0.6930725757010693932613776269136
423	1348524	110553	0.69307250497109595954725591582246
426	1358088	111277	0.69307249275192561732694684906164
429	1367652	112119	0.69307217780556562569671541496064
432	1377216	112843	0.69307209123296786845713768343558
435	1386780	113685	0.69307066852719090288559300461202
438	1396344	114478	0.69307060066475700832455686395406
441	1405908	115203	0.69307059075311705509392368185217
444	1415472	116045	0.69307028305556339642379271026584
447	1425036	116772	0.69307019976426065266394971331465
450	1434600	117613	0.69306880394810821410800372177619
453	1444164	118436	0.69306873896504639365190314492793
456	1453728	119163	0.69306873135033775223945440302487
459	1463292	120009	0.69306843078153768100690967912669
462	1472856	120736	0.69306835041172121236741077154875
465	1482420	121541	0.69306698475191574893017332215095
468	1491984	122380	0.69306692238329226096738011619891
471	1501548	123106	0.69306691698402378420951208681799
474	1511112	123948	0.69306662324898260507666236662772
477	1520676	124673	0.69306654588636140701396470831241
480	1530240	125431	0.69306519762176488352878322984907
483	1539804	126272	0.69306513789261314784084788698237
486	1549368	126995	0.69306513464309660310647132064332
489	1558932	127835	0.69306484768786935646289748547133
492	1568496	128560	0.69306477325631310471010237961309
495	1578060	129291	0.693063448840218976343408030516
498	1587624	130132	0.69306339167502417630828404071508
501	1597188	130855	0.69306339050618648300883251067717
504	1606752	131704	0.69306311036484091747666980154463
507	1616316	132347	0.69306303871620511536377762240591
510	1625880	133070	0.69306173775139445769610802017269
513	1635444	134076	0.69306168315378180455610390708898
516	1645008	134915	0.69306168412029023340181765888701
519	1654572	135718	0.69306141021338252272698809974827
522	1664136	136442	0.69306134127903451513930122018792
525	1673700	137281	0.69306006402239772601348022362799
528	1683264	138003	0.69306001179908061082812764652772
531	1692828	138844	0.69306001463866717671180595061742
534	1702392	139608	0.69305974700514028086217876989394
537	1711956	140331	0.6930596807304564288543247130292
540	1721520	141172	0.69305842518823124187576922849985
543	1731084	141896	0.69305837529031477650676151824882
546	1740648	142735	0.69305837996548536050767097549397
549	1750212	143456	0.69305811848574683242674154826091
552	1759776	144178	0.69305805484028804031026993470732
555	1769340	145019	0.69305682126672596421457228643703
558	1778904	145744	0.69305677365754259078300947294338
561	1788468	146582	0.69305678016346727865482080233051
564	1798032	147305	0.69305652475028189929417976600234
567	1807596	148027	0.69305646371485918333377185263089
570	1817160	148866	0.69305525158249459138914971845224
573	1826724	149589	0.69305520619695071271593178607873
576	1836288	150428	0.69305521407207226758373508346267
579	1845852	151149	0.6930549644781297535800490550173
582	1855416	151909	0.69305490577425021836432961208629
585	1864980	152747	0.69305371466853926687434750419925
588	1874544	153470	0.6930536714402781850452583967126
591	1884108	154311	0.69305368140237533225445076823235
594	1893672	155032	0.69305343754627779517818453314248
597	1903236	155840	0.69305338129912152922429413592909
600	1912800	156678	0.69305221086650015127617052712594
603	1922364	157400	0.69305216972904271077737803352647
606	1931928	158240	0.69305218133758739185168451513164
609	1941492	158962	0.69305194308659634483404943239293
612	1951056	159800	0.69305188914266746547099273811909
615	1960620	160580	0.69305073896614421968820352049079
618	1970184	161304	0.69305069985952127975536996018491
621	1979748	162140	0.69305071179633437328249101483379
624	1989312	162863	0.69305047902622418654061675624689
627	1998876	163701	0.69305042729005150725640760356328
630	2008440	164429	0.69304929704591988759432297229068
633	2018004	165149	0.69304925991218857550535403788672
636	2027568	165990	0.69304927465606047665147571024136
639	2037132	166712	0.69304904723524263232548037194647
642	2046696	167549	0.69304899769491801198029179431614
645	2056260	168270	0.69304788684932494557955351410783
648	2065824	169025	0.69304785163108439949297689963714
651	2075388	169866	0.69304786786086070016210669564316
654	2084952	170590	0.69304764566600074449098656259594
657	2094516	171430	0.69304759838410368022465490867035
660	2104080	172153	0.69304650658524713513486403826391
663	2113644	172965	0.69304647327651625055011663789628
666	2123208	173801	0.69304649093340986443223528112867
669	2132772	174524	0.69304627643346972121207727468573
672	2142336	175364	0.69304623116932051463123798384913
675	2151900	176087	0.69304515800238875034011698517133
678	2161464	176925	0.69304512653334437999319561640732
681	2171028	177698	0.69304514557345697767232195474207
684	2180592	178418	0.69304493346644346907226008625003
687	2190156	179256	0.6930448903177154340582433178497
690	2199720	179981	0.69304383546179793018637838031282
693	2209284	180821	0.69304380579542901319456404962693
696	2218848	181549	0.69304382617823567791504046908813
699	2228412	182270	0.69304361894573351943193983970559
702	2237976	183112	0.69304357759608292699482490206719
705	2247540	183831	0.69304254086405725487907147908118
708	2257104	184669	0.69304251276380657298403775712359
711	2266668	185390	0.69304253446194563625937234974117
714	2276232	186145	0.69304233202864062857173621523543
717	2285796	186984	0.69304229258672978009059306714335
720	2295360	187708	0.69304127324606890070413101057056
723	2304924	188549	0.69304124679794465446747153691831
726	2314488	189270	0.69304126973757240737228357829736
729	2324052	190052	0.69304107191090202899630412503029
732	2333616	190893	0.69304103434899388958001509308815
735	2343180	191617	0.69304003224302068719708813659963
738	2352744	192456	0.69304000739843951706120606104378
741	2362308	193178	0.69304003150800386201524361240445
744	2371872	193997	0.69303983829440507502539503548178
747	2381436	194823	0.69303980251124397415907196773333
750	2391000	195544	0.69303881746724171897255928342929
753	2400564	196385	0.693038794204210439886537642451
756	2410128	197108	0.69303881947008427744094660738483
759	2419692	197944	0.69303863062855508569981566324714
762	2429256	198734	0.693038596597814082755917297618
765	2438820	199456	0.69303762794369971889096859740675
768	2448384	200294	0.69303760616495613255949592712568
771	2457948	201015	0.69303763254576367103254597168416
774	2467512	201849	0.69303744804323430539483297252445
777	2477076	202588	0.69303741571635590901223622495309
780	2486640	203309	0.69303646329562684780256631711381
783	2496204	204150	0.69303644298223476827303102254518
786	2505768	204871	0.69303647043710647768222088416223
789	2515332	205711	0.69303629017399548395417241408722
792	2524896	206432	0.69303625950296154911711710155942
795	2534460	207176	0.69303532299633763269497421788401
798	2544024	208016	0.69303530410453195731435016568867
801	2553588	208739	0.69303533259382976705609280543285
804	2563152	209577	0.69303515647312008418623463512631
807	2572716	210298	0.693035127424641683724360063934
810	2582280	211087	0.69303420660449810419834193453426
813	2591844	211928	0.6930341891349697247548533596273
816	2601408	212650	0.6930342186198343856773362858803
819	2610972	213487	0.69303404654615541335971329317545
822	2620536	214209	0.69303401904715300485548823417048
825	2630100	215042	0.69303311918835652782888701040065
828	2639664	215857	0.69303310314386656898477667709813
831	2649228	216582	0.69303313358497264928814729501028
834	2658792	217420	0.69303296544311687732431437325431
837	2668356	218145	0.69303293945994182134739958200953
840	2677920	218984	0.69303204874702972748679030701169
843	2687484	219763	0.6930320338830355808568128850311
846	2697048	220487	0.69303206524613358840980481545557
849	2706612	221325	0.69303190096921030161070120811928
852	2716176	222051	0.69303187649861874852774690225488
855	2725740	222890	0.69303100049275290217565270722844
858	2735304	223623	0.69303098691235143213873470813269
861	2744868	224345	0.69303101920109844158446321671363
864	2754432	225185	0.69303085870047309580144201390794
867	2763996	225910	0.69303083562654832494587253677309
870	2773560	226747	0.69302997404166222228383276160457
873	2783124	227469	0.69302996163776087179542173544178
876	2792688	228214	0.69302999473926241158494576666271
879	2802252	229055	0.69302983794630779179613000451354
882	2811816	229776	0.69302981630640736465664986099
885	2821380	230613	0.69302896899993970958320232966798
888	2830944	231336	0.69302895777767192786456007524976
891	2840508	232123	0.69302899169728593431472063457477
894	2850072	232961	0.69302883849277674421784922742518
897	2859636	233685	0.69302881816345540677559711184585
900	2869200	234409	0.69302798465893200585696831694804
