0	0	0	0.69314718055895352399886633065762
3	7944	85	0.69314697802398883563768094973057
6	15888	159	0.69314685190032943040705504245125
9	23832	244	0.69314624617263231876052032021107
12	31776	318	0.6931460265382393126643023606448
15	39720	402	0.69314362760030101551222969646915
18	47664	476	0.69314343997763749882778938626871
21	55608	561	0.69314332668872180587271714102826
24	63552	634	0.69314273542901216895728566669277
27	71496	719	0.69314252257007369362185045247315
30	79440	793	0.69314016936999267581853700903594
33	87384	878	0.69313998778828866953460874356097
36	95328	951	0.69313987984503577788331085685058
39	103272	1037	0.69313930224027975324219141839421
42	111216	1111	0.69313909582970545386615413008258
45	119160	1184	0.69313678740314765835961452467018
48	127104	1270	0.69313661169912177406615683139535
51	135048	1344	0.69313650895061607037916928675259
54	142992	1429	0.69313594468496408929070184967713
57	150936	1503	0.69313574455757309689118983442313
60	158880	1588	0.6931334799631885257298336000531
63	166824	1661	0.69313330997620026252548086631577
66	174768	1746	0.69313321228103974558365507618873
69	182712	1820	0.69313266104590443017485767995822
72	190656	1906	0.69313246704055009317357871623244
75	198600	1979	0.69313024535389222702264078179724
78	206544	2065	0.6931300809229594683813502342673
81	214488	2138	0.69312998814731929808630184197682
84	222432	2225	0.69312944964089340249557835704763
87	230376	2299	0.69312926160047738655123339412967
90	238320	2386	0.69312708191835781246226133589516
93	246264	2459	0.69312692289676580692514562542783
96	254208	2532	0.69312683489474991027634587226203
99	262152	2617	0.69312630882215631178411285873153
102	270096	2690	0.69312612659312711205217283350066
105	278040	2776	0.69312398844343614534579955943627
108	285984	2850	0.69312383468682225995394219353329
111	293928	2934	0.6931237513192155530461491252936
114	301872	3008	0.69312323740684045336735152886831
117	309816	3094	0.69312306084374830650318699554191
120	317760	3167	0.69312096252848898192411297713988
123	325704	3253	0.69312081389982638235380818514386
126	333648	3327	0.69312073446220034966813727805857
129	341592	3412	0.69312023243824627538600680054515
132	349536	3486	0.69312006139773629787015352121671
135	357480	3570	0.69311800248306432159495216183132
138	365424	3652	0.69311785884866095042156075578532
141	373368	3725	0.69311778434268389581518476916244
144	381312	3810	0.69311729390114384941057323885616
147	389256	3884	0.69311712823876325817451515831635
150	397200	3969	0.69311510788958319295716137276031
153	405144	4042	0.69311496911558345690451687914901
156	413088	4128	0.69311489884696775298777993157273
159	421032	4201	0.69311441971937137740411571940058
162	428976	4265	0.69311425929487180397359225025866
165	436920	4339	0.69311227670251562837933079208597
168	444864	4442	0.69311214265902398867780220825807
171	452808	4527	0.69311207650478268149640825868119
174	460752	4601	0.69311160842843355656128778718994
177	468696	4686	0.69311145310319177692548464619904
180	476640	4759	0.69310950747668120808242520070053
183	484584	4844	0.6931093780367837409173148444097
186	492528	4917	0.69310931587686486210486691561528
189	500472	5000	0.69310885859566717659419055053149
192	508416	5080	0.69310870823664283424392351662391
195	516360	5154	0.69310679880333214697429866646416
198	524304	5240	0.69310667384322743878044548182515
201	532248	5313	0.69310661556072150624174810218392
204	540192	5399	0.69310616882425135631962120896787
207	548136	5474	0.69310602449675107195048440189566
210	556080	5559	0.69310415276260872730063056224026
213	564024	5633	0.69310403215002980292780421223142
216	571968	5719	0.69310397762371001029180206387537
219	579912	5792	0.69310354117710071264468751905952
222	587856	5878	0.69310340035213924281265462923329
225	595800	5951	0.6931015610327032616666542708117
228	603744	6037	0.69310144466187884049190870427992
231	611688	6111	0.69310139378827984035780218619038
234	619632	6195	0.69310096740288895666992630140157
237	627576	6269	0.69310083116385934332015494874213
240	635520	6354	0.69309902581747118155419684626395
243	643464	6427	0.69309891357349695528711208680761
246	651408	6500	0.6930988662442253422923954531143
249	659352	6586	0.69309845029975725161364152882015
252	667296	6660	0.69309831852520098482983712528949
255	675240	6745	0.69309654643978091392853002616903
258	683184	6819	0.69309643820917254952718167260173
261	691128	6904	0.69309639431728320424497269414132
264	699072	6979	0.6930959873572848373157739843009
267	707016	7065	0.69309585993128286496300916041946
270	714960	7138	0.69309412041910689605828110870789
273	722904	7224	0.69309401609433485269562424946344
276	730848	7298	0.69309397553871010533299568123766
279	738792	7384	0.69309357795555159853506665967871
282	746736	7458	0.69309345476408379393973291371367
285	754680	7544	0.69309174714820998008946162372013
288	762624	7618	0.69309164662269551193674033129355
291	770568	7703	0.69309160930330493410878034410416
294	778512	7778	0.69309122087951868795840937309549
297	786456	7851	0.6930911018113566912646206219506
300	794400	7936	0.69308942542989149249166302979575
303	802344	8010	0.69308932859981586815933951584157
306	810288	8095	0.6930892944190165660955926796305
309	818232	8169	0.69308891494205338013046002743067
312	826176	8255	0.69308879988860294663055583441746
315	834120	8329	0.6930871540940919395268338121241
318	842064	8414	0.69308706085817473052657078369521
321	850008	8489	0.6930870297218283404561134375399
324	857952	8574	0.69308665898847254815962060092716
327	865896	8649	0.69308654784295087303291893476853
330	873840	8735	0.69308493200647658394331074305228
333	881784	8809	0.69308484226494571078802664487739
336	889728	8894	0.69308481408069178009156985353911
339	897672	8967	0.69308445189282641418770936070359
342	905616	9054	0.69308434455069944934990644469508
345	913560	9128	0.69308275805938213132151304307627
348	921504	9201	0.69308267171444537524394036154263
351	929448	9286	0.69308264639113692506811048588133
354	937392	9360	0.69308229255033648730233153401059
357	945336	9445	0.69308218891023565255693483777577
360	953280	9519	0.69308063116159335237398408935405
363	961224	9604	0.6930805481186110839075809053611
366	969168	9677	0.69308052496580707657614084382658
369	977112	9763	0.69308017927788934109400997840567
372	985056	9837	0.69308007924076975303506742420723
375	993000	9922	0.69307855942738139098935334914131
378	1000944	9994	0.69307847980561176903790965297958
381	1008888	10080	0.69307845993828343100773281548754
384	1016832	10153	0.6930781221682752457624587805185
387	1024776	10237	0.69307802562871045903847289082478
390	1032720	10311	0.69307652345887804656854314089287
393	1040664	10399	0.69307644674057666822619694357854
396	1048608	10473	0.69307642947998782112506432895316
399	1056552	10559	0.69307609948770909635840098417248
402	1064496	10632	0.69307600636071009514438401311054
405	1072440	10705	0.69307453118200035291351923660841
408	1080384	10791	0.69307445749860641104334035844659
411	1088328	10865	0.69307444276430629770402447320521
414	1096272	10950	0.69307412036955162726314938481664
417	1104216	11024	0.69307403056384697670466721319826
420	1112160	11109	0.6930725818362335477473834544071
423	1120104	11181	0.69307251110312562136783753885538
426	1128048	11267	0.69307249881684940273629536022781
429	1135992	11340	0.69307218384341251482538837080938
432	1143936	11425	0.69307209746690157103898854984436
435	1151880	11498	0.69307067464637139853067537842435
438	1159824	11583	0.69307060678055498748051377333468
441	1167768	11657	0.69307059686695737799055905270507
444	1175712	11742	0.69307028914237234218376215721946
447	1183656	11815	0.69307020571336741543433390688733
450	1191600	11901	0.69306880827078798379403679064126
453	1199544	11974	0.69306874319380762372588833386544
456	1207488	12059	0.69306873557771331295640493408428
459	1215432	12144	0.69306843493476544271203465541475
462	1223376	12217	0.69306835456611448620378723717295
465	1231320	12302	0.69306698198282323808427918265807
468	1239264	12376	0.69306691961950850355833608773537
471	1247208	12462	0.69306691422416044634502441113
474	1255152	12535	0.69306662049879264042573367987643
477	1263096	12620	0.69306654310793858186912075325381
480	1271040	12694	0.69306519487794493450394384126412
483	1278984	12779	0.69306513515249124068873243231792
486	1286928	12852	0.69306513190685548053693310066592
489	1294872	12937	0.69306484493909081834317476022989
492	1302816	13011	0.69306477044535652609624776232522
495	1310760	13096	0.6930634460707455479777649998141
498	1318704	13170	0.69306338890935659247105604663375
501	1326648	13243	0.69306338774440712224844673983171
504	1334592	13329	0.69306310824244787838210868358146
507	1342536	13402	0.69306303656469681051532916171709
510	1350480	13488	0.69306173555774130967677137959981
513	1358424	13562	0.69306168088537045690600280067883
516	1366368	13647	0.69306168173218263284240947541548
519	1374312	13721	0.69306140781100844527884419221664
522	1382256	13807	0.6930613388753370518458041260601
525	1390200	13881	0.69306006076388615433359063899843
528	1398144	13967	0.69306000851550642050113992809202
531	1406088	14040	0.69306001131030747774985911746626
534	1414032	14126	0.69305974368875578051074626273476
537	1421976	14199	0.6930596774205326493500933793257
540	1429920	14285	0.69305842174256149235134216723964
543	1437864	14357	0.69305837184791507787906539306277
546	1445808	14431	0.69305837652706669960167573663057
549	1453752	14516	0.6930581150595429562599747441709
552	1461696	14590	0.6930580513858527469395198750135
555	1469640	14675	0.69305681768772042783410824995372
558	1477584	14749	0.69305677008229782387616069172509
561	1485528	14836	0.69305677658368147753265020583058
564	1493472	14910	0.6930565211279926529641670640558
567	1501416	14975	0.69305645997781506473245372035308
570	1509360	15049	0.69305524781629301855900848750025
573	1517304	15153	0.69305520243524731949236183936591
576	1525248	15238	0.69305521069844744364019106797059
579	1533192	15312	0.69305496111592046482030582410516
582	1541136	15399	0.69305490241997347311553312465549
585	1549080	15473	0.6930537113567767359967319862335
588	1557024	15539	0.69305366813272373249787960958201
591	1564968	15640	0.6930536781292817583022269900539
594	1572912	15726	0.69305343428428922702977388325962
597	1580856	15799	0.69305337797527799548191751455306
600	1588800	15864	0.69305220758463215169342674926156
603	1596744	15937	0.69305216645129608110664776177146
606	1604688	16040	0.69305217806423247139946397510357
609	1612632	16125	0.69305193982419566189889792440226
612	1620576	16199	0.69305188583689325554360038950108
615	1628520	16285	0.69305073570171149555108058848418
618	1636464	16358	0.69305069659923024261161117465235
621	1644408	16432	0.69305070980337712960306362219853
624	1652352	16518	0.69305047703903410738490720177651
627	1660296	16592	0.69305042424775631371147710524383
630	1668240	16679	0.69304929397872327978546991289477
633	1676184	16753	0.69304925684912155325889671075856
636	1684128	16839	0.69304927159124152247215988609241
639	1692072	16912	0.69304904418049373404642210516613
642	1700016	16998	0.69304899464782765416970278238296
645	1707960	17071	0.69304788382715909467179926650715
648	1715904	17158	0.6930478486130104975870835914975
651	1723848	17231	0.69304786484024094583844544104068
654	1731792	17316	0.69304764265533747025216371184797
657	1739736	17390	0.69304759525814119136555291333934
660	1747680	17476	0.69304650349571850220797841757303
663	1755624	17550	0.69304647014155029705051447308506
666	1763568	17624	0.69304648780296651544574615400052
669	1771512	17689	0.69304627072359192840877994967741
672	1779456	17761	0.69304622540283733478361227753339
675	1787400	17864	0.69304515231709873379628561451682
678	1795344	17949	0.69304512076888324934031970769865
681	1803288	18022	0.69304513981499082930781696632039
684	1811232	18109	0.69304492772353210039426585353795
687	1819176	18182	0.69304488442180778307033506280277
690	1827120	18268	0.69304382963982125165358638696489
693	1835064	18341	0.69304379984493003075129990975256
696	1843008	18426	0.6930438202275416292863496892096
699	1850952	18499	0.69304361300913663868072944751475
702	1858896	18585	0.69304357167039021270227294735378
705	1866840	18671	0.69304253482735023172978117145249
708	1874784	18744	0.69304250673450795705576865657349
711	1882728	18830	0.69304252840681690450708174466854
714	1890672	18903	0.69304232594936632239068785565905
717	1898616	18989	0.69304228651905364078089633039781
720	1906560	19063	0.69304126725818937515555262507405
723	1914504	19149	0.69304124081753126773719486664049
726	1922448	19223	0.69304125972517771625547311487026
729	1930392	19309	0.69304106193567893701157345276442
732	1938336	19383	0.6930410243625271249356956104748
735	1946280	19468	0.69304002240608220120066107483581
738	1954224	19541	0.69303999757016965244105222154758
741	1962168	19628	0.69304002168768330527370835625334
744	1970112	19701	0.6930398284424281740712103783153
747	1978056	19775	0.69303979267249316009724680043291
750	1986000	19860	0.69303880760676683792098629055545
753	1993944	19934	0.69303878432689602906435766271898
756	2001888	20020	0.69303880960092556495766302759876
759	2009832	20094	0.69303862079565314857632074563298
762	2017776	20181	0.6930385867784675246738856912998
765	2025720	20254	0.69303761826956666869392620355939
768	2033664	20341	0.69303759649963136979522460023873
771	2041608	20414	0.69303762288818715475713361229282
774	2049552	20500	0.69303743842102893957246578793274
777	2057496	20573	0.69303740610724584580992768678698
780	2065440	20660	0.6930364538288701359292076631391
783	2073384	20733	0.69303643352392563237174272217089
786	2081328	20819	0.69303646098625337756971021008212
789	2089272	20897	0.69303628075773204830767326711793
792	2097216	20971	0.69303625009944480606094430186204
795	2105160	21056	0.6930353137324065659896632496384
798	2113104	21128	0.69303529484872117283345005489537
801	2121048	21213	0.69303532334518669344447516778018
804	2128992	21286	0.69303514731144810756546803531819
807	2136936	21372	0.69303511826169839071809519737144
810	2144880	21444	0.6930341974934219884119102061959
813	2152824	21529	0.69303417998819838441448837329517
816	2160768	21602	0.69303420948010086011237262937357
819	2168712	21687	0.69303403743967872951969866335276
822	2176656	21760	0.69303400995305419751701947461697
825	2184600	21845	0.69303310447852717324224158801371
828	2192544	21918	0.69303308831044241333785294045811
831	2200488	22003	0.69303311876036577388049408909865
834	2208432	22077	0.69303295067403059004362830819446
837	2216376	22163	0.69303292504271807317195452924352
840	2224320	22237	0.6930320345619093158617829431023
843	2232264	22322	0.69303201968906769092626518613542
846	2240208	22395	0.69303205105991771972639980958775
849	2248152	22480	0.69303188683638272671316826745169
852	2256096	22553	0.69303186234267932785968469033833
855	2264040	22638	0.69303098656465844662477593374206
858	2271984	22711	0.69303097294924242977032236012747
861	2279928	22796	0.69303100520618787783178049721755
864	2287872	22875	0.69303084475809195730278133851243
867	2295816	22948	0.69303082169764518294385879926267
870	2303760	23051	0.69302996033663344377373505267315
873	2311704	23137	0.69302994794030259306794050644385
876	2319648	23212	0.69302998104887336694446275942028
879	2327592	23298	0.69302982429002712994048351902165
882	2335536	23372	0.69302980262173397019154208464897
885	2343480	23457	0.6930289553981519024006274776184
888	2351424	23531	0.69302894418359772821247588581173
891	2359368	23617	0.69302897811027364127767214085907
894	2367312	23690	0.6930288249564319214002239277761
897	2375256	23777	0.69302880464022242890109737345483
900	2383200	23863	0.69302797128049609121092089480953
