0	0	0	0.69314718055900481630260401288979
3	19468	580	0.26776050901165676654258618327731
6	38936	1122	0.2080336155946690690488054542584
9	58404	1740	0.17485450850079689577576402825798
12	77872	2311	0.15216404692604970638747374778177
15	97340	2854	0.13640738515886530191068004569388
18	116808	3472	0.12477447805739691477633357408195
21	136276	4033	0.11590911786137836347876373110921
24	155744	4578	0.10930399176558688867366697650141
27	175212	5197	0.10379533668351659247974794197944
30	194680	5796	0.09932979153585110021484894105015
33	214148	6420	0.095549938927250777087607502835453
36	233616	7039	0.092278341018462703426727955502429
39	253084	7583	0.089661705743054556649873632068193
42	272552	8202	0.087283733161998625083022318449366
45	292020	8824	0.085227721684087001663421290231781
48	311488	9370	0.083392018362806907827433633428882
51	330956	9990	0.0817226258900988350442062824186
54	350424	10612	0.080338823783425411528824611195887
57	369892	11157	0.079050374732837574986987760894408
60	389360	11719	0.077883158055505621875092003847385
63	408828	12344	0.076822662319253859353196389747609
66	428296	12892	0.075815807104792756754285676379368
69	447764	13446	0.074965407216960600056410157776554
72	467232	14067	0.074162401524205570635395190493
75	486700	14609	0.073420250300591238801217741638538
78	506168	15155	0.072730472053985500968664723586699
81	525636	15775	0.072062227861782665594425623112329
84	545104	16321	0.071493624890430484963843582590926
87	564572	16865	0.070953996773344740756073178999941
90	584040	17483	0.070442449474480084425920267676702
93	603508	18089	0.069965965797011309135200463060755
96	622976	18632	0.069492926332426402380448848816741
99	642444	19253	0.069087717150880356697939532750752
102	661912	19873	0.068703666447163844188672499058157
105	681380	20416	0.06833561799290387150929149129297
108	700848	20984	0.067987080649259998277322836202075
111	720316	21604	0.067638518637062300387086111186363
114	739784	22152	0.067338450209996653095245733311458
117	759252	22695	0.067055856565475344122084777609416
120	778720	23316	0.066779689648997164752586286340374
123	798188	23863	0.066518224481578083762123299038649
126	817656	24408	0.066251807900699288822465859993827
129	837124	25028	0.066023414369059757467184113011172
132	856592	25573	0.065808795657810628676465114494931
135	876060	26116	0.06559555372681891149966304510599
138	895528	26735	0.065393991891663394433464873145567
141	914996	27279	0.065185506299729245593965742955334
144	934464	27826	0.065006980135398170772553783081094
147	953932	28446	0.064839784147863940844125352214178
150	973400	29018	0.064670553119874421565960176394583
153	992868	29563	0.064509017858779160725646306673298
156	1012336	30186	0.064343974279564897233996134673362
159	1031804	30769	0.064197846499664562580633742072678
162	1051272	31311	0.064066542250074090536493542913377
165	1070740	31908	0.063931143311247981553258057374478
168	1090208	32526	0.063801327884860856154425334807456
171	1109676	33068	0.063668636584437471315212064837397
174	1129144	33680	0.063550104586970537767776079363102
177	1148612	34296	0.063444642584047278299763661379984
180	1168080	34839	0.063334225410158581648367714933556
183	1187548	35379	0.063228620841834032306749691088044
186	1207016	35997	0.063118655360739114867918431173166
189	1226484	36547	0.063020381925448690219049296956655
192	1245952	37094	0.062935200280617747958800123342371
195	1265420	37718	0.062844699935727804662732864926511
198	1284888	38262	0.062757329114912260847880531855481
201	1304356	38805	0.062666044427810610462081797322753
204	1323824	39423	0.062582820948276315919933665554709
207	1343292	40046	0.06251156092942888875541029847227
210	1362760	40593	0.062436070414739440470608400346464
213	1382228	41212	0.062363177069037586952582330468431
216	1401696	41830	0.06228803826268555082767974795388
219	1421164	42373	0.062218212609356844666752550665478
222	1440632	42993	0.062159229543816141294598764943657
225	1460100	43609	0.062094252820115436453107804481988
228	1479568	44155	0.062032886327990699459888901401428
231	1499036	44774	0.061967628036214444930962486068893
234	1518504	45392	0.061907812753809986217046201772973
237	1537972	45935	0.0618584641623442579860814305448
240	1557440	46477	0.061804840577768568876670940426266
243	1576908	47094	0.061753783202781895034227943597216
246	1596376	47636	0.06169802353176593451289377867397
249	1615844	48183	0.061647866905111009527828969112306
252	1635312	48803	0.061606039993386083053472646042792
255	1654780	49343	0.061558614732924177292971990027581
258	1674248	49962	0.061513981579567125757002088448644
261	1693716	50505	0.06146720371981594793764358541921
264	1713184	51047	0.061422096995784651596306247256507
267	1732652	51665	0.061387659371039210443043998566282
270	1752120	52229	0.061347268876160550299392326678571
273	1771588	52769	0.061308853606850427508945244881033
276	1791056	53391	0.061267452958370750837335805272232
279	1810524	53930	0.06122863202314095254497061660004
282	1829992	54472	0.061198466424097562599282440487514
285	1849460	55090	0.061162941039451593217002312030672
288	1868928	55630	0.061129683910585701223094901024524
291	1888396	56175	0.061093750030883089974231836549734
294	1907864	56791	0.061059288597876022752775071467113
297	1927332	57332	0.061033417947993183483301748992744
300	1946800	57874	0.061003506364319982913091422460639
303	1966268	58489	0.060975636086568529847795616660733
306	1985736	59033	0.060945289885096856630219974704232
309	2005204	59577	0.06091491924967144810931785059438
312	2024672	60195	0.060892469511105107304871353335329
315	2044140	60738	0.060864761050585240720334212483067
318	2063608	61281	0.060840373157638578949235608206436
321	2083076	61902	0.060813847242982090046670151650687
324	2102544	62445	0.060786565436687700625384422892239
327	2122012	62990	0.060769129536101397504044285824421
330	2141480	63611	0.060744728943791986841560515131277
333	2160948	64211	0.060722448500251137437633275339977
336	2180416	64754	0.060698121961068184082588317096452
339	2199884	65371	0.060673810838834753289550150157083
342	2219352	65989	0.060656740770580717947435545056578
345	2238820	66534	0.060635103716096518111644542159411
348	2258288	67148	0.060615453001902921958965464455105
351	2277756	67768	0.060594006337999578581943183053227
354	2297224	68309	0.060572923372339632086536198585236
357	2316692	68867	0.06055817529229680362679033578388
360	2336160	69487	0.060537799128695383987786016177779
363	2355628	70031	0.060520345300844421987385146621818
366	2375096	70614	0.060502313601373855500575871246838
369	2394564	71231	0.060482615920713682367004793150045
372	2414032	71775	0.060470662524726472020208944968545
375	2433500	72332	0.060453224993205503801085853865516
378	2452968	72948	0.060437685643860643291969125812102
381	2472436	73491	0.060420755416514683455719847415821
384	2491904	74075	0.060402505189793599671421731045484
387	2511372	74696	0.060390981990545891666677391640405
390	2530840	75243	0.060375412127621132241106494120686
393	2550308	75789	0.060362561116254702386907382560821
396	2569776	76411	0.060347449891432466961838088082004
399	2589244	76954	0.060331887091426353308953878240573
402	2608712	77496	0.0603218365005226755948264383278
405	2628180	78115	0.060307626734776118015979307074304
408	2647648	78676	0.060295198179848623343257685291974
411	2667116	79222	0.060282721959990653859406961601053
414	2686584	79842	0.060269567185809662379636364448743
417	2706052	80413	0.060260742229475340592248500115602
420	2725520	80953	0.060248817005843009753096595204624
423	2744988	81568	0.060237650192208926080983388828827
426	2764456	82109	0.06022550062445823637613528944712
429	2783924	82654	0.060211617389967053703969668276841
432	2803392	83271	0.060204751670925892026442483029314
435	2822860	83811	0.060192951411177232634575062775184
438	2842328	84355	0.060183867979712604712183576793905
441	2861796	84975	0.060173939833240472352393624078104
444	2881264	85518	0.060161230669839672879906089519864
447	2900732	86059	0.060154228413656661567099348530974
450	2920200	86677	0.060143283864117214054800797384814
453	2939668	87251	0.060135181155937175723202869903616
456	2959136	87793	0.060125285626171698361019934964133
459	2978604	88416	0.060113663752728307976269661594415
462	2998072	89035	0.060107380004695488973087691420005
465	3017540	89575	0.060097473393000352959170129452104
468	3037008	90193	0.060089242503140766205049771997437
471	3056476	90811	0.060080351110723843877092775755955
474	3075944	91354	0.060069383948959213792573308410283
477	3095412	91971	0.060063804240430507253023506564205
480	3114880	92595	0.060054727911003080720320213004015
483	3134348	93138	0.060047244359461994511750759784263
486	3153816	93756	0.060040162900350378671898710081223
489	3173284	94372	0.060029160053913614703002821215705
492	3192752	94916	0.060025138668761961191489007205746
495	3212220	95491	0.060016607586952326613971564484018
498	3231688	96115	0.060010780859310330903610974928597
501	3251156	96658	0.06000346921314036324757168472388
504	3270624	97245	0.059993824357646205469585254377307
507	3290092	97865	0.059988327487823858708004820528004
510	3309560	98409	0.059981636269304368369592594945061
513	3329028	98951	0.059975425715635723167284965029467
516	3348496	99570	0.059968720670597837341109226372282
519	3367964	100112	0.059959918773222792287569404834358
522	3387432	100658	0.059955879109572805807371054243049
525	3406900	101277	0.05994853233256761809721879785684
528	3426368	101827	0.059942821536896132017524507773487
531	3445836	102371	0.059936705171030398020537433012578
534	3465304	102990	0.059928541548218389189983668075001
537	3484772	103554	0.059925955695173158122024403837713
540	3504240	104099	0.059918016363329600071363501001542
543	3523708	104716	0.0599128117635643955840585306305
546	3543176	105256	0.059906397585471130029510788972402
549	3562644	105874	0.059899605696692691247928763687014
552	3582112	106493	0.059896317871694478018884666425947
555	3601580	107038	0.059888997762346574127434450929286
558	3621048	107659	0.059885233646170384080864579345871
561	3640516	108279	0.059879274176682394104087592268115
564	3659984	108823	0.059872906204595094381559761131939
567	3679452	109415	0.059869930597822314244371710856285
570	3698920	110036	0.059864171030608669121786391542628
573	3718388	110580	0.059859780362259258634782810304387
576	3737856	111170	0.059854225099820829170127467477869
579	3757324	111791	0.059848185899994639502796900387693
582	3776792	112331	0.059845476819923838773807034385754
585	3796260	112900	0.05984014273470963929391075453168
588	3815728	113517	0.059836115362548521201535578484254
591	3835196	114059	0.059831925021966277100649023168444
594	3854664	114639	0.059825476237335355189639329864804
597	3874132	115260	0.059823067218848044457324419909128
600	3893600	115802	0.059817882961804139108075162312161
603	3913068	116344	0.059814167814096791397915353627468
606	3932536	116961	0.059810393043145670954885417813784
609	3952004	117507	0.059804323915228857488912694861938
612	3971472	118052	0.059802193584828917949369753159772
615	3990940	118671	0.059797159011794998040301152286702
618	4010408	119211	0.059793713571451821697788631126969
621	4029876	119828	0.059790254471648034140240923761667
624	4049344	120369	0.059784520988205941405269072674855
627	4068812	120914	0.059782568902618078710009541509862
630	4088280	121529	0.059777963313360993335976445450797
633	4107748	122071	0.05977479430819939570929122396592
636	4127216	122618	0.059771649630154563559436553532578
639	4146684	123238	0.059766169089978907202898028572235
642	4166152	123819	0.059764461205547757260969632397973
645	4185620	124361	0.059760031554425760424997804420855
648	4205088	124984	0.059757109264617747079739729088033
651	4224556	125579	0.059754163213844954660736163987167
654	4244024	126123	0.059749040158407477896229664793282
657	4263492	126741	0.059747501396586945310307470435873
660	4282960	127362	0.059743283745691676267508540831841
663	4302428	127906	0.059740569978575450149627101836813
666	4321896	128527	0.059738938876314956472057815517474
669	4341364	129151	0.059733987455694394219651854882613
672	4360832	129699	0.059733519130859231982544343964037
675	4380300	130319	0.059729697707882625778985641318286
678	4399768	130938	0.059726193086545413535315418585014
681	4419236	131482	0.059724887071954314843313937899438
684	4438704	132103	0.05971904233218928298443373137161
687	4458172	132725	0.0597188052098257121658164692235
690	4477640	133274	0.059715158392479442128752964435989
693	4497108	133825	0.059712830518660733880587088151515
696	4516576	134445	0.059710648072179892120736610650056
699	4536044	134987	0.059706018171098489133452602573016
702	4555512	135532	0.059704935814003518013137750131136
705	4574980	136151	0.059701476279485334031082999217688
708	4594448	136692	0.059699301365720380818657986310427
711	4613916	137236	0.059697295720527621121220818167785
714	4633384	137858	0.059692973663508036574754100911377
717	4652852	138399	0.059690960765519066044682006122457
720	4672320	138945	0.059687619853650522583343729365879
723	4691788	139561	0.059685605880136730072571538130433
726	4711256	140102	0.059684803049110099482099656142964
729	4730724	140644	0.059680570158905009436889343987787
732	4750192	141265	0.059679708474042546251236984744537
735	4769660	141815	0.059676617905452672419031046047166
738	4789128	142359	0.059675757723805997190247296657617
741	4808596	142977	0.059674201705911582294117323499449
744	4828064	143741	0.059670153592269493947330971650445
747	4847532	144358	0.05966940874209602369004912247874
750	4867000	144902	0.059666319295604605676963672067359
753	4886468	145445	0.059664562791404543440343388738256
756	4905936	146059	0.059663079624621154217756213711255
759	4925404	146599	0.059659364875134832106873261636792
762	4944872	147139	0.059658620878329800263362159284952
765	4964340	147842	0.059655792631941789716520929687249
768	4983808	148382	0.059654181752772025837394664904423
771	5003276	149001	0.059652893703031645289414086619217
774	5022744	149541	0.05965002163418979541642528374723
777	5042212	150081	0.059648403313360569277801204179923
780	5061680	150696	0.05964683952846926151547535255304
783	5081148	151237	0.05964532585556162058715301554912
786	5100616	151779	0.059644071311292491677225058310796
789	5120084	152395	0.059640531855675076033929116192667
792	5139552	152936	0.05963900518375680331883970097806
795	5159020	153475	0.05963747387005089578559946517089
798	5178488	154091	0.059636070365188163788783271002103
801	5197956	154633	0.059635008428340408048740073354566
804	5217424	155193	0.059631548865229103140173094743659
807	5236892	155812	0.059630047748140062313648712688519
810	5256360	156356	0.059627608618597470468980503710554
813	5275828	156902	0.059627288109996907927712328501002
816	5295296	157520	0.059626337185459926670816344085324
819	5314764	158064	0.059622226643003518875563173651244
822	5334232	158612	0.059622809229143952647334003813739
825	5353700	159232	0.059620299382535268950533691167948
828	5373168	159827	0.05962006463067630324115242501648
831	5392636	160366	0.059619195859323036168486709129866
834	5412104	160993	0.059615246991879498883459831404252
837	5431572	161611	0.059614871501134536480037695582723
840	5451040	162154	0.0596124601714182536515984622838
843	5470508	162771	0.059611314045658586602272066556907
846	5489976	163391	0.059611516985932533341241423840984
849	5509444	163933	0.059607556691627060219129674578653
852	5528912	164517	0.059607256023702537284236768755363
855	5548380	165133	0.059605096491131694114162797859535
858	5567848	165674	0.059604023565189852285062244163782
861	5587316	166290	0.059603294805099328590447527176366
864	5606784	166908	0.059601622898780119708117553045668
867	5626252	167449	0.059600341211575279254386572347357
870	5645720	168022	0.059598101434087259742344855339979
873	5665188	168646	0.059598110532817182016795953813926
876	5684656	169186	0.059596484157420699656615425965356
879	5704124	169777	0.059595979128655655887580877561049
882	5723592	170394	0.059595760765981123374679384596675
885	5743060	170937	0.059593487663856213598645439333268
888	5762528	171479	0.059592554945377407271678293909645
891	5781996	172103	0.059591012739325904812304202096129
894	5801464	172658	0.059589537145350764124618336836647
897	5820932	173201	0.059589276637621535481770251863054
900	5840400	173744	0.059587288386365622194773550290847
