0	0	0	0.69314718055895352399886633065762
3	8124	142	0.69314697802398883563768094973057
6	16248	311	0.69314685190032943040705504245125
9	24372	457	0.69314624617263231876052032021107
12	32496	628	0.6931460265382393126643023606448
15	40620	774	0.69314362760030101551222969646915
18	48744	943	0.69314343997763749882778938626871
21	56868	1089	0.69314332668872180587271714102826
24	64992	1260	0.69314273612351551268062621602439
27	73116	1406	0.69314252326176739593677211814793
30	81240	1576	0.69314017005805395044149008754175
33	89364	1724	0.69313998847435820405138429123326
36	97488	1871	0.69313988052937325345936869780417
39	105612	2042	0.693139302922296640652177757147
42	113736	2188	0.6931390965089919697916798213555
45	121860	2358	0.693136788232738942916455471277
48	129984	2505	0.69313661252824909642100692508393
51	138108	2674	0.69313650977774843298107043665368
54	146232	2821	0.69313594947818657487914606463164
57	154356	2991	0.69313575039067032435013970825821
60	162480	3137	0.69313348572567301530966688005719
63	170604	3307	0.69313331572818781545208821626147
66	178728	3477	0.69313321802361449464058296143776
69	186852	3624	0.69313266676641271946124334135675
72	194976	3795	0.6931324727483429981589324597735
75	203100	3942	0.69313025099253222638395754984231
78	211224	4112	0.69313008675385134882418469715049
81	219348	4260	0.69312999396856811440414958269685
84	227472	4431	0.69312945543981374640907233697362
87	235596	4577	0.69312926775347982744079899930512
90	243720	4747	0.69312708800037181600117719426635
93	251844	4895	0.693126928967021882499466300942
96	259968	5042	0.69312684095481791324289133626735
99	268092	5215	0.69312631485932618691236939412192
102	276216	5362	0.69312613261630229288812188315205
105	284340	5533	0.69312399398556789886782780740759
108	292464	5678	0.69312384021864137384483228743193
111	300588	5848	0.6931237568419884587100909811852
114	308712	5994	0.69312324291013127641747360030422
117	316836	6163	0.69312306633471088002096394120599
120	324960	6308	0.69312096795371336277469254127936
123	333084	6477	0.6931208193150921736958025576314
126	341208	6623	0.69312074043615889973324328821036
129	349332	6775	0.69312023904583774935872497735545
132	357456	6946	0.69312006799046965710431322804652
135	365580	7092	0.69311800959730807125680485114572
138	373704	7262	0.6931178659485798254635824378056
141	381828	7409	0.69311779143062235419847638695501
144	389952	7579	0.69311730096231793929462128289742
147	398076	7728	0.69311713528304708109573084584554
150	406200	7899	0.69311511485573251700742503089714
153	414324	8044	0.69311497633729568512706009641988
156	422448	8214	0.69311490605611514315143040221301
159	430572	8360	0.69311442697647440702723997674184
162	438696	8530	0.69311426653374541562158128726878
165	446820	8677	0.6931122838659689033846689198981
168	454944	8823	0.69311214980685176278996095788898
171	463068	8993	0.69311208364009757598722671900759
174	471192	9139	0.69311161553766020837485939409817
177	479316	9309	0.6931114601946154474276795554033
180	487440	9456	0.6931095144944736663461526404717
183	495564	9625	0.6931093850392638922031096626597
186	503688	9772	0.69310932286714121985937708814163
189	511812	9944	0.69310886556037687444842276818235
192	519936	10089	0.69310871518389594037046208541142
195	528060	10259	0.69310680567820015518520904151956
198	536184	10429	0.69310668085357851619932034736848
201	544308	10576	0.69310662255882982130117397900904
204	552432	10753	0.69310617579674593802252502428018
207	560556	10902	0.6931060302565781316985749072046
210	568680	11072	0.69310415685524962015051642083563
213	576804	11219	0.69310403626963812406813758570934
216	584928	11389	0.69310398173722809200825167863513
219	593052	11538	0.69310354527379136602149856116739
222	601176	11709	0.69310340444074280963349110606941
225	609300	11877	0.69310156506696951606016909863683
228	617424	12024	0.69310144869056644623128704552073
231	625548	12196	0.69310139781102397815715221440769
234	633672	12342	0.69310097140902882095758741343161
237	641796	12512	0.69310083516216425270073386855074
240	649920	12658	0.69309902976267612206839885402587
243	658044	12827	0.69309891838848081135893153259531
246	666168	12972	0.69309887105140199903274833559408
249	674292	13144	0.69309845460803820582640355496551
252	682416	13291	0.69309832282357364263702947937418
255	690540	13437	0.69309655068571440761360236137989
258	698664	13608	0.69309644244821810854517707412015
261	706788	13755	0.69309639855014515408271336127655
264	714912	13925	0.69309599166127711100671149324626
267	723036	14070	0.69309586422528701721290644854889
270	731160	14240	0.69309412546213866601618747154134
273	739284	14387	0.69309402112798568218465788959293
276	747408	14517	0.69309398056455451264667999566882
279	755532	14662	0.69309358296244782948747342743445
282	763656	14864	0.69309345975848968279819928284269
285	771780	15011	0.69309175208638440501829336426454
288	779904	15182	0.69309165155186169826606601418462
291	788028	15327	0.69309161422486209591653505412978
294	796152	15497	0.69309122578249671153827193847974
297	804276	15646	0.69309110670214568727942605619319
300	812400	15815	0.69308943026558611499865492078243
303	820524	15962	0.69308933342665901555790242127841
306	828648	16132	0.69308929923853668242372805252671
309	836772	16278	0.69308891974349828846158061423921
312	844896	16447	0.693088804678140379955664229783
315	853020	16591	0.69308715974669965476095967460424
318	861144	16760	0.69308706649954454626083588664187
321	869268	16906	0.69308703535354287961212094160146
324	877392	17064	0.69308666459939027859604721015785
327	885516	17224	0.69308655343895886336014200423961
330	893640	17370	0.6930849375442923454571086949727
333	901764	17538	0.69308484779187962132596112496685
336	909888	17683	0.69308481959781087500260809974861
339	918012	17852	0.69308445738980528627593002966023
342	926136	17997	0.69308435044950189585222233290551
345	934260	18166	0.69308276438771132532679075666238
348	942384	18313	0.69308267802935874524195014600991
351	950508	18485	0.6930826526952038602047423410113
354	958632	18632	0.69308229883179506281010162638268
357	966756	18802	0.69308219517467550829792344302405
360	974880	18949	0.69308063736452452108238730943413
363	983004	19118	0.69308055430842707700378468871349
366	991128	19265	0.69308053174756145686785657744622
369	999252	19410	0.69308018603485099795591395377414
372	1007376	19580	0.6930800859805452684980764388456
375	1015500	19726	0.69307855631995496370478804237791
378	1023624	19895	0.69307847647490339326736830116715
381	1031748	20042	0.69307845660326172776422026799992
384	1039872	20213	0.69307811885219916536726714184624
387	1047996	20359	0.69307802230452886238509790928219
390	1056120	20529	0.69307652021395094177336204666062
393	1064244	20674	0.69307644349084474022504309687065
396	1072368	20845	0.69307642622584431091325996021624
399	1080492	20992	0.6930760962519310064422484174429
402	1088616	21138	0.69307600311717465491057055260171
405	1096740	21308	0.69307452802926017287887816564762
408	1104864	21456	0.69307445434128200911771955361473
411	1112988	21627	0.6930744396035857235460753145162
414	1121112	21773	0.69307411722652756402851537131937
417	1129236	21942	0.69307402741317514216490280887228
420	1137360	22087	0.69307257877350636476876388769597
423	1145484	22257	0.6930725080359492196180326573085
426	1153608	22403	0.69307249574619811394171620122506
429	1161732	22574	0.6930721807898901909439359769749
432	1169856	22721	0.69307209420878745920191477125627
435	1177980	22868	0.69307067147617884561583423419506
438	1186104	23039	0.69307060360649086483419978321763
441	1194228	23186	0.693070593689683489557751272514
444	1202352	23356	0.69307028598235231875435147230746
447	1210476	23504	0.69307020254650897328474457026459
450	1218600	23674	0.69306880518962499238000418699812
453	1226724	23820	0.6930687401073850617549965136277
456	1234848	23990	0.69306873248946632148914659410366
459	1242972	24137	0.69306843186323685568339669771376
462	1251096	24307	0.69306835148778989097451130874106
465	1259220	24455	0.69306697898802471780044243132579
468	1267344	24600	0.69306691661936226100948488237918
471	1275468	24770	0.69306691122213770483995176618919
474	1283592	24914	0.6930666175131451334223697813286
477	1291716	25084	0.6930665401155078342299020732753
480	1299840	25229	0.69306519196680704819613083600416
483	1307964	25399	0.69306513223595378470065497822361
486	1316088	25546	0.69306512898840588743354373946204
489	1324212	25715	0.69306484203633911267417033741367
492	1332336	25863	0.69306476753590695594198223261628
495	1340460	25994	0.69306344324049107274987591154058
498	1348584	26141	0.69306338630814923185141651629237
501	1356708	26346	0.69306338514051046839625769280246
504	1364832	26493	0.69306310478890886805913851276273
507	1372956	26662	0.6930630331061355953181646327721
510	1381080	26809	0.69306173218046307482609336148016
513	1389204	26980	0.69306167750657332593533510589623
516	1397328	27127	0.69306167835229270934860323905014
519	1405452	27295	0.69306140444872132988507473783102
522	1413576	27441	0.69306133550793735942363582580583
525	1421700	27611	0.69306005747611953982101340443478
528	1429824	27758	0.6930600052242472663976968760835
531	1437948	27930	0.69306000801797551513772077669273
534	1446072	28078	0.69305974041351769976415653218282
537	1454196	28223	0.69305967274015856105506827589124
540	1462320	28394	0.69305841716390781392931330628926
543	1470444	28541	0.69305836726852632079243221596698
546	1478568	28711	0.69305837194734509765225993760396
549	1486692	28858	0.69305811050210675006155724986456
552	1494816	29029	0.69305804682432070595865525319823
555	1502940	29176	0.69305681322579804071182252300787
558	1511064	29347	0.6930567656174411172997906760429
561	1519188	29492	0.6930567721597857833160105656134
564	1527312	29662	0.69305651672575752098026669045794
567	1535436	29806	0.69305645557127504297056930226972
570	1543560	29975	0.69305524350464975391616917477222
573	1551684	30120	0.69305519812050031536188043901348
576	1559808	30265	0.69305520638317519299675950605888
579	1567932	30433	0.69305495682173934302028328602319
582	1576056	30578	0.69305489812155429696360897651175
585	1584180	30748	0.69305370715283265425910030899104
588	1592304	30897	0.69305366392779876871799160653609
591	1600428	31068	0.69305367389362615426762204151601
594	1608552	31215	0.69305343006914099657223005124251
597	1616676	31386	0.69305337375591347104375472554239
600	1624800	31531	0.69305220345792106773075147430063
603	1632924	31699	0.69305216168966188305944342573639
606	1641048	31844	0.69305217332459068124705936497776
609	1649172	31972	0.6930519351072410572101034631487
612	1657296	32118	0.69305188111595061872804990343866
615	1665420	32320	0.69305073108242465362849316079519
618	1673544	32489	0.69305069201621050112294142309111
621	1681668	32634	0.69305070521969869279388376526185
624	1689792	32803	0.69305047247728335246819142412278
627	1697916	32967	0.69305042074380640571007461403497
630	1706040	33113	0.69304929055558550654581040362245
633	1714164	33284	0.69304925342441880964372558082687
636	1722288	33429	0.69304926816524925481388663683902
639	1730412	33598	0.69304904077162909903364607089316
642	1738536	33744	0.693048991234032185637659040367
645	1746660	33914	0.69304788049245724668168122661882
648	1754784	34059	0.69304784527661977833190576347988
651	1762908	34229	0.69304786150243669062831486371579
654	1771032	34376	0.69304763933428892297428092206246
657	1779156	34544	0.69304759193204923395370542493765
660	1787280	34689	0.69304650024709424371849308954552
663	1795404	34857	0.69304646736218533664697361018625
666	1803528	35002	0.6930464850211995875284287649265
669	1811652	35172	0.69304626798164181700201424973784
672	1819776	35318	0.69304622265401882863500304665649
675	1827900	35464	0.69304514964207342142543666341226
678	1836024	35632	0.693045118090191536452948639635
681	1844148	35777	0.69304513713373072647527806111611
684	1852272	35946	0.69304492505687187442475760690286
687	1860396	36093	0.69304488174819145474003789786366
690	1868520	36261	0.69304382703850897495811977933045
693	1876644	36406	0.69304379734706089699614040000597
696	1884768	36576	0.69304381772684831020114870625548
699	1892892	36721	0.69304361052235496920559398859041
702	1901016	36889	0.69304356917638398893899420727394
705	1909140	37035	0.69304253240340674135921972265351
708	1917264	37204	0.69304250430658587145416049679625
711	1925388	37350	0.69304252597596849305716659728205
714	1933512	37521	0.69304232353211447925644961287617
717	1941636	37668	0.69304228409458668025422412029002
720	1949760	37834	0.69304126490239659208469902296201
723	1957884	38004	0.69304123845768017542212646731059
726	1966008	38149	0.69304126137109456351481640012935
729	1974132	38319	0.69304106357843653363204339257209
732	1982256	38465	0.69304102599608841117628799111117
735	1990380	38633	0.69304002468081693510981722283759
738	1998504	38779	0.69303999983776065629825779979001
741	2006628	38948	0.69304002397399222523688422370469
744	2014752	39094	0.69303983072386565744693598389858
747	2022876	39262	0.69303979494261580551750512313447
750	2031000	39408	0.69303880986871346792099757294636
753	2039124	39578	0.69303878658171824689304685307434
756	2047248	39725	0.69303881185022153665897803875851
759	2055372	39893	0.69303862304015750872565604367992
762	2063496	40038	0.69303858901176251805509309633635
765	2071620	40207	0.69303762049495842845203696924727
768	2079744	40353	0.69303759895734606821804391074693
771	2087868	40499	0.69303762538797020198444442939945
774	2095992	40668	0.69303744091506946922720544534968
777	2104116	40812	0.6930374085894142055508382327389
780	2112240	40981	0.69303645630186838655362180361408
783	2120364	41129	0.69303643598903452716086803775397
786	2128488	41299	0.69303646344550196012335163686657
789	2136612	41445	0.69303628321141086399137520857039
792	2144736	41614	0.69303625254140421851900555338943
795	2152860	41761	0.69303531616532032533228857573704
798	2160984	41932	0.69303529727385604353173675917787
801	2169108	42079	0.69303532576456272629172872257186
804	2177232	42250	0.69303514967210788633167339867214
807	2185356	42398	0.6930351206109676143185538421676
810	2193480	42570	0.69303419983412972715797195633058
813	2201604	42715	0.69303418232141278387814509187592
816	2209728	42860	0.69303421180775492960179917645291
819	2217852	43029	0.69303403976212718529126277644536
822	2225976	43174	0.69303401226427585601896907974151
825	2234100	43342	0.69303310678126806010368454735726
828	2242224	43488	0.69303309060584483702882607758511
831	2250348	43656	0.69303312105030256962123758057714
834	2258472	43802	0.69303295295886335747326256750966
837	2266596	43972	0.69303292697984741899119853769662
840	2274720	44116	0.69303203649196809532639917961205
843	2282844	44285	0.69303202161340360376584612822626
846	2290968	44430	0.69303205307650361799431948384154
849	2299092	44598	0.693031888848692934068651538837
852	2307216	44742	0.69303186434479402411312776166596
855	2315340	44911	0.69303098855984746062830481605488
858	2323464	45057	0.69303097493838572429325495249941
861	2331588	45225	0.69303100719036114796267611382063
864	2339712	45372	0.69303084673808446058984600313124
867	2347836	45540	0.69303082366757084997743731946684
870	2355960	45687	0.69302996229972035902022753361962
873	2364084	45850	0.69302994989744870490966377474251
876	2372208	46001	0.69302998300115514762609336685273
879	2380332	46146	0.69302982623812658946604869925068
882	2388456	46315	0.69302980455992935215903116841218
885	2396580	46461	0.69302895732964109321017076581484
888	2404704	46630	0.69302894610923093665633132332005
891	2412828	46776	0.69302898003111246261198630236322
894	2420952	46944	0.69302882687312916676347640532185
897	2429076	47089	0.69302880654714182906417363483342
900	2437200	47233	0.6930279731808645093948939575057
