0	0	0	0.69314718055895352399886633065762
3	39180	124	0.69314646890747355634232462762157
6	78360	266	0.69314576041672804063153989773127
9	117540	413	0.69314505507207480050624326395337
12	156720	615	0.69314435285911946138526218419429
15	195900	783	0.69314365376389142081592353861197
18	235080	928	0.6931429582460988392256240331335
21	274260	1073	0.69314226534107770127945968852146
24	313440	1249	0.69314157551130062273614385048859
27	352620	1418	0.6931408887427195075758845632663
30	391800	1565	0.69314020502132944745454778967542
33	430980	1710	0.69313952433309633516245185091975
36	470160	1838	0.6931388466644675672156949985947
39	509340	1967	0.69313817200164562493114317476284
42	548520	2136	0.69313750033052357046869929035893
45	587700	2281	0.69313683163792516594980952504557
48	626880	2450	0.69313616590982607412740890140412
51	666060	2619	0.69313550313313132544834616055596
54	705240	2789	0.69313484329385521842681328053004
57	744420	2960	0.69313418637895607421484100996167
60	783600	3129	0.6931335323749980847907181669143
63	822780	3274	0.69313288126869576633026781564695
66	861960	3419	0.69313223304672422209193882736145
69	901140	3588	0.69313158769616656229572981828824
72	940320	3732	0.69313094520356066663424599028076
75	979500	3877	0.69313030555609822513929429987911
78	1018680	4049	0.69312966874070891520887016667984
81	1057860	4196	0.69312903474424125693786891133641
84	1097040	4365	0.69312840355391280855457125653629
87	1136220	4533	0.69312777515713541731656732736155
90	1175400	4678	0.69312714954082443874483487888938
93	1214580	4823	0.69312652669271035410503145612893
96	1253760	4969	0.69312590659973805085058984332136
99	1292940	5096	0.69312528924926175566412211992429
102	1332120	5265	0.69312467462887239477709044876974
105	1371300	5409	0.69312406272615856295260527986102
108	1410480	5578	0.69312345352852278157484988696524
111	1449660	5723	0.69312285008973695266121239910717
114	1488840	5891	0.69312224625079876805244794013561
117	1528020	6044	0.69312164508026374853955076105194
120	1567200	6212	0.69312104656563477966813024977455
123	1606380	6356	0.69312045069485406223463996866485
126	1645560	6524	0.69311985745586979223986645592959
129	1684740	6669	0.69311926683676827742885961924912
132	1723920	6799	0.69311867882535138640776040119817
135	1763100	6943	0.69311809340971786141949451121036
138	1802280	7111	0.69311751057791126662266378843924
141	1841460	7256	0.69311693031818255583687005128013
144	1880640	7424	0.69311635261890425230291157276952
147	1919820	7573	0.69311577746819563738966962773702
150	1959000	7717	0.69311520485443611772069516518968
153	1998180	7861	0.69311463476609136424855250879773
156	2037360	8029	0.69311406922668106211915528547252
159	2076540	8175	0.69311350414441130762810416854336
162	2115720	8343	0.69311294155302194397449966345448
165	2154900	8512	0.69311238144116726900278990797233
168	2194080	8679	0.69311182379723657032144501499715
171	2233260	8826	0.69311126860995264653553249445395
174	2272440	8971	0.69311071586827477375436501461081
177	2311620	9139	0.69311016556084847906049617449753
180	2350800	9284	0.69310961767644685416200900363037
183	2389980	9453	0.69310907220417583562976915345644
186	2429160	9598	0.69310852913296905342122045112774
189	2468340	9767	0.69310798868195733213326548138866
192	2507520	9913	0.6931074508271650724822166012018
195	2546700	10081	0.69310691489053810609988204305409
198	2585880	10226	0.69310638131119628457810222244007
201	2625060	10394	0.69310585007829439430082629769458
204	2664240	10539	0.69310532118117573752158477873309
207	2703420	10710	0.69310479648422584908473709219834
210	2742600	10856	0.69310427221763393212938808574108
213	2781780	11001	0.69310375025482151567501887257094
216	2820960	11129	0.69310323058521583483582162443781
219	2860140	11299	0.69310271319846072923809288113262
222	2899320	11445	0.69310219808399486929317845351761
225	2938500	11591	0.69310168523137072327244823100045
228	2977680	11719	0.69310117999783138476033172992175
231	3016860	11890	0.69310067161231037058399806483067
234	3056040	12037	0.69310016545785280150937524012988
237	3095220	12184	0.69309966152436963682248460827395
240	3134400	12329	0.69309915980144887193148406367982
243	3173580	12478	0.69309866084233184846397080036695
246	3212760	12679	0.693098163508355180617570567847
249	3251940	12848	0.69309766835494601711076256833621
252	3291120	12993	0.69309717537190906888611152680824
255	3330300	13121	0.69309668454937312098707025143085
258	3369480	13291	0.69309619587748982905139882859658
261	3408660	13437	0.6930957093848921779510874330299
264	3447840	13566	0.6930952249846867863070087878441
267	3487020	13734	0.69309474270548687702131473997724
270	3526200	13879	0.69309426253773465109730977928848
273	3565380	14025	0.69309378447186098526344721904024
276	3604560	14171	0.69309330849816064290536132830312
279	3643740	14316	0.69309283460694004475044494029135
282	3682920	14463	0.69309236278879993164991901721805
285	3722100	14608	0.69309189303404705739808377984446
288	3761280	14754	0.69309142533354506365839142745244
291	3800460	14923	0.69309095967765776968860791384941
294	3839640	15069	0.69309049631140828839903633706854
297	3878820	15217	0.69309003471608954249916223488981
300	3918000	15421	0.69308957513749425149995886386023
303	3957180	15574	0.69308911762811276080498146257014
306	3996360	15719	0.69308866229658427915438778654789
309	4035540	15924	0.6930882087119458745405609079171
312	4074720	16051	0.69308775710734948916069697588682
315	4113900	16220	0.6930873077807044868592356579029
318	4153080	16371	0.6930868601082371682764460274484
321	4192260	16541	0.69308641438881146701334046156262
324	4231440	16709	0.69308597061348797829793966229772
327	4270620	16855	0.69308552877328244434806947538164
330	4309800	17024	0.69308508885939745791660016038804
333	4348980	17176	0.69308465086311787928252670099027
336	4388160	17382	0.69308421477554238432361444210983
339	4427340	17539	0.69308378058809461119693651198759
342	4466520	17712	0.69308334829210871408378125124727
345	4505700	17857	0.69308291787866960209640865286929
348	4544880	18003	0.69308248933932736779439665042446
351	4584060	18131	0.69308206266560312691638046089793
354	4623240	18302	0.69308163786233978331807747963467
357	4662420	18447	0.693081215245300863436739291501
360	4701600	18576	0.69308079413927869971701056783786
363	4740780	18745	0.69308037486826956641294827932143
366	4779960	18890	0.69307995742167660679911023180466
369	4819140	19059	0.69307954179267750038917483834666
372	4858320	19204	0.69307912797213744315882877344848
375	4897500	19373	0.69307871595193015767932820381247
378	4936680	19518	0.69307830572385198397711292273016
381	4975860	19647	0.69307789727965840587131651773234
384	5015040	19816	0.69307749061114420907614430689136
387	5054220	19986	0.69307708612073137821596446883632
390	5093400	20155	0.69307668306770142674366752544302
393	5132580	20300	0.69307628167618595682597515406087
396	5171760	20501	0.69307588202808689814560239028651
399	5210940	20671	0.69307548504784166620851237894385
402	5250120	20816	0.69307508885949997701203528777114
405	5289300	20966	0.69307469439078228656825331199798
408	5328480	21134	0.69307430163392780286812921985984
411	5367660	21279	0.69307391058107870041027354091057
414	5406840	21452	0.69307352122460152976657354884082
417	5446020	21598	0.69307315162101346128764589593629
420	5485200	21766	0.69307276554848784577700371301034
423	5524380	21911	0.69307238114941738249541458571912
426	5563560	22080	0.69307199841622157965304040772025
429	5602740	22226	0.69307161734113986728544887228054
432	5641920	22394	0.69307123877030263336962434550514
435	5681100	22539	0.69307086124425498763201858309912
438	5720280	22708	0.69307048509359070465052354848012
441	5759460	22854	0.69307011057110412544091104791733
444	5798640	23022	0.69306973766945756398882849680376
447	5837820	23168	0.69306936638103167069857590831816
450	5877000	23336	0.69306899669882038317325623211218
453	5916180	23482	0.69306862863669815855161004947149
456	5955360	23650	0.69306826214458849833022213715594
459	5994540	23795	0.69306789723660555679884964774828
462	6033720	23940	0.69306753390559139305082680948544
465	6072900	24109	0.69306717214418733785663562230184
468	6112080	24254	0.69306681194554087266368469499866
471	6151260	24403	0.69306645336640160248720121671795
474	6190440	24571	0.69306609627151471997308362915646
477	6229620	24741	0.69306574071784388113570685163722
480	6268800	24910	0.6930653866986455913234976833337
483	6307980	25056	0.69306503420674880899809977563564
486	6347160	25225	0.69306468323516579044252239327761
489	6386340	25370	0.69306433377707599152728334956919
492	6425520	25537	0.69306398582549677556130518496502
495	6464700	25679	0.69306363937369808159161266303272
498	6503880	25849	0.69306329441488945253269093882409
501	6543060	25996	0.6930629509421007972136408170627
504	6582240	26165	0.69306260894869875510693191245082
507	6621420	26311	0.69306226842787277409030366470688
510	6660600	26457	0.69306192943949518348034644077416
513	6699780	26606	0.69306159184379478865878354554297
516	6738960	26775	0.69306125570062471208387933074846
519	6778140	26907	0.69306092100347715945218851629761
522	6817320	27053	0.6930605877457047814260704399203
525	6856500	27181	0.69306025592088704723181535882759
528	6895680	27349	0.69305992552248174565221461307374
531	6934860	27496	0.69305959654397930602698352231528
534	6974040	27641	0.69305926897898662009112058512983
537	7013220	27785	0.69305894282100366510235289752018
540	7052400	27953	0.69305861806365898214465914861648
543	7091580	28098	0.69305829470069957309874553175177
546	7130760	28267	0.69305797272572100542475936890696
549	7169940	28412	0.69305765213243097910833512287354
552	7209120	28570	0.69305733291448123889466614855337
555	7248300	28739	0.69305701506574934889215455768863
558	7287480	28885	0.69305669878388642679567510640481
561	7326660	29053	0.69305638365419053315008568461053
564	7365840	29199	0.69305606987521195527790496271336
567	7405020	29368	0.69305575744065273102734181520646
570	7444200	29514	0.69305544641177818654398379294435
573	7483380	29683	0.69305513664782769645000826130854
576	7522560	29828	0.69305482821014252614588713186095
579	7561740	29997	0.69305452109276932670667292768485
582	7600920	30143	0.69305421528963528920996850501979
585	7640100	30288	0.69305391079494405026650838408386
588	7679280	30489	0.69305360760271206288507528370246
591	7718460	30659	0.69305330570703194137394120843965
594	7757640	30804	0.69305300510201406360977216536412
597	7796820	30950	0.69305270578181288332331178025925
600	7836000	31115	0.6930524077407190786104251856159
603	7875180	31260	0.69305211450459325295270218703081
606	7914360	31430	0.69305181898775958249103723574081
609	7953540	31576	0.69305152473276632196785840278608
612	7992720	31785	0.69305123173385507762134238873841
615	8031900	31954	0.69305093998532585342076117740362
618	8071080	32125	0.69305065492809581062516599558876
621	8110260	32294	0.69305036563823463335864971668343
624	8149440	32440	0.69305007758198311496045107560349
627	8188620	32585	0.69304979075400152677133291945211
630	8227800	32754	0.69304950548505261931353516047238
633	8266980	32899	0.6930492210955285781182055870886
636	8306160	33044	0.69304893791763533261729435253073
639	8345340	33213	0.69304865594582121257616336151841
642	8384520	33358	0.69304837520475859324875500533381
645	8423700	33528	0.69304809586082061212408689243603
648	8462880	33673	0.69304781747392785185013508453267
651	8502060	33875	0.69304754027142778660675048740814
654	8541240	34021	0.69304726424810969565015739135561
657	8580420	34166	0.69304698939869224805221392671228
660	8619600	34310	0.69304671571780762651115992412088
663	8658780	34480	0.69304644320039510141384653252317
666	8697960	34629	0.69304617184090977488608587009367
669	8737140	34798	0.69304590163426538218516270717373
672	8776320	34944	0.693045632575232439798185168911
675	8815500	35113	0.69304536465877109030486735719023
678	8854680	35258	0.69304509787962864653110273138736
681	8893860	35428	0.69304483223278656733867819639272
684	8933040	35573	0.69304456771302891393560230426374
687	8972220	35742	0.69304430445957632134224013498169
690	9011400	35887	0.69304404217841597546367893301067
693	9050580	36032	0.69304378114727183124443854467245
696	9089760	36201	0.69304352108447242475364191705012
699	9128940	36346	0.69304326212380962246584203967359
702	9168120	36516	0.69304300426013043523454371097614
705	9207300	36685	0.69304274748860617005874473761651
708	9246480	36831	0.69304249180440014033166562512633
711	9285660	37000	0.69304223720244384487898514635162
714	9324840	37145	0.69304198367800740054889274688321
717	9364020	37346	0.69304173122630818859590817737626
720	9403200	37549	0.69304147984235853208190292207291
723	9442380	37697	0.69304122952146740566092830704292
726	9481560	37843	0.69304098025892579837403673082008
729	9520740	37979	0.69304073204986993417264784511644
732	9559920	38148	0.69304048488966418783974177131313
735	9599100	38293	0.69304023877349030247074779254035
738	9638280	38439	0.69303999369676594355382803769317
741	9677460	38609	0.69303974965490955373326187327621
744	9716640	38756	0.69303950664305802309428372609545
747	9755820	38901	0.69303926465681942037377893939265
750	9795000	39047	0.69303902386954074898994804243557
753	9834180	39217	0.69303878391998585684063982625958
756	9873360	39362	0.69303854498233252723338182477164
759	9912540	39491	0.69303830705183688820625320659019
762	9951720	39661	0.69303807012419349486975761465146
765	9990900	39806	0.69303783419473996563198170406395
768	10030080	39974	0.69303759925923036355754902615445
771	10069260	40119	0.69303736531310211610446003760444
774	10108440	40264	0.69303713235188280084031475780648
777	10147620	40432	0.69303690037128617973394284490496
780	10186800	40600	0.69303668016855135558529354966595
783	10225980	40746	0.69303645008580772035600148228696
786	10265160	40915	0.6930362209709584053740627496154
789	10304340	41060	0.69303599395432380347870093828533
792	10343520	41228	0.69303576675656242134238027574611
795	10382700	41374	0.69303554089153496242659002746223
798	10421880	41520	0.69303531559798969841068583264132
801	10461060	41665	0.69303509125084339359545992920175
804	10500240	41834	0.69303486784590084823776123812422
807	10539420	41981	0.69303464537880965501415175822331
810	10578600	42126	0.69303442384535107745335835716105
813	10617780	42329	0.69303420324143294450891517044511
816	10656960	42506	0.69303398356297774007828138564946
819	10696140	42652	0.69303376480591083463878021575511
822	10735320	42798	0.69303354696590568906344742572401
825	10774500	42967	0.69303333003909539655751359532587
828	10813680	43113	0.69303311402133116470025697708479
831	10852860	43258	0.69303289890868569056436854225467
834	10892040	43431	0.69303268469703183107810673391214
837	10931220	43576	0.69303247138227408452593181209522
840	10970400	43745	0.69303225896052356169718677847413
843	11009580	43908	0.69303204742780200042773230961757
846	11048760	44053	0.69303183678012469925988625618629
849	11087940	44221	0.69303162701355425223681550050969
852	11127120	44366	0.69303141812422308642993584726355
855	11166300	44493	0.69303121010817347880106353841256
858	11205480	44667	0.69303100296165387472768770749099
861	11244660	44811	0.69303079668059197615548328030854
864	11283840	44981	0.69303059126133481626652610430028
867	11323020	45126	0.69303038684849671557941519495216
870	11362200	45295	0.69303018314065312210914271418005
873	11401380	45442	0.69302998028311546541146981326165
876	11440560	45585	0.69302977830552559002086354666972
879	11479740	45753	0.69302957713737278755417037245934
882	11518920	45898	0.69302937680816589782750725134974
885	11558100	46103	0.69302917731436730619520858454052
888	11597280	46305	0.69302897865215695727414413340739
891	11636460	46433	0.69302878081783036989804713812191
894	11675640	46601	0.69302858383047150070410680200439
897	11714820	46747	0.69302838764101315494059463162557
900	11754000	46892	0.69302819226851664069499747711234
