0	0	0	0.69314718055895352399886633065762
3	39000	72	0.69314646890747355634232462762157
6	78000	144	0.69314576041672804063153989773127
9	117000	216	0.69314505507207480050624326395337
12	156000	288	0.69314435285911946138526218419429
15	195000	372	0.69314365376389142081592353861197
18	234000	456	0.69314295777215106930668753193459
21	273000	518	0.69314226486968177898262410963071
24	312000	582	0.69314157504222484451616992373602
27	351000	645	0.69314088827597974962202442839043
30	390000	709	0.69314020455692071376319063347182
33	429000	773	0.69313952545818324768589491213788
36	468000	846	0.69313884778611478676424439981929
39	507000	918	0.6931381731198233975277389617986
42	546000	982	0.69313750144538366360080772210495
45	585000	1045	0.693136832749363551720023224334
48	624000	1109	0.69313616701781888274069842736935
51	663000	1172	0.69313550423737668726431593313464
54	702000	1238	0.69313484439484640553530425677309
57	741000	1322	0.69313418747660382468467332728324
60	780000	1394	0.69313353346925399289801816848922
63	819000	1466	0.69313288235960734962048945817514
66	858000	1539	0.6931322345761774528227761038579
69	897000	1641	0.69313158922097561909225760246045
72	936000	1713	0.69313094672395114681506811393774
75	975000	1786	0.69313030707185485645993594516767
78	1014000	1859	0.69312967025180893809732651789091
81	1053000	1932	0.69312903625098454263309122325154
84	1092000	2004	0.69312840505613204644674851806485
87	1131000	2090	0.69312777665474323285366153868381
90	1170000	2163	0.69312715103417121831341773940949
93	1209000	2235	0.69312652818150244371508961194195
96	1248000	2309	0.69312590808396778996325338084716
99	1287000	2381	0.69312529072915551875411210858147
102	1326000	2454	0.69312467610438710519105143248453
105	1365000	2525	0.69312406419713235017354691080982
108	1404000	2598	0.69312345499513594582197129057022
111	1443000	2671	0.69312284848585148377964060273371
114	1482000	2744	0.69312224465707306109152341377921
117	1521000	2828	0.69312164349649862948865575162927
120	1560000	2912	0.69312104499202020768677812156966
123	1599000	2976	0.69312044913126991119156627974007
126	1638000	3040	0.69311985590241553811807762031094
129	1677000	3103	0.69311926529306699951149539629114
132	1716000	3176	0.69311867729149290173751296606497
135	1755000	3248	0.6931180918855145423052022124466
138	1794000	3320	0.69311750906350899636976237161434
141	1833000	3393	0.69311692881354247663949763591518
144	1872000	3465	0.69311635112383096490873413131339
147	1911000	3543	0.69311577598276452594205920831882
150	1950000	3617	0.69311520337865006879951579321641
153	1989000	3689	0.69311463374181703223086969956057
156	2028000	3764	0.69311406617478943381627232156461
159	2067000	3837	0.69311350110998637408243894242332
162	2106000	3910	0.69311293853602518044709768219036
165	2145000	3982	0.69311237844119955031629842778784
168	2184000	4054	0.69311182081444078217913329353905
171	2223000	4156	0.69311126564421277063132720286376
174	2262000	4256	0.69311071291949155614986466389382
177	2301000	4341	0.6931101626290222528226081522007
180	2340000	4426	0.69310961476143473358746405210695
183	2379000	4511	0.69310906930590898689104051300092
186	2418000	4595	0.69310852625122221226661167747807
189	2457000	4658	0.69310798558652997325424394148286
192	2496000	4742	0.6931074473007178271544148628891
195	2535000	4815	0.69310691138292013224742049715132
198	2574000	4887	0.69310637782232520365255368233193
201	2613000	4960	0.69310584660790153233023147549829
204	2652000	5032	0.69310531772929084848300362864393
207	2691000	5096	0.69310479117553736028156663451227
210	2730000	5160	0.69310426693626736582842795542092
213	2769000	5224	0.69310374500054161561735099894577
216	2808000	5288	0.69310322535780122255033575129346
219	2847000	5367	0.69310270799790274498519693224807
222	2886000	5469	0.6931021929100001921497664625349
225	2925000	5571	0.69310168008365624636724078300176
228	2964000	5634	0.69310116950893019271973116701702
231	3003000	5718	0.69310066117526103468549081298988
234	3042000	5791	0.69310015507253841526846827036934
237	3081000	5869	0.6930996511904620183130987243203
240	3120000	5941	0.6930991495185633288755866487918
243	3159000	6026	0.69309865004696447066123710101238
246	3198000	6110	0.69309815276555231111643706753966
249	3237000	6182	0.69309765766426190136684226672514
252	3276000	6255	0.6930971647331988227946908409649
255	3315000	6327	0.6930966739624194739022300382203
258	3354000	6391	0.69309618534193073724480882447097
261	3393000	6492	0.69309569886205812938584358562366
264	3432000	6556	0.69309521541593188675989267721889
267	3471000	6619	0.69309473318422909482450222640182
270	3510000	6703	0.69309425306389360610381800142932
273	3549000	6787	0.6930937750449753798065444243548
276	3588000	6850	0.69309329911809947066814174831961
279	3627000	6935	0.69309282527353932579217143938877
282	3666000	7019	0.69309235350181885859655039894278
285	3705000	7092	0.69309188379335606722264628842822
288	3744000	7165	0.69309141613885938415506871024263
291	3783000	7237	0.69309095052891844801479237503372
294	3822000	7309	0.69309048695400654604981127704377
297	3861000	7382	0.69309002540492514743419860678841
300	3900000	7455	0.69308956587234415991360947373323
303	3939000	7556	0.69308910834705572678871021707891
306	3978000	7657	0.6930886528198422213975504746486
309	4017000	7729	0.69308819928164422385918896907242
312	4056000	7802	0.69308774772330761226868389712763
315	4095000	7874	0.69308729813583080936467695210013
318	4134000	7945	0.69308685051005203270335641718702
321	4173000	8018	0.69308640483712646851444105777773
324	4212000	8090	0.69308596110807840773304633330554
327	4251000	8163	0.69308551931395723233464423174155
330	4290000	8228	0.69308507944607788964219707850134
333	4329000	8313	0.69308464149537707399417740816716
336	4368000	8386	0.69308420545323978778640139353229
339	4407000	8451	0.69308377131090626033227408697712
342	4446000	8515	0.69308333905970476163105331579573
345	4485000	8579	0.69308290869106758957940428444999
348	4524000	8653	0.69308248019630125380530216716579
351	4563000	8727	0.69308205472931594393060095171677
354	4602000	8800	0.69308162995257449612296341001638
357	4641000	8874	0.69308120703361320025237546360586
360	4680000	8947	0.69308078596771705015555653517367
363	4719000	9012	0.69308036673498429891537853109185
366	4758000	9077	0.69307994940266981487297925923485
369	4797000	9140	0.69307953381224052247233657908509
372	4836000	9214	0.69307912065888499508758968659095
375	4875000	9300	0.69307870867183218877016770420596
378	4914000	9374	0.69307829847905688680498315079603
381	4953000	9450	0.69307789006999931391561631244258
384	4992000	9552	0.69307748343650554812001018945011
387	5031000	9617	0.69307707857035216747476624732371
390	5070000	9706	0.69307667546368934008427231674432
393	5109000	9779	0.69307627426876716736359185233596
396	5148000	9882	0.69307587465604936216578835228574
399	5187000	9947	0.69307547677880143588424743938958
402	5226000	10012	0.69307508062891998168453255857457
405	5265000	10086	0.69307468619857515168547479333938
408	5304000	10161	0.69307429347984239598190470132977
411	5343000	10226	0.69307390246481104245646065464825
414	5382000	10312	0.69307351314598131253319479583297
417	5421000	10386	0.69307312551544941747749817295698
420	5460000	10488	0.6930727395653989431067998339131
423	5499000	10590	0.69307235528839983285109838107019
426	5538000	10655	0.6930719726765836030679679424793
429	5577000	10729	0.6930715917225090949571608689439
432	5616000	10802	0.69307121241860392135691881776438
435	5655000	10867	0.69307083475709818642940263089258
438	5694000	10952	0.69307045873074546449288391158916
441	5733000	11038	0.693070086888486813769816308195
444	5772000	11112	0.69306971409784190463199138321215
447	5811000	11198	0.69306934292014577003726572002051
450	5850000	11271	0.69306897334791750520111008881941
453	5889000	11336	0.69306860537381553832858571695397
456	5928000	11421	0.69306823899066583027916976789129
459	5967000	11494	0.69306787419103266234543525570189
462	6006000	11568	0.6930675109678972045657019407372
465	6045000	11670	0.69306714931401181001291433858569
468	6084000	11734	0.69306678922220110727892006252659
471	6123000	11807	0.69306643068536044616223534831079
474	6162000	11893	0.69306607369636041848792729069828
477	6201000	11966	0.69306571824825580208084829791915
480	6240000	12051	0.69306536433390630858042413819931
483	6279000	12136	0.69306501194644865027072455632151
486	6318000	12209	0.69306466107882491733960250712698
489	6357000	12282	0.69306431172418780928268233765266
492	6396000	12358	0.69306396387581092888297007448273
495	6435000	12431	0.69306361752654799257555850999779
498	6474000	12504	0.69306327266966749611754039506195
501	6513000	12589	0.69306292929844015571205773085239
504	6552000	12662	0.693062587405966379350275019533
507	6591000	12765	0.69306224698567286957029409677489
510	6630000	12850	0.69306190803091949348413436382543
513	6669000	12923	0.69306157053484862551329115376575
516	6708000	12987	0.69306123449082845944246855651727
519	6747000	13072	0.69306089989230967862710031113238
522	6786000	13150	0.69306056673293192638141135830665
525	6825000	13223	0.69306023500600555387052281730575
528	6864000	13296	0.69305990470505063338890749946586
531	6903000	13361	0.69305957582345767420406446035486
534	6942000	13446	0.69305924835483145862724541075295
537	6981000	13520	0.69305892229282206606910676782718
540	7020000	13605	0.69305859763093546899170860342565
543	7059000	13678	0.6930582743629877251478887956182
546	7098000	13762	0.69305795248266577335272131676902
549	7137000	13835	0.69305763198342651421057780680712
552	7176000	13920	0.69305731285927774099064890833688
555	7215000	13994	0.69305699510370266658298987749731
558	7254000	14058	0.69305667871060283591333472941187
561	7293000	14123	0.69305636367382061902020495836041
564	7332000	14197	0.69305604998736314303897643185337
567	7371000	14271	0.69305573764501304800944581074873
570	7410000	14345	0.69305543414153081283046731186914
573	7449000	14431	0.69305512443382732978847116100951
576	7488000	14504	0.69305481605219632079695202264702
579	7527000	14577	0.69305450899057341462849990421091
582	7566000	14649	0.69305420324304178869567749643466
585	7605000	14722	0.6930538988036745173815234011272
588	7644000	14808	0.69305359566637658730314797139727
591	7683000	14882	0.69305329382537583793322255587555
594	7722000	14958	0.69305299327485470062271133429022
597	7761000	15031	0.69305269400884805808260580306523
600	7800000	15133	0.69305239602167856283188029919984
603	7839000	15199	0.69305209930746081159469440535759
606	7878000	15287	0.69305180386043130358331154639018
609	7917000	15360	0.69305150967492024083327351036132
612	7956000	15433	0.69305121674525027586355463427026
615	7995000	15498	0.69305092506585708189703609605203
618	8034000	15562	0.69305063463075655683098830195377
621	8073000	15647	0.69305034562151290877807241486153
624	8112000	15720	0.69305005765787763838403634508722
627	8151000	15804	0.69304977092200770183438862659386
630	8190000	15879	0.69304948540828670289215551747475
633	8229000	15964	0.69304920111115464465001423377544
636	8268000	16039	0.6930489180252015213312688501901
639	8307000	16125	0.69304863614497547175119507301133
642	8346000	16198	0.69304835546500520582213766829227
645	8385000	16300	0.69304807597987139189399385941215
648	8424000	16402	0.69304779768410407214673796261195
651	8463000	16487	0.6930475205724759835135273533524
654	8502000	16572	0.69304724463942724010934171019471
657	8541000	16645	0.69304696987987524092744706649682
660	8580000	16730	0.69304669628849546736404363400652
663	8619000	16803	0.69304642386006976018109071446816
666	8658000	16888	0.69304615258920088116667557187611
669	8697000	16972	0.69304588247066867268131318269297
672	8736000	17045	0.69304561349940307923844784454559
675	8775000	17148	0.69304534567026498947939217032399
678	8814000	17233	0.69304507897800338156457655713893
681	8853000	17318	0.69304481341757151469096243090462
684	8892000	17393	0.69304454898380873917318467647419
687	8931000	17467	0.69304428567175913045161905756686
690	8970000	17540	0.6930440234763590723332526977174
693	9009000	17625	0.69304376239247256208386716025416
696	9048000	17701	0.69304350241522472142463584532379
699	9087000	17774	0.69304324353960122806483923341148
702	9126000	17839	0.69304298576065115344846390144085
705	9165000	17924	0.69304272907333119846384761331137
708	9204000	17997	0.6930424734729063729332665388938
711	9243000	18070	0.69304221895440687450928862745059
714	9282000	18171	0.69304196551311170182430032582488
717	9321000	18236	0.6930417131440160805055938908481
720	9360000	18301	0.69304146224312612734053118401789
723	9399000	18386	0.69304121200276669334527923638234
726	9438000	18459	0.69304096282026828035327525867615
729	9477000	18544	0.69304071746145934351801543016336
732	9516000	18617	0.69304047036768756662183932348853
735	9555000	18703	0.69304022431771850065729267953429
738	9594000	18787	0.69303997930687022410722875065403
741	9633000	18861	0.69303973533051976829710838501342
744	9672000	18934	0.69303949238405482269342883228092
747	9711000	18998	0.69303925046273562315946037415415
750	9750000	19083	0.69303900956205455319292241256335
753	9789000	19168	0.69303877034551808478113343880977
756	9828000	19248	0.69303853147009575330628194933524
759	9867000	19334	0.69303829360155866368131682975218
762	9906000	19407	0.69303805673562124400888251329889
765	9945000	19510	0.69303782086776566373487185046542
768	9984000	19612	0.6930375859932669246887826375314
771	10023000	19697	0.69303735210788919296476251474814
774	10062000	19770	0.69303711920720745265356299569248
777	10101000	19873	0.69303688728685219899716685176827
780	10140000	19946	0.69303665634234257186818695117836
783	10179000	20011	0.69303642636940288035418689105427
786	10218000	20096	0.69303619736363808456758306419943
789	10257000	20182	0.69303596932068856073527740591089
792	10296000	20267	0.69303574223636355000621733779553
795	10335000	20340	0.69303551610629299251087331867893
798	10374000	20425	0.69303529092629334584785283368547
801	10413000	20498	0.69303506669202608048152569608646
804	10452000	20582	0.69303484339942189595973331961432
807	10491000	20656	0.69303462104422075551468651610776
810	10530000	20729	0.69303439962224699932846760930261
813	10569000	20814	0.69303417912934961453430560140987
816	10608000	20890	0.69303395956129676402923678324441
819	10647000	20964	0.69303374091392777600617591815535
822	10686000	21037	0.6930335231832184250677642012306
825	10725000	21121	0.69303330636523119423486605228391
828	10764000	21195	0.69303309045565619772588661362533
831	10803000	21260	0.6930328754507173449894708028296
834	10842000	21345	0.6930326613462921558905804886308
837	10881000	21419	0.6930324481381582302219612756744
840	10920000	21492	0.69303223582261797020009908010252
843	10959000	21565	0.69303202439559086212028660156648
846	10998000	21667	0.69303181385314671647535078591318
849	11037000	21769	0.69303160419134346437175508981454
852	11076000	21842	0.69303139540615799063516533351503
855	11115000	21915	0.69303118749391046105046143566142
858	11154000	22017	0.6930309804505141446639981950284
861	11193000	22119	0.69303077427219628159349440466031
864	11232000	22204	0.69303056895514447699468973951298
867	11271000	22277	0.69303036449546828734469272603747
870	11310000	22361	0.69303016088945257333620020290255
873	11349000	22434	0.69302995813338574837558780927793
876	11388000	22508	0.6930297562232958785699565851246
879	11427000	22581	0.69302955515553343879275871586287
882	11466000	22666	0.69302935536959575646420717021101
885	11505000	22739	0.69302915597363778932304967383971
888	11544000	22812	0.69302895740889280951080309023382
891	11583000	22897	0.69302876005791702596070535946637
894	11622000	22971	0.69302856314319416508595850245911
897	11661000	23044	0.69302836742926754443061554411543
900	11700000	23118	0.69302817214949907764776071417145
