0	0	0	0.69314718055914625871594125783304
3	66	6	0.68031427815376688261750359743019
6	132	11	0.66878192375929645940857426467119
9	198	16	0.65702154820186253747493765331456
12	264	20	0.64674475718498847243154159514233
15	330	27	0.63595640815598675210651435918408
18	396	31	0.62637582889284193488066421195981
21	462	35	0.61607292389072698668428529344965
24	528	43	0.60610990133810804803005112262326
27	594	48	0.59647559844121722516518957490916
30	660	52	0.58763485332341902633856989268679
33	726	59	0.57876209086044638763013381321798
36	792	64	0.57121267668087760682738007744774
39	858	68	0.56366451493356584112603968605981
42	924	72	0.55568004626605305151798575025168
45	990	77	0.54865273912901246777806818499812
48	1056	81	0.54204387513437457535303565236973
51	1122	86	0.53543293560028548672136139430222
54	1188	90	0.52936936620405561360058754871716
57	1254	96	0.52338863492727405457571876468137
60	1320	100	0.51771588284063085882991117614438
63	1386	105	0.51207389851726559104605485117645
66	1452	110	0.50668631297440380745200627643499
69	1518	116	0.5016680190359626978491291993123
72	1584	120	0.4966623204278881043016724561312
75	1650	125	0.49205905359518004038577032588364
78	1716	129	0.48713913187116658631836685344751
81	1782	134	0.48249964761528990608852041077625
84	1848	138	0.47828842244674812933524776781269
87	1914	142	0.47384535152204576569090477278223
90	1980	147	0.4699115295786487900286942931416
93	2046	152	0.46567264197268426473286240252492
96	2112	156	0.46196532670785905860810771628167
99	2178	161	0.45836481075501356308166123199044
102	2244	165	0.45479970580841772020974644874514
105	2310	170	0.4511844831104132591548250275082
108	2376	174	0.44791799424029155041182548302459
111	2442	181	0.44465836572861672237877428415231
114	2508	185	0.44121717103502011703142215992557
117	2574	190	0.43810445119807900349329088385275
120	2640	194	0.43498094414965421394825284551189
123	2706	205	0.43204726719518937727571028517559
126	2772	209	0.42918905505508675446435518097132
129	2838	213	0.42645745860721129272263851817115
132	2904	218	0.42388535913805358568140491115628
135	2970	222	0.42127655519535422978805172533612
138	3036	227	0.41884905614266582096760771491972
141	3102	231	0.41631903075645720901931667867757
144	3168	235	0.41419186891580633824716528579302
147	3234	240	0.41166688438384990700313892375561
150	3300	244	0.4092128983462156588402081069944
153	3366	249	0.40695942161636006195735149049142
156	3432	253	0.40486166057386924199690270143037
159	3498	260	0.40284196722071213825344671022322
162	3564	264	0.40087686066271038809460947049956
165	3630	268	0.39897525668126604392327294590359
168	3696	273	0.39716702558588101723557883815374
171	3762	277	0.39549001033056935261456033003924
174	3828	282	0.39364208227448765908818018033344
177	3894	286	0.39177583129623916313732934213476
180	3960	291	0.39023809502324646736326485552127
183	4026	297	0.38864395757023378896732879184128
186	4092	302	0.38691458378540960483249477874779
189	4159	306	0.38531508138273745656121604952205
192	4225	310	0.38369103216076289042391067596327
195	4291	315	0.38226985734452201270983096037526
198	4357	319	0.38079870153920891695520367647987
201	4423	324	0.37935599362757699282155954279006
204	4489	328	0.37787728936820558223175225975865
207	4555	333	0.3764275471450870824696721683722
210	4621	337	0.37513743994661880032381873206759
213	4687	341	0.37368344935373548620916039908479
216	4753	346	0.37232723442427151372413618446444
219	4819	350	0.37112515454361605371502719208365
222	4885	355	0.36977433943835508189934557776724
225	4951	359	0.36855404477843978217066478464403
228	5017	366	0.3674470861874235549926481780858
231	5083	370	0.36635120472773330391191848320886
234	5149	374	0.36534764064515201642535657811095
237	5215	379	0.36429496686849560660448332782835
240	5281	383	0.3632768425166710279938797611976
243	5347	388	0.36223958091114050183989547804231
246	5413	393	0.36130198402031715732007910446555
249	5479	397	0.3603056178590572922182388992951
252	5545	402	0.3592873908206024036182668623951
255	5611	406	0.35834047765015858422188443910272
258	5677	410	0.35752855759756224651724210161774
261	5743	415	0.35656742528090779043026259387261
264	5811	419	0.35563718462682708532085484876006
267	5877	424	0.35476314196794206390350723268057
270	5943	428	0.35383787089076923493280446564313
273	6009	432	0.35300227931792210744887938744796
276	6075	437	0.35216169606317010432050551571592
279	6141	441	0.35136008591162137815189225875656
282	6207	446	0.35052721236342432309385230837506
285	6273	450	0.34964799778103800020900848721794
288	6339	454	0.34890783396954738737605339338188
291	6405	459	0.34814825131310489503277949552285
294	6471	463	0.3473657679980456380874898059119
297	6537	467	0.34655470134392468706252543597657
300	6603	472	0.34585992376240204393411659111734
303	6669	476	0.34515770578818044667102071798581
306	6735	480	0.34443873148587528243425026630575
309	6801	485	0.34377533594371645353504618469742
312	6867	489	0.34308924105861476894219208588765
315	6933	493	0.34250722333308891709435783923254
318	6999	498	0.34184891568121261729018556252413
321	7065	502	0.34129118782539025200861715347855
324	7133	506	0.34072983316072719128797530174779
327	7199	511	0.34007282366570307230446701396431
330	7265	515	0.33942807454547829770774569624336
333	7331	520	0.3388767921143259753691268088005
336	7397	524	0.33831685441984904461065752911964
339	7463	528	0.33777356526540081027576434280491
342	7529	533	0.33717580084103404569617623565136
345	7595	537	0.33666886255371231140287591188098
348	7661	542	0.33616269840889151376828181128076
351	7727	546	0.33564629612318203077947487145138
354	7793	551	0.33519810982320485948093846673146
357	7859	555	0.33467461287444716377947884211608
360	7925	559	0.33411270625340849793616371243843
363	7991	564	0.33368807052848925565058380016126
366	8057	569	0.33320718300952129053982275763701
369	8123	573	0.33279805822909497292627634124074
372	8189	577	0.33241074490509081584832529188134
375	8255	582	0.33193486275826156184365345325205
378	8321	586	0.33147470556351088522006875791703
381	8387	591	0.33099784408065890950467746733921
384	8453	595	0.33055706172799848019394630682655
387	8519	599	0.33018164747782913215345956814417
390	8585	603	0.32974525661642173357535057220957
393	8651	608	0.3292910822787341595940802108089
396	8717	612	0.32884845020420133687721886417421
399	8783	617	0.32837327336003224731442173833784
402	8849	621	0.32796904347233885035350908765395
405	8915	626	0.32754731801244524325156248778512
408	8983	631	0.32711764236447160580922854933306
411	9049	635	0.32672874639879873059911119526078
414	9115	640	0.32636244243987194701972498478426
417	9181	644	0.32598315824516022054524455597857
420	9247	649	0.32566513539299163371154577362176
423	9313	653	0.32529269437355334826378339130315
426	9379	657	0.32493710318250434987419339449843
429	9445	662	0.32458274805263442885916447266936
432	9511	666	0.32424354109814301772019007330528
435	9577	670	0.32393599798628897046270935788925
438	9643	675	0.32357111460228177302056451480894
441	9709	679	0.32328148213678642441948341001989
444	9775	684	0.32298292925161958821789198736951
447	9841	688	0.32272099307335327944556979673507
450	9907	692	0.32240738604089991259371572596137
453	9973	697	0.32221317100668822597242524352623
456	10039	701	0.32191237992001442425049617668265
459	10105	706	0.32161442570729753542835283042223
462	10171	710	0.32132412629447043572739062256005
465	10237	714	0.32098963047952822069674994054367
468	10303	721	0.3207272447847209773108545505238
471	10369	725	0.32042816127520906688275204032834
474	10436	730	0.32013670139185285146155024449399
477	10502	734	0.31985322234544305564085675541719
480	10568	739	0.319604266517203805531011084895
483	10634	743	0.319311431046601368333170967162
486	10700	747	0.31905772291192779910318222391652
489	10766	752	0.31878766759645105199894032921293
492	10832	758	0.31852897464217672096609135223844
495	10898	762	0.31825713372409369927851230386295
498	10964	767	0.31803262476138866032826513219334
501	11030	771	0.31780220445024964792679611491621
504	11096	775	0.31754656475432946338699480293144
507	11162	780	0.31733856258383585924320868798532
510	11228	784	0.31710367816263745899263426508696
513	11294	788	0.31685022391766948235414247392328
516	11362	793	0.31657024153668950061657483274757
519	11428	797	0.31631287232976396106565175614378
522	11494	802	0.31606866507753939021796441011247
525	11560	806	0.31587414257509388582079168372729
528	11626	812	0.31562733803355830231041068145714
531	11692	816	0.31542163707475173728411732554378
534	11758	821	0.31521626766046956236166920461983
537	11824	825	0.31498244166417910250288514362182
540	11890	830	0.31471917068899568636908270491404
543	11956	834	0.31449944184530270741007029755565
546	12022	839	0.3142895193159117028791627035389
549	12088	843	0.3140591075512190188945282898203
552	12154	848	0.31385361700002339935267059445323
555	12222	853	0.31366400259347515522279081778834
558	12288	857	0.31344605849340856362772456122912
561	12354	862	0.31321490560549775095111613154586
564	12420	866	0.31298070264471028467667679251463
567	12486	871	0.31279739732154537845687514163728
570	12552	875	0.3125514210424621963646529820835
573	12618	879	0.31234951219906281760785304868477
576	12684	886	0.3121229095851624224522424810857
579	12750	891	0.3119234794595135418227016543824
582	12818	895	0.31173122968640837315845715238538
585	12884	900	0.31152049351144184274886583807529
588	12950	904	0.31133493906038989251783277723007
591	13016	909	0.31110299853857598106898763035133
594	13082	914	0.31090305926933453628535630741681
597	13148	918	0.31075242004615788449228830359061
600	13214	922	0.31058616007659828328613116354973
603	13280	927	0.31040394540549431923182055470534
606	13346	932	0.31026157528925008000086904758064
609	13412	938	0.31006747895347785970443510450423
612	13478	942	0.30987711378115284643897098248999
615	13544	947	0.30968598434598881841139927928452
618	13610	954	0.3095048876720675190554743494431
621	13676	958	0.30932332638655851697606635752891
624	13743	962	0.30915403865426743790223440555565
627	13809	967	0.30898151595966905080814512984944
630	13877	971	0.30883694059902278006290998746408
633	13943	976	0.30867390888865825493425631975697
636	14009	980	0.30852504403092084750426238315413
639	14075	984	0.30834680426898281035974491715024
642	14141	989	0.30816365319233535169374249562679
645	14207	993	0.30800048819442704672866284454358
648	14273	997	0.30785309438792063385648134499206
651	14339	1002	0.30768668785038094659611829229107
654	14405	1008	0.30752530742984840461673456957215
657	14471	1013	0.30736270657984260390449549049663
660	14537	1017	0.30722097852617308300082754612959
663	14603	1022	0.30708904993500651947613278025528
666	14669	1026	0.30698109673742246528149735240731
669	14735	1030	0.30683018362057123962216564905248
672	14801	1035	0.30666629224912117512857889778388
675	14867	1039	0.30651040007022117839241559522634
678	14933	1044	0.30638769844977359335658206873632
681	14999	1049	0.30623802034715874587078587865108
684	15065	1053	0.30609939538850289286742167860211
687	15131	1057	0.30593894424740603055212773142557
690	15197	1062	0.30580197410305026695098717937071
693	15263	1067	0.30566480507689680612415372706892
696	15329	1071	0.30552360425972130419935979261936
699	15395	1075	0.30534771677547356549808910131105
702	15461	1079	0.30518725672900104406437549187103
705	15527	1084	0.30503873896321892500438366369053
708	15593	1088	0.30487354274432243439463263712241
711	15659	1092	0.30475442690033888171186049476091
714	15725	1097	0.30460142663791295314368312574516
717	15791	1101	0.30447030003197145253679423149151
720	15857	1105	0.30434501295574251100717333429202
723	15923	1110	0.30419504664514307457068298390368
726	15989	1114	0.30406848007823567003882203607645
729	16055	1120	0.30394012374371054407973247180053
732	16121	1124	0.30380884928975410153029201865138
735	16187	1129	0.30367563887047394066698302594887
738	16253	1133	0.30355483757371509723199665131688
741	16319	1138	0.30339808674677698485666610395128
744	16385	1142	0.30326839332527621984070265170885
747	16451	1147	0.30315167252293634403415012457117
750	16517	1151	0.30300146334556105065516362628841
753	16583	1156	0.30286105805071950047846485176706
756	16649	1160	0.30273299854218860271970470421365
759	16715	1164	0.30260447453371835946356327440299
762	16781	1169	0.30247955795183545379956058241078
765	16847	1173	0.30236327753455316535990959891933
768	16913	1177	0.3022334061869036969660839986318
771	16979	1182	0.30210687849790562875540445020306
774	17045	1186	0.30198229305482271467298005518387
777	17111	1190	0.30184741497469286253263476282882
780	17177	1195	0.30173195974897726312491386124748
783	17243	1199	0.3016104757780139755674042589817
786	17309	1203	0.30148099070893930040426766936434
789	17375	1208	0.30137472607108928279728843335761
792	17441	1212	0.30125203047272952616708607820328
795	17507	1216	0.30112935904717419433040959120262
798	17573	1222	0.30099469767925712826439621494501
801	17639	1227	0.30086107990111821131051783595467
804	17705	1231	0.30072830938642530762550109102449
807	17771	1236	0.3006144154584763361626187361253
810	17837	1240	0.30050104670479499402446776912257
813	17903	1245	0.30038278366243559291959286383644
816	17969	1249	0.30026256564949788119278650810884
819	18035	1253	0.3001379082184357227625071118382
822	18101	1258	0.30003938063427448845743583660806
825	18167	1262	0.29992866977595450395099874185689
828	18233	1267	0.29980166658687101843838718195911
831	18299	1271	0.29969193347313943798226887338387
834	18365	1275	0.29956463382465303713075854830095
837	18431	1280	0.29946535533291818165224640324595
840	18499	1286	0.29934615098258976484402182904887
843	18565	1305	0.29922392898723698673180138030148
846	18631	1324	0.29909985529539495630046985752415
849	18699	1343	0.29899714162249224624900989510934
852	18765	1362	0.29889107993389940620687639238895
855	18831	1383	0.29878210887979006482595423221937
858	18897	1402	0.29866462409687694057325302310346
861	18963	1421	0.29855649993792576779583214374725
864	19029	1440	0.29844014968409171562058190829703
867	19095	1459	0.29832606727356325571065553958761
870	19161	1479	0.2982162638192506487477828613919
873	19227	1499	0.29812479420885285019693355934578
876	19293	1518	0.29801462045569548919843327894341
879	19359	1537	0.29791511270058823601658559709904
882	19425	1557	0.29780443027874392569742667546961
885	19491	1576	0.29769054204168970967359086898796
888	19557	1596	0.29758272553840803276159476808971
891	19623	1615	0.29747610902138788002702085577766
894	19689	1635	0.29738101714811671083538158200099
897	19755	1654	0.29726854879188729929850865119079
900	19821	1674	0.2971504130202416438244483742892
