0	0	0	0.6931471805595997848215006342798
3	1749	33	0.53329811929188219998820841283305
6	3499	67	0.49597920251202298747017493951716
9	5248	101	0.47318139093547967322095360032108
12	6998	134	0.45553892412264934685950379389396
15	8748	164	0.44203544905392577746283677697647
18	10497	193	0.43121359226058048053076277028595
21	12247	223	0.42211577238099945441618388031202
24	13996	252	0.41450736228391332760523368961003
27	15746	282	0.40802945034410742497499313685694
30	17496	311	0.40277023715436155448799127043458
33	19246	340	0.39833663347092862494491782854311
36	20995	370	0.39425618740596918287977246109222
39	22745	399	0.39068462596665987085486904106801
42	24495	429	0.38747368974672580232976315528504
45	26244	462	0.38474806845662690157894303411013
48	27994	496	0.38241819352342731885840976246982
51	29743	530	0.38012818793813868412101442118001
54	31493	563	0.3780463803869720806893894859968
57	33243	597	0.3761078242901962909172652871348
60	34993	630	0.37442943302440823138965697580716
63	36742	663	0.37298279448988791440200429860852
66	38492	697	0.37150204686392618302903656513081
69	40241	730	0.37012430660727096976003736017446
72	41991	777	0.36880825713727988235390853333229
75	43741	824	0.36763522000274495571403576832381
78	45490	871	0.36664089962448093151792249955179
81	47240	917	0.36559215936682987191375104885083
84	48989	964	0.36459694409152815230967803472595
87	50739	1011	0.36363021412198442972041334542155
90	52489	1050	0.36275603886103491291237332916353
93	54239	1089	0.36202670371276124416937136629713
96	55988	1128	0.36124099635962109156039900881296
99	57738	1167	0.36048370528860140815652357559884
102	59488	1206	0.35973933016345110980083177310007
105	61237	1245	0.35905514417399830850996522713103
108	62987	1283	0.35849386595538046407227739109658
111	64736	1323	0.35788129672590757168748609728937
114	66486	1356	0.3572859346811085856643330771476
117	68236	1390	0.35669037126934227677210742513125
120	69986	1423	0.35613432382094761807778127149504
123	71736	1457	0.35569016453332319427360630470503
126	73486	1491	0.35519908751419831949291960881965
129	75235	1524	0.35471359944737701486161540742614
132	76985	1557	0.35422524244485265043635990878101
135	78735	1591	0.3537673999071503927460469185462
138	80484	1625	0.35340653552808398707441028818721
141	82234	1654	0.35300663541818888546686139306985
144	83983	1684	0.35260281904733953295405513017613
147	85733	1713	0.35219778184108818663844431284815
150	87483	1742	0.35181181140692907582945281319553
153	89233	1772	0.35151323194374850533705512134475
156	90982	1801	0.35118013929143016005340882657038
159	92732	1831	0.35083964206383805306543877122749
162	94482	1860	0.35049618204078719641003658580303
165	96231	1890	0.35016843472053282848577282493352
168	97981	1919	0.34991756851201732958500656422984
171	99730	1953	0.34963797369776083989734161150409
174	101480	1986	0.34934569661152653496927200649225
177	103230	2020	0.34905309307367182736214772376115
180	104980	2053	0.34877197626668804408822666118795
183	106729	2088	0.34856029427960871780456386659353
186	108479	2121	0.34832436556141116446028149766789
189	110228	2155	0.34807298553955073883159343495208
192	111978	2189	0.3478184958686498795543684536824
195	113728	2222	0.34757513181671551016904686548514
198	115478	2269	0.3473930114788426615213268178195
201	117228	2316	0.34719022243279279438255002787628
204	118977	2363	0.34697151650817692480899268048233
207	120727	2410	0.34675061355456382461426301233587
210	122477	2458	0.34653823411770101614592931582592
213	124227	2505	0.34638198675109782564973670559993
216	125976	2552	0.34620730446356751119907357860939
219	127726	2591	0.34601633696563277586832896304259
222	129476	2630	0.34582234496695335446148078517581
225	131225	2669	0.34563535158649860701274292296148
228	132975	2708	0.34550007021603096335482518952631
231	134724	2747	0.3453485543897910625688041363901
234	136474	2787	0.34518092690227802910030163729971
237	138224	2826	0.34501043265326603037834729548194
240	139974	2862	0.34484653654788260945807110147143
243	141723	2896	0.34472834172899513571763918662327
246	143473	2930	0.34459680571612205657316962970071
249	145222	2963	0.34444502289548478701775025001552
252	146972	2997	0.34429442614178829007443027876434
255	148722	3031	0.34414841082586072884552663708746
258	150471	3064	0.34404615973759700153777885134332
261	152221	3098	0.34392989516941729899457413921482
264	153970	3131	0.34379536625383044778914154449012
267	155720	3161	0.34366016042561192689319682358473
270	157470	3191	0.34352949838724139430823356633482
273	159220	3220	0.34343760815983931378170268544636
276	160969	3250	0.34333652060490205126797036427888
279	162719	3279	0.34321652334133878614608192947344
282	164469	3309	0.34309556813721919787951719627017
285	166218	3338	0.34297820960407737755915036359511
288	167968	3368	0.34289749423215565293787676637294
291	169717	3398	0.34280849324288065194110686206841
294	171467	3427	0.34270015629580635740936145339219
297	173217	3461	0.34259157772829879062825852997776
300	174967	3495	0.34248703234493921288006390568626
303	176716	3528	0.3424153461608419601880370919389
306	178466	3562	0.34233622588940321174177938701177
309	180215	3596	0.34223762451833855680050078262866
312	181965	3630	0.34213971377558027864296263942379
315	183715	3663	0.34204455512344383860678931341681
318	185464	3697	0.34198071877198515933216071971401
321	187214	3730	0.34191031321937714881897818486323
324	188963	3760	0.34181942694521305625698914809618
327	190713	3790	0.34173111868114403044671689713141
330	192463	3819	0.34164532243569190050891393184429
333	194213	3849	0.34158745233129317320219797693426
336	195962	3878	0.34152494992676751817128888433217
339	197712	3907	0.34144195946498362426169137506804
342	199462	3937	0.34136287605565246439098814335011
345	201211	3967	0.34128493730176961973299398778181
348	202961	3996	0.34123359088158300433946124030626
351	204710	4025	0.34117768616934024406006642493594
354	206460	4059	0.34110147910732618870000010247168
357	208210	4093	0.34102930811588955117841237552057
360	209960	4126	0.34095918654233275946197068151378
363	211709	4160	0.34091291494311082299617510216194
366	213459	4193	0.34086315700696018238247120279993
369	215208	4227	0.34079309301198207338146062284068
372	216958	4260	0.3407263044994929268582950498967
375	218708	4294	0.3406612569478305041492660620861
378	220457	4328	0.34061914260526249265126352838706
381	222207	4374	0.340574398234723574319104955066
384	223956	4421	0.34051076176712674614677212048264
387	225706	4468	0.34044948075638414852761570728035
390	227456	4516	0.34039003979331211580117155790504
393	229206	4562	0.34035106945862608762709555776382
396	230955	4609	0.34031237478573750365740124834701
399	232705	4648	0.34025152781627704401401501854707
402	234455	4687	0.34019684640666381092444225942018
405	236204	4727	0.34014183815929305287895090259553
408	237954	4766	0.34010780055233202912035039844341
411	239703	4805	0.34007307464869951374453194148373
414	241453	4844	0.34001521647623578203933902841527
417	243203	4883	0.33996372021761989135058001920697
420	244953	4922	0.33991314175165121547195212770021
423	246702	4956	0.3398837570319543921470994973788
426	248452	4990	0.33985139980651729585403586497705
429	250201	5023	0.33979932391407663416771356423851
432	251951	5057	0.33975103281176710634525761633995
435	253701	5090	0.33970537159151226180853200276033
438	255450	5124	0.3396762349907900824241835380235
441	257200	5157	0.33964719901263296097937427475699
444	258949	5190	0.33959964682551346815131410039612
447	260699	5224	0.3395549398999221923922675614449
450	262450	5253	0.33951070442770192592263356345939
453	264200	5283	0.33948505239136450573056436041952
456	265950	5313	0.33945905193764080998164445190923
459	267700	5343	0.33941418472089002200675622589188
462	269450	5372	0.33937249269774283355616262269905
465	271199	5402	0.33933200552978226571809727829532
468	272949	5432	0.33930811252542747435967385172262
471	274698	5461	0.33928585091148844021802233328344
474	276448	5491	0.33924362323661183538092700473499
477	278198	5520	0.33920604289141303988586173545627
480	279948	5553	0.33916864967875470782132651947904
483	281697	5586	0.33914683918074700619271766299789
486	283447	5620	0.33912623127183522120375869235431
489	285196	5654	0.33908521409012998271137462324987
492	286946	5688	0.33905000332335716306531026020821
495	288696	5721	0.33901537038931200962466050441435
498	290445	5755	0.33899570431909759049560193489015
501	292195	5788	0.3389768051902353196425110581913
504	293944	5821	0.33894164518608815850342352860025
507	295694	5868	0.3389072230076757841210621791106
510	297444	5915	0.3388745005180013314394216195069
513	299194	5962	0.33885637489558917412324490214814
516	300943	6009	0.33883891502668511686024999107758
519	302693	6057	0.3388038179475251210348574204545
522	304443	6104	0.33877256669891459006649370166997
525	306192	6146	0.33874208153354429251535862022138
528	307942	6185	0.33872587489426836393491271337552
531	309691	6224	0.33871124052372647561526264325948
534	311441	6263	0.33867674135270253721330391272204
537	313191	6303	0.3386475445329487077295027575019
540	314941	6342	0.33861925416185773007882175988925
543	316690	6381	0.33860375011338073036881723965053
546	318440	6420	0.33858989074278555975183735426981
549	320189	6453	0.3385583152296161579819511189271
552	321939	6488	0.33853083495539815217512114031706
555	323689	6521	0.33850433094481363616168323460442
558	325438	6555	0.33849012114019766395145438764303
561	327188	6589	0.33847841104934556222261221591907
564	328937	6622	0.33844777858452773644515332307492
567	330687	6656	0.33842220189855198864137264536112
570	332437	6690	0.33839736668768949368057974425028
573	334187	6723	0.33838437720768332894749619299546
576	335936	6753	0.33837373084653327159898594800325
579	337686	6782	0.33834546352423044979218502703588
582	339436	6812	0.33832177352220926813686219247757
585	341185	6841	0.33829821305640711548434751421155
588	342935	6871	0.33828585032567187740326630773779
591	344684	6900	0.33827684824351456072122346085962
594	346434	6930	0.33824986188918559903981986280996
597	348184	6959	0.33822653483206371882729968092463
600	349934	6989	0.33820450824743686357720662272186
603	351683	7018	0.33819305202346178207406524052203
606	353433	7052	0.33818499781210364929506795306224
609	355182	7085	0.33815980170240805824377616772836
612	356932	7119	0.3381374743419378603448421927169
615	358682	7152	0.33811654806666402439674357083277
618	360431	7186	0.33810573189458642540117239150277
621	362181	7220	0.33809963827290473448172747339413
624	363930	7254	0.33807587857901261196857944923977
627	365680	7288	0.33805465418345431727331629190303
630	367430	7322	0.33803500523468615890365640552773
633	369180	7352	0.33802523745063006721522924635792
636	370929	7381	0.33801974056234224130790266826807
639	372679	7411	0.33799547836631876895907566904498
642	374429	7441	0.33797601320964953952596943054232
645	376178	7470	0.33795742571409342902555295040656
648	377928	7500	0.33794851289154276274828703208186
651	379677	7529	0.33794356203667702542858819469984
654	381427	7559	0.3379198100207407295947348302434
657	383177	7588	0.33790297585583534134556771277857
660	384927	7618	0.33788541820571849072507575328927
663	386676	7652	0.33787637597509612152890667857719
666	388426	7685	0.33787351463503584314551630995993
669	390175	7719	0.33785102190649185516235775139648
672	391925	7753	0.33783367058594621079592457135732
675	393675	7786	0.33781716278080303750286361719191
678	395424	7820	0.33780848993834750038089964618848
681	397174	7853	0.33780637069646257675259448660654
684	398923	7887	0.33778464816878289722623662783008
687	400673	7922	0.3377684794734844841990195618564
690	402423	7969	0.33775262464850541732630517799407
693	404173	8016	0.33774577083138140887186295913125
696	405922	8064	0.33774358910379126408329852893075
699	407672	8111	0.3377227264328337974497173945565
702	409422	8158	0.33770802827655671540796333829348
705	411171	8205	0.33769184162724935616139987359929
708	412921	8244	0.33768555103982256238026593564427
711	414670	8283	0.3376832871999450591538050048257
714	416420	8322	0.33766562742300681998486311385932
717	418170	8362	0.33765004108520824122052772509051
720	419920	8401	0.3376352221406680453874571412598
723	421669	8440	0.33762975547123130759530340583296
726	423419	8479	0.33762862973218887852056013798574
729	425168	8518	0.33760872139882058817761389946099
732	426918	8552	0.33759498888554156925678739753494
735	428668	8586	0.33758099628135751490987104261876
738	430417	8620	0.33757542562379105888226149545517
741	432167	8654	0.33757466964050492075344322984165
744	433917	8688	0.33755666058464006695771786326077
747	435667	8721	0.33754295446668403091194932130747
750	437417	8755	0.33752993306517181659742732335872
753	439167	8789	0.33752540959015453481129043211695
756	440916	8822	0.3375251711562901046903562018997
759	442666	8852	0.33750654429735177375349053363607
762	444416	8881	0.33749394784728542484586455429962
765	446165	8911	0.33748169440642450389589157566661
768	447915	8941	0.33747741668953351590332090381708
771	449664	8970	0.33747784571646255447063822430209
774	451414	9000	0.33746023010458098267960735938686
777	453164	9029	0.33744764459268655754087262721441
780	454914	9058	0.33743592360555157982915375214361
783	456663	9088	0.33743111482826654290434476024529
786	458413	9118	0.33743217697586053160918595494877
789	460162	9151	0.33741516240988911334852673462592
792	461912	9185	0.33740356623170525418586862542725
795	463662	9218	0.33739242579866168814106686113519
798	465411	9252	0.33738958825619508319348938130133
801	467161	9286	0.3373910534363767088628094370506
804	468910	9320	0.33737401834964669822269911492185
807	470660	9353	0.33736285353505579553967663741787
810	472410	9387	0.3373523085337832294605675542698
813	474160	9421	0.33734895640249051851355943654198
816	475909	9468	0.33735032626589528392813122081861
819	477659	9515	0.3373346732292046845635979934741
822	479409	9562	0.33732370026270575014137875768938
825	481158	9610	0.33731330949624055426383506528509
828	482908	9657	0.33731068537571373688876974483719
831	484657	9703	0.33731289736929803702025765232975
834	486407	9742	0.33729604487509345922546799556585
837	488157	9782	0.3372859410998004792148208252911
840	489907	9821	0.33727544394950298434210367304331
843	491656	9861	0.3372738314367518808190027357341
846	493406	9900	0.33727597485506660701659598089464
849	495155	9939	0.33726043889154166954824631829979
852	496905	9979	0.3372508876933175692158783931518
855	498655	10018	0.33724034489154519622644556875457
858	500404	10052	0.33723829867450499930825458250183
861	502154	10086	0.33724184393602851805837872234406
864	503903	10120	0.33722429373014334297309346766269
867	505653	10153	0.33721656403370647847594909762847
870	507403	10187	0.3372077718836200554974880105874
873	509153	10221	0.33720587649356514869936063405476
876	510902	10255	0.33721058847975171612887379524182
879	512652	10288	0.33719337890655987077792588024749
882	514402	10322	0.33718453539263099072442741999112
885	516151	10352	0.33717619405855014935724511815351
888	517901	10382	0.33717406308651776125628884983598
891	519650	10411	0.33717802470316260432525723444996
894	521400	10441	0.33716288366304830725894703391532
897	523150	10471	0.33715421716943083652040513698012
900	524900	10501	0.33714619007195262279097391910909
