0	0	0	0.6931471805595997848215006342798
3	8748	169	0.53334437285063718281463707171497
6	17496	405	0.49553756337722121294575572392205
9	26244	601	0.4728347334358491416139713692246
12	34993	798	0.45563281117956477839214812775026
15	43741	968	0.44201230897178162004834689469135
18	52489	1138	0.43101593209132438300201783931698
21	61237	1336	0.42201069101868537991606444848003
24	69986	1506	0.41452020939956885081656423608365
27	78734	1675	0.40822773899068925951283404174319
30	87482	1871	0.40286112425769432521249768797134
33	96230	2068	0.39825032631341411581971101441013
36	104979	2238	0.39423449311297875663484546748805
39	113727	2437	0.39070586108554355986299810865603
42	122481	2635	0.38759073711058228406400871790538
45	131229	2814	0.38481479952266045563291640974057
48	139977	2984	0.38232703444082233312784069312329
51	148726	3181	0.38007988133926046137034404637234
54	157474	3351	0.37803943903568643092327761223714
57	166222	3522	0.37617707915462039736098631692585
60	174970	3720	0.37447071926305408595681001315825
63	183719	3918	0.37290155036030692148329990232014
66	192467	4088	0.37144678669324127096018628435559
69	201215	4257	0.37009811094905836759139106106886
72	209963	4455	0.3688424180040490441001566068735
75	218712	4623	0.36767025441937933871727750556602
78	227460	4793	0.3665717889344373703330859370908
81	236208	4990	0.36553935961031924772868251238833
84	244956	5187	0.3645682554747899928315746365115
87	253705	5357	0.3636523563708953243889254736132
90	262453	5506	0.36278714582067833616108032401826
93	271201	5656	0.36196653334207512520137584033364
96	279949	5825	0.36118992411432337963361760557746
99	288698	5996	0.36045105581936598415637718062499
102	297446	6233	0.35974884024424375050799085329345
105	306194	6448	0.35907965107192035825178777486144
108	314942	6646	0.35844057022946584911693435060442
111	323691	6816	0.35783142336799178551132172287907
114	332439	6986	0.35724995650598057039815103053115
117	341187	7183	0.35669166048118156053803318172868
120	349935	7354	0.35615628586522612986087210629194
123	358684	7524	0.35564382043298237157102903438499
126	367432	7721	0.35515115406691505350877946511901
129	376180	7921	0.35467782867159891591057885307237
132	384934	8091	0.35422271119629761271241363829176
135	393683	8261	0.35378480119252520008643614346511
138	402431	8459	0.35336419705211130626310023217229
141	411179	8631	0.35296004040201256479747371486155
144	419933	8802	0.35256851141109896152769920263381
147	428682	9000	0.35219205906341849443563774002541
150	437430	9197	0.35182733965992757374507959866605
153	446178	9366	0.35147534326386670189279470832844
156	454926	9518	0.35113542674487180361708738018933
159	463680	9667	0.35080657513668284108732109416451
162	472429	9838	0.35048960651192007098586600477574
165	481177	10009	0.35018214338576381106094004280749
168	489931	10246	0.34988444700983900581547914043767
171	498679	10469	0.34959627608685006627808888879372
174	507428	10667	0.34931677176919839755697694272385
177	516176	10838	0.34904703746019005716760830182466
180	524924	11008	0.34878468267833134808242334656825
183	533672	11157	0.34853134647108913179991418473946
186	542421	11307	0.34828443027640743068218398548197
189	551169	11478	0.34804483606077107893383981718216
192	559917	11649	0.34781212007708078859380407266144
195	568665	11887	0.34758622120616400330561646114802
198	577414	12085	0.34736684351213109600564621359808
201	586162	12282	0.34715359398266737445126750571944
204	594910	12452	0.34694614381266536407011358278396
207	603658	12651	0.34674452858982290903711032115098
210	612407	12848	0.34654846789852827848577021541132
213	621155	13018	0.34635779131246036133262578005088
216	629903	13188	0.34617225248333410858592174008663
219	638651	13338	0.34599157646120154430136039991339
222	647400	13487	0.34581579338707563175958625834028
225	656148	13657	0.34564450303373100981119137031783
228	664896	13875	0.34547768004735057711940271474305
231	673644	14113	0.34531523661817098425075300838216
234	682393	14311	0.34515786570313305992030450397579
237	691141	14483	0.34500343535081368084860287126503
240	699895	14652	0.34485393120419938206566712324275
243	708643	14801	0.34470713971348976301101174612995
246	717392	14951	0.34456392400025981359590332431253
249	726140	15120	0.34442427644734213698640701295517
252	734888	15289	0.34428795970595588160634292762552
255	743636	15527	0.34415491691687294384394135704497
258	752385	15726	0.3440260651206430431159333238611
261	761139	15924	0.34389925884779132259083667122468
264	769887	16095	0.343774437105625996213831285786
267	778635	16264	0.34365348256382294289679180110397
270	787384	16413	0.34353533847234074549703564116498
273	796132	16562	0.34341990972693742234511660171847
276	804880	16731	0.34330706224176488206012436421588
279	813628	16958	0.34319676554247224853355646700948
282	822377	17196	0.3430889714026372216970628414856
285	831125	17394	0.34298353245292029223278973404376
288	839873	17565	0.34288038822691524476482527461485
291	848621	17737	0.3427795372792848960230571719876
294	857370	17887	0.34268188649379238697179062000941
297	866118	18039	0.34258534030000131753723735528183
300	874866	18210	0.34249189290318621248232489051588
303	883614	18447	0.34239944590683385472473787558556
306	892363	18683	0.34230894530223410221481117332587
309	901111	18881	0.34222035214902024602423580290633
312	909859	19052	0.34213358718223102483690922781534
315	918607	19221	0.34204860041220686017737762085744
318	927356	19371	0.34196535614647949330446863314137
321	936104	19520	0.341883805433875254120579256778
324	944852	19689	0.34180393374458123423309530153347
327	953600	19858	0.34172566152616612455972244788427
330	962349	20096	0.3416489533089338004323565201048
333	971103	20295	0.3415737808865248470446829287539
336	979851	20493	0.34150007603987431181735701102298
339	988599	20664	0.34142780103286574089338500925805
342	997347	20834	0.34135794143394637689681303527323
345	1006096	20983	0.34128846307825216888076624854875
348	1014844	21134	0.34122031896110649462627861794317
351	1023592	21303	0.34115345560420951009916734619765
354	1032340	21540	0.34108786375538024948639304056996
357	1041089	21778	0.34102451598433758395145787289948
360	1049837	21975	0.34096140662861862402621682122117
363	1058585	22145	0.34090045921168177223137263354147
366	1067333	22315	0.34083964248766868143647457145562
369	1076082	22465	0.34077993940441714260103367450938
372	1084830	22614	0.34072134665502157302441332831222
375	1093578	22785	0.34066380992480210787576311304292
378	1102326	22955	0.34060731958151341247642562848341
381	1111075	23105	0.34055184087636025669354467027006
384	1119823	23254	0.34049734850582447087674609065289
387	1128571	23424	0.3404448342988671272202338968782
390	1137319	23594	0.34039226228993213485551905250759
393	1146068	23833	0.34034062108569784754763531964272
396	1154822	24030	0.34028987834212254259824703694903
399	1163570	24228	0.34024003935868418757593190093758
402	1172318	24398	0.34019203764717681481855038327922
405	1181067	24569	0.34014388719529814464337391655135
408	1189815	24719	0.34009657009486665701913921111554
411	1198563	24873	0.34005005440507807268346596174524
414	1207311	25044	0.34000431970635752731979550844699
417	1216060	25282	0.33996035697786136653419930553355
420	1224808	25519	0.33991613853205443485094860989193
423	1233556	25717	0.33987267579759644631209880571987
426	1242304	25886	0.33982992361510450107786596163351
429	1251053	26061	0.33978786701882535137286822646274
432	1259801	26210	0.33974652827040663360946837201482
435	1268549	26359	0.33970585231013605831407176083303
438	1277297	26531	0.33966683813450976314740614725451
441	1286052	26702	0.33962746561427842317826275575499
444	1294800	26853	0.339588744506975293013795180741
447	1303548	27002	0.3395506326878882652486879578646
450	1312296	27172	0.33951212513690387506670731454506
453	1321045	27341	0.339475214062916585966434013244
456	1329793	27581	0.33943887300694708386572528979741
459	1338547	27779	0.33940312634171404537752891883429
462	1347295	27975	0.33936793344599586186305373303185
465	1356044	28145	0.33933327898164905578326511204068
468	1364792	28303	0.3393001621186108596184283214825
471	1373540	28453	0.33926656981328962014998751328676
474	1382288	28619	0.33923348648257339865708104298392
477	1391037	28790	0.33920091197731677690185847495741
480	1399785	29029	0.33916983420420626638147609810403
483	1408533	29267	0.33913823080959726308236668046447
486	1417281	29465	0.33910711329245757372774505711277
489	1426030	29634	0.3390764636657388475526886395528
492	1434778	29805	0.33904626877596344414200757455546
495	1443526	29954	0.33901651425211443147134104947327
498	1452274	30104	0.33898721425025485354254328740353
501	1461023	30275	0.33895833093991223350371910782997
504	1469771	30445	0.33893087132023258511992480634945
507	1478519	30682	0.33890284378381996255313879373716
510	1487267	30882	0.33887521765970896048258964583511
513	1496016	31080	0.33884799573594481802985001195339
516	1504764	31249	0.33882115760017228467404493130744
519	1513512	31418	0.33879470560765417852522318753472
522	1522260	31567	0.3387686300847602138830438889272
525	1531009	31717	0.33874292972715647209724920685403
528	1539757	31886	0.33871759554187841345651577285025
531	1548505	32124	0.33869262125033100518933792955067
534	1557253	32361	0.33866799083694415495315865882731
537	1566002	32559	0.3386437065490749409590875984577
540	1574750	32730	0.33861976549836042549301851067867
543	1583498	32903	0.33859615712121687858271457116643
546	1592252	33055	0.33857287920665413150089761984418
549	1601012	33204	0.33854992461436794748408374289284
552	1609761	33375	0.33852727975788160508230362211179
555	1618515	33545	0.33850495493048432527061208929808
558	1627263	33782	0.33848292936914459172470515113673
561	1636011	33981	0.33846119928321999337228476179007
564	1644759	34178	0.33843976385794527494965677760774
567	1653508	34347	0.33841861918561072508637721512059
570	1662256	34518	0.338397756438638064313551012674
573	1671004	34667	0.33837717250221110987240535905585
576	1679752	34817	0.33835686743318460489859944573254
579	1688501	34987	0.33833782690869246279063986548863
582	1697249	35158	0.338318052461563878452466269664
585	1705997	35395	0.33829853793390635141591360479651
588	1714745	35593	0.33827928026513687242982086900156
591	1723494	35787	0.33826027635785743674645686951408
594	1732242	35957	0.33824152020025755049914550909307
597	1740990	36155	0.33822301047573843923998992977431
600	1749738	36352	0.3382047338763134458616832489497
603	1758487	36522	0.33818669422202041197067501343554
606	1767235	36692	0.33816888979498005429746854133555
609	1775983	36890	0.33815131139489101874673337988497
612	1784731	37059	0.33813396079958113471519709491986
615	1793480	37229	0.33811682671622661500165918369021
618	1802228	37426	0.33809991386082427489156998490216
621	1810976	37624	0.33808421157257817490915385860717
624	1819724	37794	0.33806772387800093637721943196084
627	1828473	37964	0.33805144194872721596922815479047
630	1837221	38163	0.33803536156968472248252055578632
633	1845969	38333	0.3380194845321106145163980727375
636	1854717	38504	0.33800380718872424790077957368339
639	1863466	38652	0.33798832265900974336503281847399
642	1872214	38802	0.33797302703843451476828363411187
645	1880962	38972	0.33795792062755292128883866098477
648	1889710	39143	0.33794299708071545706999927460856
651	1898459	39382	0.33792925803684770169610374068725
654	1907207	39581	0.33791469829481962650064019726415
657	1915955	39779	0.33790031532962161442412707401672
660	1924704	39951	0.33788610837637045314352235436672
663	1933458	40120	0.33787207009551184500040221792005
666	1942206	40270	0.33785820173485997530704594282724
669	1950954	40419	0.33784450231851720358733359717007
672	1959702	40589	0.33783096661039285768524109698774
675	1968451	40738	0.33781759554972895509550312453939
678	1977199	40887	0.33780437981816879844387813136564
681	1985947	41057	0.33779132102853554053822904279514
684	1994695	41227	0.33777841717740653137980189057998
687	2003444	41467	0.33776566411390823718718934287608
690	2012198	41705	0.33775306339413757594769549541525
693	2020946	41903	0.33774061053358622741527028665587
696	2029694	42074	0.33772830386275720648825426906114
699	2038443	42243	0.3377161392146852403328693981166
702	2047191	42441	0.33770411773131003840830999251921
705	2055939	42639	0.33769223395624958783400870743208
708	2064687	42809	0.33768048771336650615282337639655
711	2073436	42959	0.33766987974208301226397566097148
714	2082184	43109	0.33765840365574550929750330396928
717	2090932	43279	0.33764705821154877840584163095627
720	2099680	43449	0.33763584142126401577144179100287
723	2108429	43685	0.33762475306494171833904260893178
726	2117177	43923	0.33761379129573509949580056854757
729	2125925	44121	0.33760295329883294179751374031184
732	2134673	44293	0.33759223553239214865584472136106
735	2143422	44464	0.33758163931566737003819866913545
738	2152170	44615	0.33757116210843485237802497067605
741	2160924	44764	0.33756080102326696534831285134715
744	2169672	44934	0.33755055838567454840060122478462
747	2178421	45104	0.33754042874323547662740452324215
750	2187169	45341	0.33753041333946925961484453182493
753	2195917	45540	0.33752050749991924227799700020114
756	2204665	45738	0.33751071281414324332104115455877
759	2213414	45909	0.33750102596971520707569425212569
762	2222162	46095	0.33749144608909964482279519870644
765	2230910	46294	0.33748196905701666192811671862728
768	2239658	46465	0.33747259769555493225112741129124
771	2248407	46634	0.33746332802907230696831675231806
774	2257155	46832	0.33745416019707458188392479314643
777	2265903	47009	0.33744509159715191382034049638605
780	2274651	47179	0.33743612295731312267221824185981
783	2283400	47377	0.3374272491346839708548088765383
786	2292148	47575	0.33741847032144550722065901027236
789	2300896	47745	0.33740978733417859025678353646072
792	2309644	47915	0.33740119637461180035487018358253
795	2318393	48065	0.33739269559471907200531859416515
798	2327141	48216	0.33738528863479522179602554388111
801	2335889	48387	0.33737697067170913101108453702182
804	2344637	48618	0.33736874007722178481216701584344
807	2353386	48857	0.33736059680839675101182706384861
810	2362134	49055	0.33735253887488436674857439356856
813	2370882	49226	0.33734456594240491700276152187143
816	2379630	49397	0.33733667753754487117490157288557
819	2388379	49546	0.33732887347840523339925766777014
822	2397127	49695	0.33732115060903006265036196964502
825	2405875	49865	0.33731350676244215014421001797018
828	2414623	50036	0.33730594443908790136532616088516
831	2423372	50276	0.33729846086120718329226519927033
834	2432126	50475	0.33729105341455334343692129550618
837	2440874	50672	0.33728372277322926642284528497839
840	2449622	50842	0.33727646701632452153063468358596
843	2458370	51013	0.33726928769024555609945537071326
846	2467119	51211	0.33726218113122979902485099046316
849	2475867	51383	0.33725514646571447263667664628883
852	2484621	51553	0.33724818549693624802898739289958
855	2493369	51751	0.33724129406006625453429137451167
858	2502118	51949	0.33723447379986665195517048232432
861	2510866	52120	0.33722672183984542249035598615592
864	2519614	52295	0.33722003895841290432855430481141
867	2528362	52495	0.33721342333578541161642760926043
870	2537117	52666	0.33720687492599793477765501847898
873	2545865	52837	0.33720039194716155961373260652181
876	2554613	52986	0.3371949743479115135791346347105
879	2563361	53135	0.33718862169928426331111381841765
882	2572110	53306	0.33718233096793603920104942517355
885	2580858	53478	0.33717610364405403711174358249991
888	2589612	53715	0.33716993903026049039794997952413
891	2598360	53912	0.3371638347891664500011188465578
894	2607108	54108	0.33715779103532395044595659783226
897	2615857	54280	0.33715180644824721545305123981962
900	2624611	54451	0.33714588206905415912473245043657
