0	0	0	0.6931471805595997848215006342798
3	2339	149	0.5332250895039514215767439964111
6	4679	298	0.49564420391301494683844452993071
9	7019	463	0.47296979429187835375358872624929
12	9360	631	0.4554267220266420279628505340952
15	11700	801	0.44200154358355892014742494211532
18	14040	969	0.431282438743312401818741363968
21	16380	1139	0.4221716681212210331430867427116
24	18720	1309	0.41460076052090555354112666464061
27	21060	1479	0.40812530330013191415261530892167
30	23400	1628	0.40287535392393247768438868661178
33	25740	1777	0.39844343870046716737931546958862
36	28080	1925	0.39435032611042913908150353563542
39	30420	2075	0.39076764949806114257668809841562
42	32760	2224	0.38754656688819894005959554306173
45	35100	2373	0.38482427985014167060029421918443
48	37440	2521	0.38248180716486945840415501152165
51	39780	2670	0.38018398128207375741283158276929
54	42120	2839	0.37810182533306607721712566672068
57	44461	3008	0.3761631603071638463298143051361
60	46801	3177	0.37447239444228724858376722295361
63	49140	3345	0.37302369148868985693212607657188
66	51480	3515	0.37153682486154615549622803882812
69	53820	3684	0.37015370306138917211313810184947
72	56161	3854	0.36883388334214134429700493456039
75	58501	4090	0.3676603937682103029338520627789
78	60841	4325	0.36666468327942108862416148440388
81	63181	4560	0.36561368258122362018269768668688
84	65521	4796	0.36461509802130931401364932753495
87	67861	5030	0.36364797241202179156616125510482
90	70201	5227	0.36277090867539835139510273620544
93	72541	5424	0.36204030925360730641671125340508
96	74881	5620	0.36125219686756576686903486006486
99	77221	5817	0.3604923481355564729433638149203
102	79561	6016	0.35974746323096701283716924990586
105	81901	6213	0.35906010659630793746543986344477
108	84241	6383	0.35849821582307989098481471046398
111	86581	6553	0.35788536932594317008238249400165
114	88921	6722	0.35728699244082184893755993471132
117	91262	6894	0.35669060856882583987470525244134
120	93607	7063	0.35613419458827411112622485234169
123	95947	7232	0.35568881894961057454906949715223
126	98287	7400	0.35519991949786505758268617682916
129	100627	7549	0.35471067703323805320181349998165
132	102968	7697	0.35422258851547205882326352366363
135	105308	7846	0.35376355545591298135121860468644
138	107648	7995	0.35340326638806396353231775719905
141	109988	8144	0.35300115654709307566605502870516
144	112328	8293	0.35259777688887661284411478845868
147	114668	8442	0.35219194808108439387339672066446
150	117008	8611	0.35180523463003188222586459232843
153	119348	8781	0.3515058692358630776375605364592
156	121688	8951	0.35117272982800307179473975338624
159	124028	9120	0.35083099702177028555993842928729
162	126368	9289	0.35048796118212571792938092585246
165	128708	9459	0.35016076574425403222790009749588
168	131048	9627	0.34990928080904942776285793115676
171	133388	9776	0.34962964885602193509939183968527
174	135728	9925	0.34933756575227375984482591775304
177	138068	10074	0.34904463497856846876388203781971
180	140408	10223	0.34876375039513313192074406288157
183	142748	10372	0.34855222726305068459140557024512
186	145088	10520	0.34831493161132720537409568350995
189	147428	10670	0.34806343409483325723741131696443
192	149769	10824	0.34780954418726572896503057563677
195	152109	10995	0.34756626666110429502154488545784
198	154449	11166	0.34738461706120432603839276453073
201	156789	11336	0.34718179761790901594054048473481
204	159129	11506	0.3469632251276530410244447466539
207	161469	11675	0.34674240589490518127391283087491
210	163809	11844	0.34653001179379383511758305758121
213	166149	12073	0.3463731049803657202623696775845
216	168489	12309	0.34619863714944665300521364770248
219	170829	12544	0.34600685707012829306350454316998
222	173169	12781	0.34581362906437768112155595190416
225	175509	13019	0.34562712895898728415744471931248
228	177849	13233	0.34549141018650508794252118605073
231	180189	13430	0.34534143015823154376775505625119
234	182529	13628	0.34517212445831757516856441725395
237	184869	13825	0.3450018556147664838817945565097
240	187209	14023	0.34483827057968635676488133867679
243	189549	14221	0.34471969359438503488490823656321
246	191889	14404	0.34458811462463162511582481783989
249	194229	14574	0.34443772215450452200968811666826
252	196570	14743	0.34428677285051545453598009771667
255	198910	14913	0.34414151032709139332865788674098
258	201250	15082	0.34403773176049562421141558843374
261	203590	15252	0.34392261029368487168511592244613
264	205930	15423	0.34378719918632100194244571866875
267	208270	15620	0.34365246551579731182357591023901
270	210610	15817	0.34352214175115342031929799304635
273	212950	16015	0.34343079204657456227067768850247
276	215290	16214	0.34332956711628637158639776316704
279	217630	16413	0.34320871932702057272024376288755
282	219976	16610	0.34308827594045343545303694554605
285	222316	16781	0.34297158128949062350088183848129
288	224656	16951	0.34289075389398143700603327488352
291	226996	17121	0.34280158119738235455997710232623
294	229336	17291	0.34269328993270853356278848877992
297	231676	17461	0.34258490502490562823467712405545
300	234016	17631	0.34248099169311613243493752634095
303	236356	17800	0.34240889425785708821692310266371
306	238696	17949	0.34232997060068248718067707159207
309	241036	18097	0.3422310926717292978160855909664
312	243377	18246	0.34213336735580401892775626038201
315	245717	18394	0.34203850687736514490921990727657
318	248057	18543	0.34197455899428724768185361426731
321	250397	18692	0.34190455181625750702423260918295
324	252736	18842	0.34181403136952182020280588403693
327	255077	18991	0.34172569129624702499725685811427
330	257417	19161	0.34163979968310126400510284838674
333	259757	19331	0.34158243405985455609652490238659
336	262097	19503	0.34152031440509889037571156222839
339	264449	19674	0.34143764090306821801235059865576
342	266789	19843	0.34135829700964076538483027434268
345	269129	20013	0.34128021162906230223654802102828
348	271469	20210	0.34122849471086419415044588276942
351	273809	20446	0.34117280907042635273995756506338
354	276149	20681	0.3410972983991186202601397781109
357	278489	20918	0.34102480833435561136113278735138
360	280829	21154	0.34095353402603334469489482216886
363	283169	21387	0.3409079877914989453735472579865
366	285509	21585	0.34085835135127362516271887216135
369	287849	21783	0.34078857549231261758748701140576
372	290189	21980	0.34072173455089632687631251428684
375	292529	22178	0.34065667227838652975080435680866
378	294869	22375	0.34061471848130814299437929548731
381	297209	22572	0.34057029744592537401359777504695
384	299549	22742	0.34050597239664870397035656424123
387	301890	22912	0.34044542023031848509972974170523
390	304230	23081	0.34038576389915703446220618388907
393	306570	23250	0.34034675264663211136095810616098
396	308910	23419	0.34030811947410843920636125403689
399	311250	23589	0.34024818441652454614754219619499
402	313590	23747	0.34019275886361055594164781723521
405	315930	23896	0.34013789893637963457351247598126
408	318270	24044	0.34010345472609543326925063411181
411	320610	24195	0.34006899420691882873768463468878
414	322956	24344	0.34001214504732335530690079394844
417	325296	24492	0.33996010029330731017083166989323
420	327636	24641	0.33990946140717126500163658420206
423	329976	24791	0.33987915896014719852047392123495
426	332316	24959	0.33984728865355529059399941615993
429	334656	25130	0.33979563438109744444304283206293
432	336996	25299	0.33974738960651362784659568205825
435	339336	25469	0.33970161246311686431553766851721
438	341676	25639	0.33967337968794769631486474281701
441	344016	25809	0.33964468771781586298175170668401
444	346356	25979	0.33959630742499574695969499771309
447	348697	26128	0.33955166050192980842226120330452
450	351037	26276	0.33950732272054062743649183175876
453	353377	26426	0.33948146791170324965136728678772
456	355716	26577	0.33945569570929257086078223437653
459	358056	26726	0.33941009391729859423492143832846
462	360397	26875	0.33936890761108673419954584460356
465	362737	27025	0.33932880349320498902798703966255
468	365077	27198	0.33930612535703125187680484486918
471	367423	27368	0.33928311231670571501695121696685
474	369763	27539	0.3392403254552069924443458148744
477	372103	27709	0.33920195449049000968599898442335
480	374443	27880	0.33916567950752074533937729938771
483	376783	28049	0.33914399914753656783972246557823
486	379123	28218	0.33912315255570429917142405429331
489	381463	28456	0.33908306239624369515794910512341
492	383803	28693	0.3390473176015963430174338100187
495	386143	28931	0.33901259405294553728182904706046
498	388489	29169	0.33899280757783911699476675494225
501	390829	29407	0.33897423544766236425118677288992
504	393169	29605	0.33893763463268933300298613175983
507	395509	29803	0.33890411523310443042689144022006
510	397849	30000	0.33887156349219293982599765513442
513	400189	30200	0.33885350439680284040377955534495
516	402529	30397	0.33883710978320191742341194185428
519	404869	30595	0.3388011393643920454721296664502
522	407210	30765	0.33876986427526883938199375734257
525	409550	30935	0.3387395924942238067956168379169
528	411890	31106	0.33872283475514486372759392907028
531	414230	31276	0.33870821027846192974308792145166
534	416570	31447	0.33867405467401850982511746224191
537	418910	31616	0.33864483433278602664273648770177
540	421250	31786	0.33861647022365437553759193178848
543	423590	31937	0.33860128301463326971898482042889
546	425930	32087	0.33858799044740928163577109444304
549	428270	32236	0.33855604167003727766882548166905
552	430610	32385	0.33852860468096673818294561897346
555	432950	32535	0.33850196132461163323057462548604
558	435290	32684	0.3384880544421098313989659800427
561	437630	32833	0.3384762233564755362635878555011
564	439970	32993	0.33844577290606137065509528838447
567	442310	33163	0.33842001003712340878593067827751
570	444650	33333	0.33839499143461304608848649877473
573	446990	33504	0.3383819774126124446667063239147
576	449330	33673	0.33837194278102489253257090240368
579	451670	33843	0.33834349763009391454104957119853
582	454011	34013	0.33831945811488239872488748005708
585	456351	34250	0.33829595718295973894029771145142
588	458691	34485	0.33828390130542584923745152991614
591	461031	34721	0.33827477082972262634186222385324
594	463371	34958	0.33824714720147142088535474613309
597	465711	35195	0.33822443815715369508367871276278
600	468051	35396	0.33820234743404170574265776849643
603	470391	35592	0.33819114745978245961666175389837
606	472731	35791	0.33818349411698939155357379604538
609	475071	35988	0.33815683692126963233448577739182
612	477411	36184	0.338135334372991591678214717831
615	479751	36382	0.3381145114064882384319332686573
618	482091	36554	0.3381054598328480098601289682847
621	484431	36723	0.33809885231390718329791411633778
624	486771	36893	0.33807324361706031501384472903737
627	489111	37062	0.33805296376913440692391077391221
630	491451	37231	0.33803325339794410009375269510201
633	493791	37401	0.33802399183653519809666931905667
636	496131	37573	0.33801825218135889139503547085042
639	498477	37722	0.33799359041567106354264637957385
642	500818	37872	0.33797445821620203387780634329829
645	503158	38021	0.33795589766397665654196202922321
648	505498	38171	0.3379474072578302901170843597356
651	507837	38321	0.33794248138549576321310041748802
654	510177	38470	0.33791984849657263900724046834512
657	512518	38621	0.33790171697968018893476482844562
660	514858	38771	0.33788423530349170897935096036235
663	517198	38939	0.3378752627360043225834829172527
666	519538	39109	0.3378725221201875905663314370031
669	521878	39278	0.33784968263609105321165770874359
672	524218	39447	0.33783248823877293220974138421298
675	526558	39617	0.33781576068738750073805476858979
678	528898	39787	0.33780771769517226044143853869173
681	531238	39948	0.33780525679298278873829985968769
684	533578	40097	0.33778381913938437808297976516769
687	535918	40245	0.33776731376097512971057312824996
690	538258	40395	0.33775154503043591791566768733901
693	540598	40543	0.33774473808780453021327616625058
696	542938	40694	0.33774230544257605179936376771366
699	545278	40843	0.33772136781224992851946353766834
702	547619	40992	0.33770679315055335267814484723203
705	549959	41162	0.33769077465065483467654416926962
708	552299	41333	0.33768459790492683092466563721246
711	554638	41502	0.33768276348296105693336244257807
714	556978	41671	0.33766353471184457069043105548189
717	559319	41841	0.33764877380927083017070344794774
720	561659	42011	0.3376344954169623324702342870296
723	563999	42181	0.33762896654322449574436859620619
726	566339	42419	0.33762771086870990711048534649308
729	568679	42655	0.33760802787617183451374103242415
732	571019	42893	0.33759394201644749022861446974275
735	573359	43129	0.33758038664351430746535243088147
738	575699	43365	0.33757519217625897578471949600498
741	578039	43563	0.33757454116620017048333579623431
744	580379	43762	0.3375560280087508968627219019254
747	582719	43960	0.33754236986859081914857938500063
750	585059	44159	0.33752936337581079806469119830581
753	587399	44356	0.33752443530607434407642131191096
756	589739	44554	0.33752439003348050361452692413877
759	592079	44724	0.33750635763227687657916931129876
762	594420	44893	0.33749332339301196803660332079744
765	596760	45062	0.33748094138744466619073136826046
768	599100	45232	0.3374765240961349332948771007068
771	601439	45403	0.33747705698426788689658906150726
774	603779	45574	0.33745902762181934075869094158406
777	606120	45745	0.33744678271356914889267386570282
780	608460	45895	0.33743510961267114689476898092835
783	610800	46044	0.3374308821719950723938552528125
786	613140	46194	0.33743172689001715847112450319401
789	615480	46343	0.33741453634841145348133295556181
792	617820	46493	0.33740391091319782423951778582705
795	620160	46643	0.33739273813316450478794195078081
798	622500	46793	0.33738921395121673763028979919909
801	624840	46962	0.33739080230943546689914569469693
804	627180	47131	0.33737361595184489626575441434397
807	629520	47300	0.33736249965476922119123059928825
810	631860	47470	0.33735171449184070402438351266028
813	634200	47640	0.33734815413680763196424550187658
816	636540	47809	0.3373500242659756565011264228815
819	638880	47978	0.33733373510113268123333796211227
822	641221	48127	0.33732301363931710413979203622148
825	643561	48275	0.33731275994828269215730642827111
828	645901	48425	0.33730965707076376869366640676162
831	648240	48575	0.33731200447380449425338611035841
834	650580	48725	0.33729600205005805246827321752789
837	652921	48877	0.33728563044965081951787055913883
840	655267	49026	0.33727486799696210217902603289986
843	657607	49175	0.33727297053285060224325775379839
846	659947	49346	0.33727574206121546662728860610514
849	662287	49516	0.33726029686145625463566943835758
852	664627	49688	0.33725017381327371257526692716056
855	666967	49859	0.33723983594632589433359726172057
858	669307	50030	0.33723810251590852216097005111806
861	671647	50201	0.33724120559752707171341512548679
864	673987	50414	0.33722485873260654720695583819179
867	676327	50649	0.33721636700495338789806964996387
870	678667	50886	0.33720748729642258112448871543165
873	681007	51123	0.33720398901840703542731603192806
876	683347	51359	0.33720934198256569125362602790119
879	685687	51581	0.33719424411888737624920509006188
882	688028	51781	0.33718463041962348780700153838552
885	690373	51982	0.33717602634386550919387559588358
888	692725	52180	0.33717341303854503342662951581588
891	695065	52378	0.33717703641848884021925414344878
894	697405	52575	0.33716304309614381073956224099675
897	699746	52762	0.33715394398421638655349852342624
900	702085	52948	0.33714575551743231063284156334703
