0	0	0	0.6931471805595997848215006342798
3	1675	16	0.53256254009444492503178025799571
6	3351	33	0.49488791064942799780013160670933
9	5027	49	0.47253176476369868064253410011588
12	6703	69	0.45522032144565049982531945715891
15	8379	89	0.44183121638776207129595263722877
18	10055	108	0.43114929559080589216435441812791
21	11730	128	0.42213311876373732500766777775425
24	13406	147	0.4145924338345899906599356654624
27	15082	167	0.40814474961400643016062872447947
30	16758	186	0.4028601527502082557674611962284
33	18434	206	0.39843547093289016780559563812858
36	20110	222	0.39435806144964768993332882018876
39	21785	239	0.39076544999256218604344326195132
42	23462	256	0.38755643404304973564933334273519
45	25137	273	0.38483905104315763168187913834117
48	26813	289	0.3825001474086039410238413438492
51	28489	306	0.38019570700643118277284315809084
54	30165	323	0.37810847058350832705642119435652
57	31841	340	0.37617057049282914826804358199297
60	33517	357	0.37448037570845682520115360603086
63	35192	374	0.37302811425855841864773765337304
66	36868	389	0.37154197393692695028377670496411
69	38544	403	0.37015907965714101024445881193969
72	40220	418	0.36883937607393507684960809456243
75	41896	433	0.36766482554534435367443734321569
78	43572	447	0.36666820608271116777032716527174
81	45247	462	0.3656179156762583981610248429206
84	46923	477	0.36462007533253359969904749959824
87	48599	492	0.36365560381020595182022248081921
90	50275	506	0.36277855306367923216015469733975
93	51951	521	0.36204837588833355122019952432311
96	53627	538	0.36126412694362802779934895625047
99	55302	555	0.36050402694232541733754260349087
102	56979	572	0.35975955667352815803283760942577
105	58654	589	0.35907254485985851122364920229302
108	60330	605	0.35850890656013428836601519833494
111	62006	622	0.3578956420007431415974963329063
114	63682	639	0.35729809881721996678294317462132
117	65358	656	0.35670163926797082698527674438083
120	67034	673	0.35614440117614826197822708309104
123	68709	687	0.35569877487043066732752549796714
126	70385	702	0.35520963309382180828066566391499
129	72061	716	0.35472045834373394646021893095167
132	73737	731	0.35423218556255769984275616479863
135	75413	746	0.3537731875268823600322320999112
138	77089	760	0.35341138041755593146575620266958
141	78764	775	0.35301004808530755951778701273724
144	80440	789	0.35260489031819441940740489371819
147	82116	804	0.35220112293698152550192048693134
150	83792	818	0.35181426233360080235712530338787
153	85468	835	0.35151417073609186880744914560637
156	87144	851	0.3511809906017792637378249764879
159	88819	868	0.35083932223336905531496654475632
162	90496	885	0.35049706866788232773046729562338
165	92171	902	0.35016908438249322310653610657027
168	93847	918	0.34991823824919454644089000794338
171	95523	935	0.34963881122254270028548717164085
174	97199	952	0.34934446175919198207537874623085
177	98875	969	0.34905225879693435597772577239084
180	100551	992	0.34877064265924806463203822204378
183	102226	1015	0.34855848055082688796701972933079
186	103902	1039	0.34832161895225421943678156821989
189	105578	1062	0.34807027366757353759041393459484
192	107254	1086	0.3478171855309962756663821892289
195	108930	1110	0.34757339125171149429860406598891
198	110606	1133	0.34739164580593051567802831414156
201	112281	1153	0.34718929786652469315910707337025
204	113957	1173	0.34697077086243527377362738661759
207	115633	1192	0.34674925975417009160750581031607
210	117309	1212	0.34653684706956128236399194975093
213	118985	1232	0.34637975196614767536829049277003
216	120661	1251	0.34620496336258183012191125271784
219	122336	1270	0.3460144731769504433671613696788
222	124013	1290	0.34582057718014069802592302949051
225	125688	1309	0.34563387790413141464895829813031
228	127364	1326	0.34549793323583122273134904389735
231	129040	1343	0.34534648285958996494215966777119
234	130716	1360	0.34517886724708823908969179683481
237	132392	1377	0.34500687106221017419471763787442
240	134068	1393	0.34484359847963008682825147843687
243	135743	1410	0.34472504195775138802204651256034
246	137419	1427	0.3445933705454610196383669062925
249	139095	1444	0.34444282608794152267250865406822
252	140771	1461	0.34429093903832008738419290239108
255	142447	1480	0.34414477937390974826570300137973
258	144123	1500	0.34404053623761521318868972230121
261	145798	1520	0.34392484923315752576300496912154
264	147474	1539	0.34379163987949473701988267748675
267	149150	1559	0.34365701216009064689060892305861
270	150826	1578	0.34352660319031791402721864869818
273	152502	1598	0.34343544040819562468414005707018
276	154178	1617	0.34333400125188517915120200996171
279	155853	1634	0.343212502355100756989969568167
282	157530	1651	0.34309243226779423396877177765418
285	159205	1668	0.34297544681077818395920076000039
288	160881	1684	0.34289456961990960603969824660453
291	162557	1701	0.34280470152650188708776113344356
294	164233	1718	0.34269809509283494231013378339412
297	165909	1735	0.34258901697475740988352299609687
300	167585	1752	0.34248473989990108057313022982271
303	169260	1768	0.34241293584621163015313527466787
306	170936	1783	0.34233379526221741073754856188316
309	172612	1798	0.34223560846002032409529647338786
312	174288	1813	0.342137412340753455097797086637
315	175964	1827	0.34204255593264532020469914641581
318	177640	1842	0.34197806062494051637656866660109
321	179315	1857	0.34190798811263339862520638234855
324	180991	1872	0.34181793412822730759970113467716
327	182667	1886	0.34172982470175111702204162611451
330	184343	1901	0.34164425733595521483820789399033
333	186019	1916	0.34158635771639045408676338411169
336	187695	1932	0.34152425355592369582424794316466
339	189370	1949	0.34144141483762113775668467496871
342	191047	1966	0.34136206674867453081390067382017
345	192722	1983	0.3412838669397910140723695349152
348	194398	2000	0.34123174748399465183723577865749
351	196074	2016	0.34117607755544082648313519712246
354	197750	2033	0.34109999352148867579614943679189
357	199426	2050	0.34102828536759599575844958962989
360	201102	2066	0.34095661780732328116627627423441
363	202777	2081	0.34091171989078961068742046336411
366	204453	2096	0.34086154829319970094303471341846
369	206129	2111	0.34079153797823091842644771531923
372	207805	2125	0.34072470041585756206359292264096
375	209481	2139	0.34065945214673637453373089556408
378	211157	2154	0.34061733293714163695042884683062
381	212832	2169	0.34057345570468749995640678207565
384	214508	2183	0.34050924384978498160592152999016
387	216184	2198	0.34044811462893248554806291394925
390	217860	2213	0.34038818694077260795793904435413
393	219536	2227	0.34035021284140520858585432506516
396	221212	2244	0.34031108620779593199046075824299
399	222887	2261	0.340251803749797132603305271914
402	224564	2278	0.34019593157033534147615227993811
405	226239	2295	0.3401409179692339024292380145198
408	227915	2311	0.34010648231228307603046800977609
411	229591	2328	0.34007152919225674958525473812188
414	231267	2345	0.34001558401456205560364765005943
417	232943	2362	0.339963221477289190275428154564
420	234619	2378	0.33991243275771187981604271044489
423	236294	2402	0.33988276647863518986625308571092
426	237970	2425	0.33985067868007345914804773201467
429	239646	2449	0.33979817119166971783883468560816
432	241322	2473	0.33975083204125261504557897751511
435	242998	2496	0.33970487829317780326121578582388
438	244674	2519	0.33967682461530512849634533267817
441	246349	2543	0.33964807692058718302519082499202
444	248025	2562	0.33959942850340751885340750959585
447	249701	2582	0.33955504600784136570723603654187
450	251377	2601	0.33951051422436417936978614307009
453	253053	2620	0.33948417084341364624577863651211
456	254729	2640	0.33945807632193875091886070549663
459	256404	2660	0.33941276304991080392525759634736
462	258081	2679	0.33937190602784306214800835732603
465	259756	2699	0.33933162078537887351714630312927
468	261432	2716	0.33931000698261593040427896994515
471	263108	2732	0.33928637065119093829679286500323
474	264784	2749	0.33924308367446848189175057086686
477	266460	2765	0.33920516830277597231102504338196
480	268136	2782	0.33916805218571038915698068194615
483	269811	2799	0.33914799266654183096392216612003
486	271487	2816	0.33912710923059286027836378707434
489	273163	2833	0.33908687552640504048184766361373
492	274839	2849	0.33905084735277324359259409902734
495	276515	2869	0.33901569100917616772505880362587
498	278191	2888	0.33899631439175104130612226072117
501	279866	2908	0.33897858372385536451787402256741
504	281542	2928	0.33894092600211173094137961925298
507	283218	2947	0.33890731866991136156386232869409
510	284894	2967	0.33887477235617241566600910118723
513	286570	2986	0.33885617371185100532571254916547
516	288246	3005	0.33883937202981767589093919923471
519	289921	3022	0.33880397585178290142948753782548
522	291598	3039	0.33877276685059670713329182945017
525	293273	3055	0.33874226082553016148324331879849
528	294949	3072	0.33872561038389675802662281967059
531	296625	3089	0.33870960516144427154827667436621
534	298301	3106	0.33867758729227881442369607611909
537	299977	3123	0.3386480598331506053355610674771
540	301653	3139	0.33861954339298933058799434547836
543	303328	3156	0.33860338091644143210245943009795
546	305004	3173	0.33859056326344627585456237284234
549	306680	3192	0.33855834668672485365803481727198
552	308356	3211	0.33853123511915456100851429255272
555	310032	3231	0.33850439446446117797151487138763
558	311708	3250	0.33849084013753538702218293110491
561	313383	3270	0.33847949972767304993581660710333
564	315059	3289	0.33844771950055174691840420564404
567	316735	3308	0.33842231657511451237141386627627
570	318411	3328	0.33839709386092936549417231617554
573	320087	3344	0.33838476073097689678093047405127
576	321763	3361	0.33837478627332290281870541548415
579	323438	3378	0.33834519788343653257101095732651
582	325115	3394	0.3383223480578971265053667139
585	326790	3411	0.3382983331803537940807302675239
588	328466	3428	0.3382863399366956569380704422656
591	330142	3445	0.3382774151176632937421118185739
594	331818	3461	0.33824990865476894930097273572756
597	333494	3478	0.33822723127294218592453489691252
600	335170	3498	0.33820507699092916542582543115714
603	336845	3518	0.33819318657390751159397268565954
606	338521	3537	0.33818475464491287718615808444156
609	340197	3557	0.33815995754765065806068946585583
612	341873	3576	0.33813810961611345806687722870265
615	343549	3595	0.33811718886739627887294545871555
618	345225	3615	0.33810682361761834613389510195702
621	346900	3635	0.33810059790539870316905535219121
624	348576	3651	0.33807549657738261705830495884584
627	350252	3668	0.33805521010092026701343570493918
630	351928	3685	0.33803558025018648480752858631604
633	353604	3702	0.33802635579650064379109153378522
636	355280	3719	0.33802128410175491524114477215335
639	356955	3735	0.33799614371879560525968599904445
642	358632	3752	0.33797670969070814361856491814251
645	360307	3769	0.33795811361796229688181369965605
648	361983	3786	0.33794971109386129359819506134954
651	363659	3800	0.33794511660519327422846913577814
654	365335	3815	0.33792097967001266667352865624707
657	367011	3829	0.33790375158594582183368970618176
660	368687	3844	0.33788597639930217919612687182962
663	370362	3859	0.33787722194415853449456221824221
666	372038	3873	0.33787349680303035981410175736528
669	373714	3888	0.33785181756447274503685207491799
672	375390	3903	0.33783455570073067653069642801711
675	377066	3918	0.33781771724143988544497574366687
678	378742	3933	0.33780949832922230191556423051225
681	380417	3949	0.33780693124203553523443588346709
684	382093	3966	0.33778617776390401639119431820291
687	383769	3983	0.33776932968274192559121615886397
690	385445	3999	0.33775337208792932663925512315473
693	387121	4016	0.33774623065236780705689056958363
696	388797	4033	0.33774414931979307441523019406304
699	390472	4049	0.33772387085539368190012510240194
702	392149	4066	0.33770878478909871489577199099585
705	393824	4083	0.33769223399223935455637501945603
708	395500	4100	0.33768647152646558140531851677224
711	397176	4123	0.33768535795188864279126050860214
714	398852	4146	0.33766366083502485917477997645619
717	400528	4170	0.33764981888841583135274504456902
720	402204	4193	0.33763554229488379476720183447469
723	403879	4217	0.33763148800501208146584986025118
726	405555	4240	0.33762995134425394239130469031807
729	407231	4264	0.33760948461182249680234690458747
732	408907	4283	0.3375953613192678726129258848232
735	410583	4303	0.33758218147522284224848476696934
738	412259	4322	0.33757675624743310738296031559003
741	413934	4342	0.33757616744587304324909382557962
744	415610	4361	0.33755797939258608275636674989073
747	417286	4381	0.33754403769491136966252042839187
750	418962	4400	0.33753090665603313613729596909252
753	420638	4420	0.33752601929300496408359322231263
756	422314	4437	0.33752545614637402549007560992322
759	423989	4454	0.3375081565001019079375055298442
762	425666	4470	0.33749510478253208489718417695258
765	427341	4487	0.33748261374170046567044778385025
768	429017	4504	0.33747803868690723350098892296955
771	430693	4521	0.33747851056235789179993389552692
774	432369	4537	0.33746138696399263778857857687399
777	434045	4554	0.33744864393446294403844376574853
780	435721	4571	0.33743719598158811168175930106372
783	437396	4585	0.33743317342301393235715067930869
786	439072	4600	0.3374340924114258566390844862326
789	440748	4614	0.33741519158590355109694769453199
792	442424	4629	0.33740429825934981078461305514793
795	444100	4644	0.33739329220267955111722812944208
798	445776	4658	0.33739094930991625487237683955755
801	447451	4673	0.33739209548846349484563234000234
804	449127	4687	0.33737572220748507367815705038083
807	450803	4702	0.33736396828290893257218385770102
810	452479	4717	0.33735339414184117856621014652774
813	454155	4733	0.33734972677248586947484909615014
816	455831	4750	0.33735140389909273883617402134405
819	457506	4767	0.33733678923783044778517137274321
822	459183	4784	0.33732519476470823605041005066596
825	460858	4800	0.33731475962002588353527698927792
828	462534	4817	0.33731061538627571394499682355672
831	464210	4834	0.33731254266443488898374880591291
834	465886	4850	0.3372982227703675839336483477382
837	467562	4867	0.33728746212605775767201521375682
840	469238	4884	0.33727656306308667621962626981258
843	470913	4908	0.33727466108796305688244387965824
846	472589	4931	0.33727716408902957967441693654109
849	474265	4954	0.33726164671046288123790191093576
852	475941	4978	0.33725151001296155284236988336488
855	477617	5002	0.33724096890672905502128742227796
858	479293	5025	0.33723957828133094283273862856731
861	480968	5049	0.33724249235087822018641645627213
864	482644	5068	0.33722611130119345412836651121324
867	484320	5088	0.33721766374089001683245214735507
870	485996	5108	0.33720861717845457272701992224029
873	487672	5127	0.33720538529420152062954230132164
876	489348	5147	0.3372103037074411502338477930607
879	491023	5166	0.33719556017758089971891877212329
882	492700	5186	0.33718580253745933372755416712607
885	494375	5205	0.33717737809305142748783623574127
888	496051	5222	0.33717480485264567091618914673745
891	497727	5239	0.33717745450925823424981331299932
894	499403	5256	0.33716503758333493667720404118882
897	501079	5272	0.33715535354552134128525153755618
900	502755	5289	0.33714726241839276799083791047451
