0	0.35446713959466630283756671815354
1	0.16611169425264776799977539667452
2	0.12785404880173584230007577389188
3	0.10376998441790313831845082859218
4	0.086130742299635687508896353392629
5	0.073493623074848968279582095419755
6	0.064059258266209506693655839626445
7	0.056512474735500084488393213177915
8	0.050362537167246923530683488934301
9	0.045500343862197589750451243162388
10	0.041470962393770016696237235009903
11	0.038238409060967148977994156666682
12	0.035404130999709904070726906866184
13	0.033138558484843760876259466385818
14	0.030729997631659455858965657171211
15	0.028784618926637528524281606223667
16	0.02689120552234020022908111968718
17	0.025326181075279452503679067376652
18	0.023745798934850015360353836513241
19	0.022325884454863498262966459151357
20	0.02105031675531016110980431221833
21	0.01992786780581651262522768774943
22	0.019001542005952887226527536768117
23	0.01815472070437373908191602822626
24	0.017185326503935061115413418519893
25	0.016407375043690108906702107560704
26	0.015541892272099955274455851395032
27	0.014861681709440521803600177008775
28	0.014102156880920202475238056649687
29	0.013378736826861858943971128610428
30	0.012720999964515256053232405974995
31	0.012129266065525279305603589818929
32	0.011697481621835426057742779448745
33	0.01123148210707286542842098242545
34	0.010713681540425845639674662379548
35	0.010309186176273077428788838005858
36	0.009806917925720859408045271266019
37	0.009441156252627369571683857429889
38	0.00899270780023753157905730404309
39	0.0085541679134825687746968014835147
40	0.0081577879576461564958833605487598
41	0.0077985286829020394883116296114167
42	0.0075721777675836765553185614407994
43	0.0072738769324173779828868191543734
44	0.006961437119836821896257106345729
45	0.0067283506756923294744865415850654
46	0.0064003946267912614764838963310467
47	0.00618620848534751077707483091217
48	0.0058921248490995115076884758309461
49	0.0056020405860558453170483517169487
50	0.0053431897211722034768399680615403
51	0.0051074450504349777624213402305031
52	0.004983087671242669713933537423145
53	0.0047755989266988208008513083768776
54	0.0045722275756858721251774113625288
55	0.0044305776712080247037306435231585
56	0.0041996093382851706898861721128924
57	0.0040691222531292758901599881937727
58	0.0038611138669527589328822614334058
59	0.0036572365821133101526640984957339
60	0.0034785379945654892885897879750701
61	0.0033155144108092948762589458056027
62	0.0032469850603709660141760195983807
63	0.0030944679839802757825850676454138
64	0.002954503701590005526611548702931
65	0.0028666549386014428257851704984205
66	0.0026937373416264231984484922577394
67	0.0026134152086945694470898615691112
68	0.0024580523810460719325021727854619
69	0.0023082381078399771823228547873441
70	0.0021796123897712682548899465473369
71	0.0020621139297306023685507625486935
72	0.002026212725581122420237534242915
73	0.0019089646600545240318069772911258
74	0.0018088441882613826017234259779798
75	0.0017551555430673770885618978354614
76	0.001618825368288556720841597780236
77	0.0015705232879012487323677760286955
78	0.0014497934088148478615210024145199
79	0.0013353981128375602693836299295072
80	0.0012392994533113599331386467383709
81	0.0011518251439872617680748589918949
82	0.0011362449687503106687813669850584
83	0.0010426612351178699000797678309027
84	0.000968424971395320799416595036746
85	0.00093681912902943142995582093135454
86	0.00082576538632794793670655053574592
87	0.00079953838058471893290857224201318
88	0.00070179165833050838330109399976209
89	0.00061099845840417721376525150844827
90	0.00053710957203839670981437848240603
91	0.0004701601126343990522116200736491
92	0.00046787437786016683460843523789663
93	0.00039091037427496644340862985700369
94	0.00033449315197525697485048112866934
95	0.00031832309579221673700999417633284
96	0.00022466416855132509411419050593395
97	0.00021386835006320659147149854106829
98	0.00013246677041345300551711261505261
99	5.8264745961655872719120452529751e-05
100	0
