0	0.34174805097913818485722003970295
1	0.15247933286126058582965470122872
2	0.11471328144642367607985988797736
3	0.090796838023218251478851925639901
4	0.073245009010352579714719922776567
5	0.060662677777405693557710719687748
6	0.051264774195223961061884665468824
7	0.043712994510069380638128677674104
8	0.037585460659776193104164576652693
9	0.032730999750473888099122632411309
10	0.028712192758979793172358085939777
11	0.025483407402589697277051072887843
12	0.022653176693917698170110952560208
13	0.020397576404520056936320315799094
14	0.017990007278722131012216323142638
15	0.016045843541968196621638753640582
16	0.014153301456346412123821210116148
17	0.012587723211815060597729143410106
18	0.01101047160266677149564884530264
19	0.0095923298791099620430600225517992
20	0.0083165371707076829466132039669901
21	0.0071970404082061789630131443118444
22	0.0062719692014451267070285211957525
23	0.0054266593173786792370094644866185
24	0.0044569848562948100045844057603972
25	0.0036797959573559579915524864190957
26	0.0028164616465525815769410655775573
27	0.0021371618694969729546073722303845
28	0.0013791097127267559763197368738474
29	0.00065753296600767896507022669538856
30	0
