0	0	0	0.69314718055900481630260401288979
3	98910	3484	0.6891094432138695768941261121654
6	197820	6962	0.68511981672735255965989153992268
9	296730	10437	0.68117769696305441318173734543961
12	395640	13904	0.67728257079114995153901190860779
15	494550	17374	0.67343376689491063480375032668235
18	593460	20885	0.66963064789666293386005690990714
21	692370	24356	0.66587267735110533539710786499199
24	791280	27842	0.66215936221804549965952446655137
27	890190	31315	0.65848991018277169828820660768542
30	989100	34789	0.65486417915808237122377022387809
33	1088010	38262	0.65128125855577978509103331816732
36	1186920	41749	0.64774081348184675555046396766556
39	1285830	45224	0.6442420387556184735444730904419
42	1384740	48590	0.64078458054031228741109771362972
45	1483650	51952	0.63736795094892473301229074422736
48	1582560	55308	0.63399146424778785036124872931396
51	1681470	58701	0.63065494766580054708526859030826
54	1780380	62067	0.62735740180554455669437174947234
57	1879290	65448	0.62409856498348359465921930677723
60	1978200	68805	0.62087791582043772020682581569417
63	2077110	72174	0.61769487124752309181729970077868
66	2176020	75531	0.61454916526414493649355108573218
69	2274930	78927	0.61143999400972770530415800749324
72	2373840	82281	0.60836718432417968838166189016192
75	2472750	85639	0.60532999042702051450959288558806
78	2571660	89005	0.60232803435167792116544660530053
81	2670570	92411	0.59936092314727840157928540065768
84	2769480	95783	0.59642817456651242569165560780675
87	2868390	99140	0.59352939748182975687740281500737
90	2967300	102502	0.59066408927479285839723388562561
93	3066210	105857	0.58783178642382216683159867898212
96	3165120	109213	0.58503203225640765250403774189181
99	3264030	112575	0.58226449502492894083616192801856
102	3362940	115955	0.57952854776000140013536565675167
105	3461850	119330	0.57682383115124091776948489496135
108	3560760	122699	0.57415005188163459326489146405947
111	3659670	126097	0.57150678618870709435384469543351
114	3758580	129480	0.56889339523536863740815761047998
117	3857490	132882	0.56630978437686707582798817384173
120	3956400	136243	0.56375537464943392684801892755786
123	4055310	139607	0.56122978646533960844777766396874
126	4154220	142984	0.55873258947895498849334217084106
129	4253130	146351	0.5562636705268441117411271079618
132	4352040	149732	0.55382250061627458226354292492033
135	4450950	153100	0.55140865215750223260471329922439
138	4549860	156463	0.54902181074179889908037921486539
141	4648770	159846	0.54666147946830967452314098409261
144	4747680	163200	0.5443274199136342028637614021136
147	4846590	166563	0.54201935071623963402487333951285
150	4945500	169940	0.53973674258646953116880240486353
153	5044410	173334	0.5374795935072921304609394610452
156	5143320	176712	0.53524730796939201660222806822276
159	5242230	180084	0.53303955730928953560265881606028
162	5341140	183455	0.53085600355059647803557254519546
165	5440050	186812	0.52869642036741959501000565069262
168	5538960	190214	0.5265603857326142112071920564631
171	5637870	193573	0.52444761483518642641854512476129
174	5736780	196976	0.5223578149701594286469230610237
177	5835690	200378	0.52029073804074488229787220916478
180	5934600	203740	0.51824578202349880218235966822249
183	6033510	207108	0.51622306958379482466625631786883
186	6132420	210604	0.51422213622436219182532113336492
189	6231330	214090	0.51224257368571080029084896523273
192	6330240	217572	0.51028420485060432820745290882769
195	6429150	221198	0.50834685745444896376454835262848
198	6528060	224698	0.5064300356915346634778529733012
201	6626970	228194	0.50453364389456789584897933309549
204	6725880	231677	0.5026573356218996257993580911716
207	6824790	235161	0.50080081614944116363830062255147
210	6923700	238655	0.49896395811507165962694898553309
213	7022610	242150	0.49714636611523937981260701235442
216	7121520	245632	0.49534781441794600853611996171821
219	7220430	249120	0.49356797489392978395272848501918
222	7319340	252599	0.49180671866542102765862409796682
225	7418250	256081	0.4900638148603475019449149385764
228	7517160	259568	0.48833891899531184366267666518979
231	7616070	263051	0.48663184232562461950521992548602
234	7714980	266533	0.48494237674912216151668076236092
237	7813890	270020	0.48327029927952747101471686619334
240	7912800	273510	0.48161532515463767456509458497749
243	8011710	276994	0.47997728519778493083691728315898
246	8110620	280479	0.47835597812336982936898266416392
249	8209530	283964	0.47675105863278177675823599201976
252	8308440	287473	0.47516243980989858464170083607314
255	8407350	290956	0.47358982770618296420650494837901
258	8506260	294443	0.47203308051942949319368381111417
261	8605170	297937	0.47049202147623470082749008724932
264	8704080	301453	0.46896636980145373074790882128582
267	8802990	304941	0.46745589151353122980836474198441
270	8901900	308425	0.46596044378815715258923546571168
273	9000810	311908	0.4644799271575027477254593577527
276	9099720	315389	0.46301403338346885929510676760401
279	9198630	318877	0.46156263082934351205111056515307
282	9297540	322374	0.46012547468756509472243010350212
285	9396450	325877	0.45870242077488776466509534657234
288	9495360	329382	0.45729331871359668593157721261377
291	9594270	332879	0.45589788132208525217592409717327
294	9693180	336364	0.45451601201885033498584220978955
297	9792090	339865	0.45314749863878023283803031517891
300	9891000	343354	0.45179226690637280805518116721942
303	9989910	346844	0.45045005249334169050712262105662
306	10088820	350354	0.44912067362598773190285328382743
309	10187730	353854	0.44780403564727006004986264997569
312	10286640	357352	0.44650000626398983483156257534574
315	10385550	360850	0.4452083083372027627611089428683
318	10484460	364344	0.44392887400678388010177854994254
321	10583370	367850	0.4426615488216423810463595600595
324	10682280	371351	0.44140617065943948960082821031392
327	10781190	374853	0.44016252450179071953328957533813
330	10880100	378353	0.43893058864701800514396268226847
333	10979010	381861	0.43771009168462216010198062576819
336	11077920	385361	0.4365009104728073130452514760691
339	11176830	388860	0.435302952349062410863922423232
342	11275740	392374	0.43411615047716595183757704035088
345	11374650	395877	0.43294023094340611246266803391336
348	11473560	399386	0.43177514824798479686762675555656
351	11572470	402884	0.4306207431567410925943306665431
354	11671380	406379	0.42947685281199321494227660878096
357	11770290	409872	0.4283433681434242190633199243166
360	11869200	413372	0.42722010502077623073091672267765
363	11968110	416896	0.42610701150115048996269706549356
366	12067020	420422	0.42500391618372823643312585772946
369	12165930	423932	0.42391073146344643296501430995704
372	12264840	427426	0.4228273141997042072759427355777
375	12363750	430923	0.42175358436456045208018394987448
378	12462660	434421	0.42068941305772156180609044895391
381	12561570	437918	0.41963466377355457259668014557974
384	12660480	441413	0.41858920295057067129107508662855
387	12759390	444905	0.41755293553751082757941048839712
390	12858300	448400	0.41652576884080733110593541823619
393	12957210	451893	0.41550760259860269885123784661118
396	13056120	455394	0.41449827753503021288139507305459
399	13155030	458888	0.4134977445153101283104035701399
402	13253940	462379	0.41250586450950499362022583227372
405	13352850	465867	0.41152252742236428151301197431167
408	13451760	469358	0.41054765611614574272181243941304
411	13550670	472855	0.40958116010116396576989927780232
414	13649580	476355	0.40862289858557976351960405736463
417	13748490	479850	0.40767278516592614368008185010694
420	13847400	483339	0.40673072884955613348623160163697
423	13946310	486832	0.4057966269449641005806483917695
426	14045220	490329	0.40487042206009860034754410662572
429	14144130	493817	0.40395198385855896061613634628884
432	14243040	497306	0.4030412011218206247420425825112
435	14341950	500798	0.40213804109049056112468178980635
438	14440860	504284	0.40124237558503483835892211573082
441	14539770	507769	0.40035417458550370817249586252728
444	14638680	511267	0.39947327626021450486248909328424
447	14737590	514799	0.39859964039629114385121511077159
450	14836500	518297	0.39773312676303751445061607228126
453	14935410	521781	0.39687368697581187904077637540468
456	15034320	525283	0.39602127381035462372338429304364
459	15133230	528771	0.39517575819080774657265919813653
462	15232140	532255	0.39433709905969488440646841809212
465	15331050	535744	0.39350516698888227118402483029058
468	15429960	539233	0.3926799513172918310033310262952
471	15528870	542722	0.39186134290565521887117483856855
474	15627780	546214	0.39104928868939409225546910420235
477	15726690	549701	0.39024364235552305713028431455314
480	15825600	553182	0.38944434760802032480242473866383
483	15924510	556677	0.38865138487927231025764740479644
486	16023420	560178	0.38786466221024024081387437945523
489	16122330	563666	0.38708412652894347294463273101428
492	16221240	567150	0.38630967393471066229082566678699
495	16320150	570641	0.3855412509895110306779031361657
498	16419060	574127	0.38477878621955852178615486991475
501	16517970	577610	0.38402223404237012527318029242451
504	16616880	581093	0.38327150296176865085229223950591
507	16715790	584582	0.38252651838890822100225364010839
510	16814700	588066	0.38178724637259753293960784503724
513	16913610	591552	0.38105360427185996918808541522594
516	17012520	595044	0.38032553783084455112373234442202
519	17111430	598532	0.37960298089560223777638725550787
522	17210340	602017	0.37888584552843418418177634521271
525	17309250	605506	0.37817415719262958972990418260451
528	17408160	608989	0.37746778471465181059585347611574
531	17507070	612478	0.37676667274872072121993937798834
534	17605980	615960	0.37607074367731974096074054614292
537	17704890	619442	0.37538002989601998438118357626081
540	17803800	622923	0.37469438002339872095802775220363
543	17902710	626403	0.37401379600776413214546778363001
546	18001620	629888	0.3733381784849608142629051599215
549	18100530	633391	0.37266750613335691832972429438087
552	18199440	636879	0.37200171214088356697047288434987
555	18298350	640358	0.37134075979795744260059109365102
558	18397260	643838	0.37068456366806135093838747707196
561	18496170	647318	0.37003311101816610539927410172822
564	18595080	650801	0.36938631463407056720882337685907
567	18693990	654287	0.36874415888942213559431593239424
570	18792900	657780	0.3681065601205775195126079779584
573	18891810	661272	0.36747350715847415525416863602004
576	18990720	664750	0.36684492716072730766896370369068
579	19089630	668235	0.36622079687981679008146329579176
582	19188540	671721	0.36560101318142129711574739303614
585	19287450	675205	0.3649855729430684370129256421933
588	19386360	678694	0.36437445603675167049573246913496
591	19485270	682181	0.36376758445104301342709618438676
594	19584180	685661	0.36316491601015177259625943406718
597	19683090	689158	0.36256637499804067470421387042734
600	19782000	692656	0.36197197243720485859697078012687
603	19880910	696142	0.3613816174168709149938649716205
606	19979820	699620	0.36079529826490741584166244138032
609	20078730	703126	0.36021298986692090737804505806707
612	20177640	706611	0.35963461336879221086348934477428
615	20276550	710121	0.35906014124296908862632449199737
618	20375460	713603	0.35848953517744797103716791752959
621	20474370	717095	0.35792273720740841458365366634098
624	20573280	720587	0.35735972325918763381480403040769
627	20672190	724072	0.3568004677202267771463084500283
630	20771100	727558	0.35624490695691662933697330117866
633	20870010	731039	0.35569303108402211544003534982039
636	20968920	734535	0.35514478156524964536089328248636
639	21067830	738013	0.35460013537463896948764840999502
642	21166740	741519	0.35405905360244060986474323726725
645	21265650	744994	0.35352149522994413821663783892291
648	21364560	748478	0.35298740859597860231033905620279
651	21463470	751974	0.35245677896875909906881929600786
654	21562380	755449	0.35192957946536157498584884706361
657	21661290	758936	0.35140574348102360247025899298023
660	21760200	762435	0.35088526479631315657670143082214
663	21859110	765913	0.35036809460135909244371532622608
666	21958020	769317	0.34985420804647004988652270185412
669	22056930	772687	0.34934357340648736212074254581239
672	22155840	776070	0.34883614835876841642203771698405
675	22254750	779435	0.34833190753750181700709731558163
678	22353660	782822	0.34783081806204302344198708851764
681	22452570	786180	0.34733287033608756244618120945233
684	22551480	789541	0.34683799000281367863607329127262
687	22650390	792909	0.34634617599090811168593972979579
690	22749300	796277	0.34585740102430678755141002511664
693	22848210	799643	0.3453716253358740662093850914971
696	22947120	803004	0.3448888206551322110904322926217
699	23046030	806380	0.34440895355328943194805901839572
702	23144940	809751	0.34393200921479227805122036443208
705	23243850	813118	0.34345793924345274783505033155961
708	23342760	816513	0.3429867227992811629100344816834
711	23441670	819898	0.34251834982925338790593627891212
714	23540580	823265	0.34205277831852420877822851252859
717	23639490	826622	0.34158997985972100464024947541475
720	23738400	830004	0.34112993267709518230290655083081
723	23837310	833369	0.34067258841582792605606755387271
726	23936220	836728	0.34021794003178290610733824905765
729	24035130	840102	0.3397659884222014592403127153375
732	24134040	843464	0.33931666969530915878294763388112
735	24232950	846828	0.3388699866247154024456733623083
738	24331860	850184	0.33842588217635938274696627559024
741	24430770	853546	0.33798435104827179165098982593918
744	24529680	856913	0.33754537057766553775906004375429
747	24628590	860284	0.33710890257811315651181871544395
750	24727500	863649	0.33667493311842017211787947417179
753	24826410	867021	0.33624344757794594196198545432708
756	24925320	870383	0.33581440368656317874140881940548
759	25024230	873752	0.33538779305320370882625979902514
762	25123140	877117	0.33496359020761434788227006720263
765	25222050	880481	0.33454176460838142004305950649723
768	25320960	883850	0.3341223018293637547770913442946
771	25419870	887235	0.33370518266361531845021204389923
774	25518780	890607	0.3332903848782148292784199838934
777	25617690	893968	0.33287787414781122574680694015115
780	25716600	897332	0.33246764599306949383716869306227
783	25815510	900691	0.33205966304303258240793184086215
786	25914420	904062	0.33165390465544292153410310675099
789	26013330	907421	0.33125035606672259547167413984425
792	26112240	910779	0.33084901889467899227526004324318
795	26211150	914152	0.33044984849584174702030736625602
798	26310060	917550	0.33005282818592962534864909684984
801	26408970	920915	0.32965795103491507545001582002442
804	26507880	924278	0.32926517250381215351495711729513
807	26606790	927659	0.32887450113486921265959495030984
810	26705700	931032	0.32848589661695204444669116128352
813	26804610	934392	0.32809934890408931629224298376357
816	26903520	937765	0.32771483464369083327127896154707
819	27002430	941134	0.32733234826742391154752453985566
822	27101340	944491	0.32695185361194156747899342008168
825	27200250	947853	0.32657335134834897250044605243602
828	27299160	951221	0.32619681175211112655887291111867
831	27398070	954590	0.325822219467279405868964659021
834	27496980	957952	0.32544955510842127344162122426496
837	27595890	961314	0.32507881277109434980943092341477
840	27694800	964682	0.32470995658763829316839633065683
843	27793710	968041	0.32434299150303924630378560323152
846	27892620	971414	0.32397788352453016358367676730268
849	27991530	974785	0.323614629328973613109354801054
852	28090440	978156	0.32325320194469692181016284848738
855	28189350	981519	0.32289359472905704295797590930306
858	28288260	984885	0.32253578999696863593982243401115
861	28387170	988256	0.32217976324191766046567408920964
864	28486080	991615	0.32182551054274277646527480101213
867	28584990	994973	0.3214730096345515542033410838485
870	28683900	998343	0.32112224459115851216139958523854
873	28782810	1001738	0.32077318610325677994410398241598
876	28881720	1005100	0.32042584302256804651420907248394
879	28980630	1008472	0.32008019958008737670951404652442
882	29079540	1011831	0.31973622371511201123439604998566
885	29178450	1015190	0.31939392295605451010942488210276
888	29277360	1018551	0.31905326134931388804005791826057
891	29376270	1021920	0.31871424769403638999065719872306
894	29475180	1025284	0.3183768450812921035897318233765
897	29574090	1028648	0.31804105048097192076639316837827
900	29673000	1032012	0.31770684601363813337471242448373
