0	0	0	0.69314718055900481630260401288979
3	94671	334	0.68910976370602372576001926063327
6	189342	667	0.68512006167531036560092161380453
9	284013	1000	0.68117843975087954966340930695878
12	378684	1333	0.67728322622522219020879674644675
15	473355	1666	0.67343415783123239393148651288357
18	568026	1999	0.66963074091532071019372551745619
21	662697	2346	0.66587258377350289073604017175967
24	757368	2679	0.66215919973385717334224409569288
27	852039	3014	0.65848974567807494473470342200017
30	946710	3348	0.65486399236408332491521377960453
33	1041381	3740	0.65128096415636871352461412243429
36	1136052	4090	0.6477403589621978374779587284138
39	1230723	5602	0.64424263720794006093939287893591
42	1325394	5953	0.64078501055842351785685195864062
45	1420065	7245	0.6373683882662074529079632156936
48	1514736	8762	0.63399156660428557241715452619246
51	1609407	9109	0.63065452626980356143349126796238
54	1704078	9456	0.62735699845829628884530393406749
57	1798749	9805	0.62409818952469620079170908866217
60	1893420	10154	0.62087726104494478374107302443008
63	1988091	10502	0.6176940726470591114249941711023
66	2082762	10878	0.61454846246530414610731440916425
69	2177433	11225	0.61143917017156534932098566059722
72	2272104	12741	0.60836624203201450367117786299787
75	2366775	13088	0.60532898401175128100248912232928
78	2461446	13439	0.60232716650369333422077033901587
81	2556117	13787	0.59936038532347901686136992793763
84	2650788	14134	0.59642787956754894640454267573659
87	2745459	14482	0.59352931844127798655108563252725
90	2840130	14834	0.59066372978104020319278788520023
93	2934801	15182	0.58783123737710962775082634834689
96	3029472	15530	0.58503140597741687400912269367836
99	3124143	15877	0.58226363302154471313087924499996
102	3218814	16225	0.57952754713046750190130751434481
105	3313485	16573	0.57682271883787772370766333551728
108	3408156	16921	0.57414882808326184182590168347815
111	3502827	17270	0.57150570343605888723459429456852
114	3597498	17620	0.5688925195445081461897984809184
117	3692169	17967	0.56630891190505472376770512710209
120	3786840	18315	0.56375455040742838974665573914535
123	3881511	18662	0.56122886353960044214517211003113
126	3976182	19010	0.55873204541342857964991708286107
129	4070853	19357	0.55626303600766890955497956383624
132	4165524	19704	0.55382178822992111921763580539846
135	4260195	20051	0.55140777231773652200530477784923
138	4354866	20399	0.54902092893906240256285400391789
141	4449537	20746	0.54666111847711973403818319638958
144	4544208	21093	0.54432709621176667003084048701567
147	4638879	21440	0.54201928261944798403959566712729
150	4733550	21787	0.53973712465618928213473282085033
153	4828221	22134	0.53747990307422865985387261389405
156	4922892	22481	0.53524757434848535542215586247039
159	5017563	22828	0.53303962705758267670574923613458
162	5112234	23175	0.53085580218080408165803873998811
165	5206905	23522	0.52869602679011473700398937580758
168	5301576	23871	0.52656006781580400044617817911785
171	5396247	24216	0.52444694742922892682912561213016
174	5490918	24566	0.52235721322406991617981475428678
177	5585589	24911	0.52029002084865594301987812286825
180	5680260	25257	0.5182454611956569534569894130982
183	5774931	25604	0.5162227938561410045537058977061
186	5869602	25949	0.51422191547147944046258771777502
189	5964273	26296	0.51224256873972873194134081131779
192	6058944	26652	0.51028403684268097695309052141965
195	6153615	26998	0.50834667944119649174439246053225
198	6248286	27344	0.50642958385347736083303971099667
201	6342957	27689	0.50453320350584374143210197871667
204	6437628	28037	0.5026567794208250949949956520868
207	6532299	28383	0.50080026034558500214188825339079
210	6626970	28728	0.49896334292471922200462586260983
213	6721641	29078	0.49714557661152980472252238541842
216	6816312	29423	0.49534688122110398511566131674044
219	6910983	29769	0.49356716427264596402935126207012
222	7005654	30114	0.49180572688424462057810160331428
225	7100325	30460	0.4900627966691079029359912055952
228	7194996	30805	0.48833794521853540748779209934582
231	7289667	31151	0.48663098280591066124856070018723
234	7384338	31496	0.4849416949886832806093650560797
237	7479009	31842	0.48326944508853902915390676753304
240	7573680	32189	0.48161454872738101995466308835603
243	7668351	32534	0.47997652433261223103855286353792
246	7763022	32881	0.47835527323126597609714849568263
249	7857693	33226	0.47675041624139075091548534146568
252	7952364	33572	0.47516166653170577305331789830234
255	8047035	33917	0.47358921983464208338432399614248
258	8141706	34263	0.47203250786296746532855195255252
261	8236377	34608	0.47049129015538138087748620819184
264	8331048	34954	0.4689655679066407900634771976911
267	8425719	35301	0.467455226757154118644166373997
270	8520390	35646	0.46595986384806048485884844012617
273	8615061	35993	0.46447941815649024244194720267842
276	8709732	36338	0.46301345740975602405242739223468
279	8804403	36685	0.46156206062563903680384669314662
282	8899074	37031	0.46012497555055731357498416400631
285	8993745	37376	0.45870203212666488257198693645478
288	9088416	37723	0.45729288314633687040355880526477
291	9183087	38069	0.45589751768886338512132283540268
294	9277758	38415	0.45451574539819872278201273729792
297	9372429	38760	0.45314718630367939455894088496279
300	9467100	39107	0.45179198583437629732628693091101
303	9561771	39452	0.45044988878373154461698391060054
306	9656442	39798	0.44912065934808698131064375047572
309	9751113	40143	0.4478041837145050330093454249436
312	9845784	40490	0.44650024283954437009924731682986
315	9940455	40835	0.4452085805830761078283330789418
318	10035126	41182	0.44392920051960638172516837585135
321	10129797	41529	0.44266168819151230362507476456813
324	10224468	41874	0.44140613068764888993200656841509
327	10319139	42220	0.44016246802677860827657241316047
330	10413810	42566	0.43893055767943534029029706289293
333	10508481	42913	0.43771005960425579672801177366637
336	10603152	43258	0.43650105866152622002829275515978
339	10697823	43605	0.43530314206545123179026290927141
342	10792494	43950	0.43411624555182454221480270462052
345	10887165	44295	0.43294028086906605201633624346869
348	10981836	44641	0.43177511213573482873329112408101
351	11076507	44986	0.4306206446829738410109200685838
354	11171178	45332	0.42947677904513964497468236913846
357	11265849	45683	0.42834321239585221308132645390288
360	11360520	46033	0.42722006977745352607200857164571
363	11455191	46379	0.4261069852889054487832254380919
366	11549862	46726	0.42500402903666784082403751199308
369	11644533	47073	0.42391093733390705633468087398796
372	11739204	47421	0.42282753615097701249680994806113
375	11833875	47768	0.4217539182974037736961747668829
378	11928546	48114	0.42068978568496379066843360305938
381	12023217	48469	0.41963491015953169327445948511013
384	12117888	48815	0.41858946997821572244546928232012
387	12212559	49163	0.4175531646826085574453202298173
390	12307230	49510	0.41652607664093715955644370296795
393	12401901	49859	0.41550773396634238521230031437881
396	12496572	50216	0.41449854200768904144425164304266
399	12591243	50562	0.41349814817920210741064579451631
402	12685914	50911	0.41250620236184853961702856395277
405	12780585	51258	0.41152281665126289045275598255103
408	12875256	51604	0.41054797141344745448066078097327
411	12969927	51956	0.40958143562500792800307181096287
414	13064598	52303	0.40862313117263338035911601764383
417	13159269	52654	0.40767308777698196831096311143483
420	13253940	53002	0.40673098477067004541396499917028
423	13348611	53349	0.40579686123762848115603674159502
426	13443282	53696	0.40487065435839086902092276432086
429	13537953	54043	0.40395218455345721642046896704414
432	13632624	54389	0.40304146543914332045943638149765
435	13727295	54739	0.4021383658591222154399247301626
438	13821966	55086	0.40124270030085290583699020316999
441	13916637	55433	0.40035454395750263989484096782689
444	14011308	55779	0.39947357793947474435825029104308
447	14105979	56125	0.39859993962471490513976846159494
450	14200650	56473	0.39773338157215393229293454169238
453	14295321	56820	0.3968739570802844451868907071912
456	14389992	57167	0.39602155207333417097359529179812
459	14484663	57516	0.39517616126336979620603528928768
462	14579334	57862	0.39433757111904443881655879522441
465	14674005	58209	0.39350552466221677683222424093401
468	14768676	58556	0.3926803488117233675858130936831
471	14863347	58904	0.39186166163217528435325220925733
474	14958018	59250	0.3910496173378521511665439902572
477	15052689	59597	0.39024408490087647560784489542129
480	15147360	59945	0.38944480040664392062055298993073
483	15242031	60292	0.38865182178048068850628737891384
486	15336702	60647	0.38786504704874502635902899783105
489	15431373	61000	0.38708447908795667879999768956623
492	15526044	61346	0.38631002247130974414091042490327
495	15620715	61693	0.38554157365315971928154681336309
498	15715386	62040	0.38477905609950335819036126849824
501	15810057	62386	0.38402255480241409557606857561041
504	15904728	62733	0.38327186654084188788260689761955
507	15999399	63080	0.38252690557268914650634883400926
510	16094070	63427	0.38178764858064179188446018997638
513	16188741	63776	0.38105396804806507260465764375112
516	16283412	64123	0.38032591947218252759199685897329
519	16378083	64470	0.37960330863342006679772566712927
522	16472754	64817	0.37888620053571142598514143173816
525	16567425	65164	0.37817445096767032808315889269579
528	16662096	65510	0.37746806121000064937476281556883
531	16756767	65857	0.37676696794464353823528313114366
534	16851438	66203	0.37607105241290544883625557304185
537	16946109	66551	0.37538029781946169460837836595601
540	17040780	66897	0.37469461881350446530447584336798
543	17135451	67249	0.37401393430945112372754124407948
546	17230122	67596	0.37333821857646087849502691824455
549	17324793	67943	0.37266751109271772923747789718618
552	17419464	68277	0.37200168617081807997948317279224
555	17514135	68611	0.3713407888352087127259437693283
558	17608806	68944	0.37068462700092652539751725271344
561	17703477	69280	0.37003318421448860853217865951592
564	17798148	69614	0.36938636107673916697535787534434
567	17892819	69958	0.3687441739707994492469822489511
570	17987490	70291	0.36810661729889115889591266750358
573	18082161	70633	0.36747360238619131145298979390645
576	18176832	70966	0.36684503196010731507215041347081
579	18271503	71299	0.36622088600251795353912598329771
582	18366174	71632	0.36560116983950419200510850714636
585	18460845	71966	0.36498572114650351672082706500078
588	18555516	72300	0.36437465752033165733436703703774
591	18650187	72639	0.36376777219999578694142883250606
594	18744858	72974	0.36316506071277110390127518257941
597	18839529	73314	0.3625665764733816409659539203858
600	18934200	73649	0.36197215242602587270681624431745
603	19028871	73982	0.36138180980902356864703506289516
606	19123542	74315	0.36079547504283832060067993552366
609	19218213	74649	0.36021317403708935644957023214374
612	19312884	74983	0.35963477738399424188386888090463
615	19407555	75332	0.35906031836361079756514413929835
618	19502226	75666	0.35848969548718429001255003640836
621	19596897	76011	0.35792288688962564657813913981954
624	19691568	76344	0.35735987931342233503428928997891
627	19786239	76680	0.35680057001204235067604031428345
630	19880910	77013	0.3562450280448032913227507378906
633	19975581	77347	0.35569314604282270542157107229286
636	20070252	77681	0.35514491260641345427018222835613
639	20164923	78015	0.35460021679428382901377858615888
642	20259594	78349	0.35405914617452910464479032270901
645	20354265	78686	0.35352157410665485670620000746567
648	20448936	79019	0.35298745559118172021584314279607
651	20543607	79353	0.35245685193390779987865357725241
654	20638278	79688	0.35192960194365024984008982755768
657	20732949	80021	0.35140579909614960696373486825905
660	20827620	80355	0.35088530501888043344749235075142
663	20922291	80690	0.35036812512995202384402659845364
666	21016962	81025	0.34985423860692266284644347251742
669	21111633	81360	0.34934360091643146262185837258585
672	21206304	81697	0.34883622660618202049320757396345
675	21300975	82030	0.34833199858061220099969546026841
678	21395646	82364	0.3478309420157670861506460369128
681	21490317	82700	0.34733299826386798692112733988324
684	21584988	83042	0.34683814209036195608248931421258
687	21679659	83375	0.34634632772240753206816066267493
690	21774330	83708	0.34585754763780152121199762405013
693	21869001	84056	0.34537175523935009779918914318841
696	21963672	84390	0.3448889298938730973986821481958
699	22058343	84725	0.34440903934497929528291138012719
702	22153014	85059	0.34393208071115799473460583612905
705	22247685	85393	0.34345806442604115416017407369509
708	22342356	85729	0.34298686525828181448360965077882
711	22437027	86064	0.34251847166123278176641520076373
714	22531698	86397	0.34205293186693008777865543379448
717	22626369	86730	0.34159012809779509822760701354127
720	22721040	87063	0.34113007369564668502803783667332
723	22815711	87397	0.34067277651153737849654135061428
726	22910382	87730	0.34021815266887794892980423355766
729	23005053	88065	0.33976616974658985226298568704806
732	23099724	88402	0.33931686216082057594434218117385
735	23194395	88735	0.33887016144196752120976157129917
738	23289066	89069	0.33842607432534205225138634887116
741	23383737	89402	0.33798455906792473912858554285776
744	23478408	89735	0.33754558152140062832202715981111
747	23573079	90069	0.33710911822628231160337008986971
750	23667750	90403	0.33667515509453327382516363286413
753	23762421	90736	0.33624364903201270360355579214229
756	23857092	91069	0.3358146254205000014181337064656
759	23951763	91403	0.33538799029709553956024592480389
762	24046434	91740	0.33496379142433968523206999634567
765	24141105	92074	0.3345419536709548502528832614189
768	24235776	92408	0.33412248975415098639629718491051
771	24330447	92741	0.33370537281755408010042174282717
774	24425118	93075	0.3332905764299515238846538522921
777	24519789	93409	0.33287806741031999990809708833694
780	24614460	93742	0.33246783483927061508822475843772
783	24709131	94080	0.33205983769632363422630305649363
786	24803802	94416	0.331654072306233116407270244963
789	24898473	94750	0.33125057558171977500904858970898
792	24993144	95082	0.33084923278335126584082104272966
795	25087815	95418	0.33045006223057238337048602261348
798	25182486	95752	0.33005305440684840068144012548146
801	25277157	96085	0.32965817013512760391691358563548
804	25371828	96419	0.32926540536743287290732951078098
807	25466499	96763	0.32887475361894025205344860296464
810	25561170	97096	0.3284861168798122732503941278992
813	25655841	97429	0.32809956344992324828169216743845
816	25750512	97764	0.32771505820834412325837092794245
819	25845183	98099	0.327332567346499736515852418961
822	25939854	98432	0.32695206497763162900582756265067
825	26034525	98765	0.32657356193161884982956166822987
828	26129196	99099	0.32619702307958142739607865223661
831	26223867	99433	0.32582243281690814740159112261608
834	26318538	99766	0.32544976591746377359015696129063
837	26413209	100099	0.32507903514453406756956610479392
840	26507880	100433	0.32471017992814760200204204920738
843	26602551	100773	0.32434318267211786901427217344462
846	26697222	101106	0.32397805543436208886021177022485
849	26791893	101441	0.32361482461756274631170526845381
852	26886564	101775	0.32325340168065586077261741593247
855	26981235	102112	0.32289379787212002526075593777932
858	27075906	102445	0.32253597949148909984629085556662
861	27170577	102782	0.32217993360440538852529357427557
864	27265248	103114	0.32182568291438234941992391213716
867	27359919	103455	0.32147318553805154239810804028821
870	27454590	103788	0.32112243809533475014106329581409
873	27549261	104121	0.32077337053964838364805700621218
876	27643932	104457	0.32042604241634925488213525568426
879	27738603	104795	0.32008039956855482977005067368736
882	27833274	105128	0.31973640054272267629897896767943
885	27927945	105463	0.31939405695198430645831422225456
888	28022616	105796	0.31905337058485661039242131664651
891	28117287	106130	0.3187143519591996154716184719291
894	28211958	106463	0.31837694895214180279552351748862
897	28306629	106796	0.31804115361798812600113706139382
900	28401300	107129	0.31770694562566703655903666003724
