0	0	0	0.69314718055900481630260401288979
3	98910	4574	0.23289059560199612541886438066285
6	197820	8975	0.17412637010352849387118112645112
9	296730	13579	0.142958979005276431983872953424
12	395640	17860	0.12442147966181743568014894663065
15	494550	22294	0.11221733352176113673870361253648
18	593460	26735	0.10359470329353204220979023375548
21	692370	30936	0.097159556943269900775028702355485
24	791280	35485	0.092194586886869198116833956646587
27	890190	39734	0.088276255156524124911854300989944
30	989100	44017	0.085089574691506672521335019609978
33	1088010	48590	0.082454348065009064328023669077083
36	1186920	54195	0.080241586467097475443566167996323
39	1285830	58392	0.078350970401554115296605118601292
42	1384740	62629	0.076725773130440072522517880315718
45	1483650	66779	0.075311902232093719256056374433683
48	1582560	71124	0.074072974545467351603633687773254
51	1681470	75328	0.072977956878330946244304300307704
54	1780380	80517	0.072006181532651300503111713169346
57	1879290	84942	0.071137338372968109134752978661709
60	1978200	89184	0.070355225988478709009399381102412
63	2077110	94626	0.069648599048190817928372098322143
66	2176020	98844	0.069009083641175889001218024532136
69	2274930	103479	0.068427532392845519249036101427919
72	2373840	108565	0.067896247139675819370907561278727
75	2472750	114626	0.067410192385412986970649740214867
78	2571660	119413	0.066963650265063692779143877942261
81	2670570	124539	0.066552584303417247624246044779284
84	2769480	129092	0.066172695446475082725612537615234
87	2868390	134259	0.065821428113920235625222687758651
90	2967300	140415	0.065495835726128104337107060928247
93	3066210	144979	0.065193807375207260546012832946872
96	3165120	150155	0.064912286290929169241259444333991
99	3264030	155061	0.064650118259409486420885571078543
102	3362940	160280	0.064405144619788648463476476990763
105	3461850	165579	0.064176041901939817613254035677528
108	3560760	170613	0.063961530250403048070140243908099
111	3659670	175531	0.063760411094791455410835112616041
114	3758580	180761	0.063571441107380055601794310859987
117	3857490	185902	0.063393435724380095552810132630839
120	3956400	190550	0.063225924733472493866059949141345
123	4055310	195856	0.063068161117669205295577228298498
126	4154220	201084	0.06291918557859386973429849376771
129	4253130	205745	0.062778415355263031405463891587715
132	4352040	211280	0.062645266133418600618121274692385
135	4450950	216598	0.062519691681900149693440482678852
138	4549860	221802	0.0624003672055829447518071617651
141	4648770	226290	0.062287368275281057572456688831153
144	4747680	231463	0.062180105941669117086689766438212
147	4846590	237581	0.062078073014181646416265181187555
150	4945500	242859	0.061981140267898242324218216481313
153	5044410	247748	0.061888970931249828733022866344982
156	5143320	252722	0.061801331142514466521209470784015
159	5242230	257721	0.061717802255523326881991863501753
162	5341140	262927	0.061638150329962608509060117967238
165	5440050	267245	0.061562179100015247679156260574018
168	5538960	272406	0.061489664246121268631473100185758
171	5637870	276923	0.061420336014055984530379816987988
174	5736780	282258	0.061354048592398686967630538902085
177	5835690	287223	0.061290787644250263599410288861691
180	5934600	292323	0.061230227943825647762832176113079
183	6033510	297862	0.061172202353845024636047611465983
186	6132420	303136	0.061116596267761648386684925071677
189	6231330	307589	0.061063322239493525445119814776263
192	6330240	311841	0.061012197451782941570730400826506
195	6429150	316836	0.060963168028604151904570329634225
198	6528060	321983	0.06091612266265590547309471958215
201	6626970	326398	0.060870934074635167643219091360152
204	6725880	331196	0.060827480068043053573756395735472
207	6824790	336499	0.060785734356927009769400171990128
210	6923700	342735	0.060745570568804266309292927417118
213	7022610	347698	0.060706946150154886265859488503338
216	7121520	353890	0.060669733705590485339786965823805
219	7220430	359136	0.060633907412276415171970000983492
222	7319340	364454	0.060599385582848580567016938402958
225	7418250	369401	0.060566146404552663462528272475538
228	7517160	375406	0.060534095329086608228141841436809
231	7616070	381222	0.060503171841520049512030965388476
234	7714980	386318	0.060473318455577088070818092546688
237	7813890	391614	0.06044450464106307374656523734302
240	7912800	397010	0.060416654208981013240986612800043
243	8011710	402429	0.06038975434155129801139239020813
246	8110620	407519	0.06036375611704476035201949457587
249	8209530	412772	0.060338631501613726459964937021141
252	8308440	418014	0.060314335477034193566669983965767
255	8407350	423216	0.060290838861229247014339449606268
258	8506260	428197	0.060268092708390688660990974767628
261	8605170	434232	0.06024606046205335102561306825919
264	8704080	439216	0.060224752461643181467021435082643
267	8802990	444332	0.060204099950258993523277695203433
270	8901900	449204	0.060184077144384763580209352085149
273	9000810	453723	0.060164676392750235378592549295718
276	9099720	459908	0.060145875166209325501931459712068
279	9198630	465315	0.060127634126942046399744157270106
282	9297540	471352	0.060109948204081421752054126272924
285	9396450	476395	0.060092774053438609282995486182699
288	9495360	482499	0.060076121662956692703883021522415
291	9594270	486933	0.060059927482508344842582204137216
294	9693180	493167	0.060044222532916795287416533710712
297	9792090	498357	0.060028952029586829519658408571559
300	9891000	502841	0.060014118678155717323541296082112
303	9989910	508017	0.059999698596631498292985895659513
306	10088820	512516	0.059985690725715676285823008129228
309	10187730	517014	0.059972057457768887522853162863612
312	10286640	521992	0.059958809376504600130441957617222
315	10385550	527042	0.059945915855993320286998482515628
318	10484460	532087	0.059933362542592544253139408283459
321	10583370	536463	0.059921156281591204939562800291242
324	10682280	541425	0.059909264669108619472126520122401
327	10781190	546737	0.059897693352651118492424586747802
330	10880100	551824	0.059886418995613595328553202534749
333	10979010	557210	0.05987543452628790036085248971176
336	11077920	561813	0.059864741280189037730963264039019
339	11176830	566459	0.059854309046549522554947486696619
342	11275740	571385	0.059844145126676170920454467250238
345	11374650	576555	0.059834235266423715926542570286983
348	11473560	581147	0.059824571644357608934949865897579
351	11572470	586414	0.059815157543436449361085038844976
354	11671380	590853	0.059805969279953519190939914551564
357	11770290	596456	0.059796998671813740566793882180718
360	11869200	601589	0.059788246109537451777882210990356
363	11968110	607270	0.059779705339131870844848748447475
366	12067020	612246	0.059771371665909907300306969091253
369	12165930	617055	0.059763243732316742584664837067976
372	12264840	623191	0.059755297205237443980418987621306
375	12363750	629039	0.059747540807200238965890548570314
378	12462660	633854	0.059739962658277412366203407145804
381	12561570	638371	0.059732557899876498330726803942525
384	12660480	643984	0.059725324460353536315526667976883
387	12759390	648872	0.059718256276078816868757570546222
390	12858300	653301	0.059711350398106433079448152057012
393	12957210	658034	0.059704597393495401069785089021025
396	13056120	663164	0.059697996157129659677842425935523
399	13155030	668275	0.059691547245159876089459771719703
402	13253940	674063	0.05968523595123902125703096999132
405	13352850	679598	0.059679066383250142791005998788023
408	13451760	684045	0.059673028942277245301184507297876
411	13550670	689152	0.059667121905046048568888039653757
414	13649580	695181	0.059661343018202167565178228869627
417	13748490	700046	0.05965568817486409380901335453018
420	13847400	705105	0.059650155360364713608145592615983
423	13946310	709677	0.059644741755686708772898896313563
426	14045220	714104	0.059639442585739187163706986893885
429	14144130	718431	0.059634254860004586029642581479493
432	14243040	723774	0.059629174801972495423285636206856
435	14341950	728278	0.059624196320370123625131952849188
438	14440860	733966	0.059619325132789752208495315244363
441	14539770	738325	0.059614552544094027985988049067601
444	14638680	742660	0.059609877150147171087635200592558
447	14737590	747001	0.059605296840082304388186429378038
450	14836500	752299	0.05960081143057970043397375548011
453	14935410	756792	0.059596415969413681079647204796856
456	15034320	761907	0.059592110255080280034611917017173
459	15133230	767317	0.059587891202945421353920352203204
462	15232140	771712	0.059583754506959199503945967535401
465	15331050	777374	0.059579699683826599365676912611889
468	15429960	782687	0.059575725092133637039726323791911
471	15528870	787404	0.059571828438239798897413379563659
474	15627780	793041	0.05956800938649066401442411233802
477	15726690	799177	0.059564263221673331705208198627588
480	15825600	803847	0.05956058936244106732926795189087
483	15924510	810075	0.059556986133666514615647713526414
486	16023420	815708	0.059553453147141784118634433298212
489	16122330	820021	0.059549988306746959310089550854173
492	16221240	824677	0.059546588093615814007986131173311
495	16320150	829894	0.059543253589677963555359951897117
498	16419060	834448	0.059539983332124082893166416852182
501	16517970	839589	0.059536773534087844561568658718897
504	16616880	844090	0.059533623153476877831735691870563
507	16715790	849155	0.059530532362624073716705908054792
510	16814700	853965	0.059527499017952408000287078948531
513	16913610	858958	0.05952452287656442159180514295258
516	17012520	864216	0.059521601390166781198054479773418
519	17111430	869469	0.059518734161566264062592779282568
522	17210340	874613	0.059515919753992327367875248000928
525	17309250	879669	0.059513156472709966005041337666626
528	17408160	884841	0.059510443987418171207792738641729
531	17507070	890000	0.059507780991916586765810848191904
534	17605980	894864	0.059505163954987699836962633526127
537	17704890	899733	0.059502595604255151262584888627316
540	17803800	904929	0.059500072944427197241257232462885
543	17902710	910005	0.059497595485399713821639267052888
546	18001620	914884	0.059495163768573049167809330128875
549	18100530	920188	0.059492775296795981365693961606667
552	18199440	925478	0.05949042825369227349696643614152
555	18298350	930489	0.05948812257654399054951355196863
558	18397260	935827	0.059485857902467319247019617023398
561	18496170	940729	0.059483632620643156485584768233821
564	18595080	946044	0.059481447788575537993782660350917
567	18693990	950708	0.059479300269446894189329100299801
570	18792900	955989	0.059477190579134496528634912237976
573	18891810	961634	0.059475116510478480413848245689223
576	18990720	966808	0.059473079233810656474279454641874
579	19089630	971167	0.059471077084880440144498692234265
582	19188540	976799	0.059469110967066945994119464558025
585	19287450	982865	0.059467177643487571792046963992107
588	19386360	989042	0.059465277922210256489332635965184
591	19485270	993355	0.059463410250634722575835411362277
594	19584180	999417	0.059461575043187754607831863040701
597	19683090	1003895	0.059459770310602309828507117117624
600	19782000	1008480	0.059457996072881075244609405672236
603	19880910	1012935	0.059456252426591034432323823466504
606	19979820	1018496	0.05945453826974753108736138074164
609	20078730	1022714	0.059452853045672347798156209819354
612	20177640	1027786	0.059451195482112674517427564069294
615	20276550	1032723	0.059449566157763686358173060853005
618	20375460	1037438	0.059447964184091039996360450459179
621	20474370	1043651	0.059446388736955846354703680844977
624	20573280	1048228	0.059444839643799742001650798783885
627	20672190	1052523	0.059443316012501752620966755102927
630	20771100	1056877	0.059441817978791861021292675104633
633	20870010	1061656	0.059440344659694534235061524896082
636	20968920	1066972	0.059438895964150070816423010455765
639	21067830	1071281	0.059437471277543972580925668580676
642	21166740	1076645	0.059436069351538993454919790337954
645	21265650	1080924	0.059434690315299069929277919754895
648	21364560	1086373	0.059433334278975874509498567022092
651	21463470	1090895	0.059432000250499918136970478599324
654	21562380	1096061	0.059430687697143283476641784091044
657	21661290	1102180	0.059429396590415711765231776553264
660	21760200	1107302	0.059428126826974549123949742579498
663	21859110	1112449	0.059426877003638578500499534129631
666	21958020	1116772	0.059425647509083877328972533859996
669	22056930	1121919	0.059424437629878167077546180507852
672	22155840	1126406	0.059423247804401099769755489887757
675	22254750	1130694	0.059422076711974698703944142152977
678	22353660	1135080	0.059420925006489606901016742313004
681	22452570	1139214	0.059419790996377341851797382332734
684	22551480	1144220	0.059418675330213194252237940418127
687	22650390	1148926	0.059417577325690647260802990103912
690	22749300	1154842	0.059416497161823275674485955732962
693	22848210	1160533	0.059415434105830888800170441754744
696	22947120	1165007	0.059414387490377792988560656795016
699	23046030	1169533	0.059413357404426964114563247676415
702	23144940	1173952	0.05941234346438995644890113112524
705	23243850	1178289	0.059411345598913423149411983104073
708	23342760	1182933	0.059410363277831994277544680471692
711	23441670	1187253	0.059409396242394350851068196561755
714	23540580	1193254	0.059408444981222344183358075042634
717	23639490	1199360	0.059407508235525798012677256565439
720	23738400	1204483	0.059406585983735625544621683502555
723	23837310	1209565	0.059405678205428247284913823023089
726	23936220	1214150	0.059404784712185680628504513833832
729	24035130	1218814	0.059403905196787128162316804491638
732	24134040	1223545	0.05940303916182714666360809019352
735	24232950	1229557	0.059402186233537344894894971503163
738	24331860	1233886	0.059401346435766701203906592354542
741	24430770	1238567	0.059400519883734875792313800957345
744	24529680	1242938	0.059399705879930486673856648849323
747	24628590	1247414	0.059398904379640245221327887747975
750	24727500	1252097	0.059398115375413028382833857676815
753	24826410	1256322	0.059397338435360907960003373773361
756	24925320	1260783	0.059396573514910483426731957479205
759	25024230	1266526	0.059395819809473650308095926675378
762	25123140	1272627	0.05939507785693647762270686030206
765	25222050	1277158	0.059394347154755305906448370478756
768	25320960	1281796	0.059393627453483109623899593998431
771	25419870	1286928	0.059392918566236366229027510144078
774	25518780	1291466	0.059392220645949907187333138836038
777	25617690	1295889	0.05939153322443013055531579880153
780	25716600	1300415	0.059390856314727354103855105904586
783	25815510	1305598	0.059390189392014104685646458392512
786	25914420	1310249	0.059389532788841674360025280066111
789	26013330	1316335	0.059388885776854444253913811735401
792	26112240	1321711	0.059388248655307521173263296532241
795	26211150	1326888	0.059387620920938279100997903015013
798	26310060	1331985	0.059387002601464330964198268247856
801	26408970	1336256	0.059386393570555480458939001664476
804	26507880	1340670	0.059385793564810294975497839686795
807	26606790	1344931	0.059385202414929887104744210546414
810	26705700	1350046	0.05938462038223002448233955874457
813	26804610	1354452	0.059384046949255323011307439173834
816	26903520	1359358	0.059383481773652511959138422525939
819	27002430	1364476	0.059382925089362346982024831731906
822	27101340	1369579	0.059382376597836190879053930302689
825	27200250	1374023	0.059381836312313647507910019385236
828	27299160	1378903	0.059381304069780621590624036798545
831	27398070	1383523	0.059380779488480410488460137230504
834	27496980	1388665	0.05938026280604967455101217410629
837	27595890	1393995	0.059379753443354041375634722044197
840	27694800	1398624	0.059379251713599458251113816231737
843	27793710	1403336	0.059378757389668967991980252918438
846	27892620	1408251	0.059378270231403358636601552689172
849	27991530	1414000	0.059377790095750754284509298486228
852	28090440	1419291	0.059377317140140231654932279070636
855	28189350	1425295	0.059376851047055943799701793750501
858	28288260	1429935	0.059376391691450682019937090672101
861	28387170	1435035	0.059375939073272487878085712509346
864	28486080	1440124	0.059375492915383777658977493274506
867	28584990	1446005	0.059375053423043382128110323492365
870	28683900	1451495	0.05937462006316546886397489402043
873	28782810	1456552	0.059374193219973302182435048734988
876	28881720	1462653	0.059373772278874442642759845512046
879	28980630	1467519	0.059373357529545596478204316781557
882	29079540	1472016	0.059372948727349196540448161840686
885	29178450	1476380	0.059372545853826834416633317914602
888	29277360	1480854	0.059372148693220896942257525097375
891	29376270	1485378	0.059371757366184316206947357841273
894	29475180	1490360	0.059371371513000106845403536226513
897	29574090	1494890	0.059370991225333798191332590477032
900	29673000	1499420	0.059370616358975503157324737912859
