0	0	0	0.69314718055900481630260401288979
3	95142	667	0.68910930370825873580997722456232
6	190284	1333	0.68511938332721022959503898164257
9	285426	1999	0.68117714061539769154762780090095
12	380568	2665	0.67728204513293310817800829681801
15	475710	3339	0.67343325927887787152315013372572
18	570852	4009	0.66963021670802436169367410911946
21	665994	4680	0.66587205632628554408114496254711
24	761136	5358	0.66215867691603536027145082698553
27	856278	6039	0.65848942390701148408282961099758
30	951420	6714	0.65486326840037356600277007601107
33	1046562	7379	0.65128088879400403143904441094492
36	1141704	8053	0.64773969274851550537164257548284
39	1236846	8723	0.64424104830753115003005859762197
42	1331988	9424	0.64078355082684768095901972628781
45	1427130	10118	0.63736704942732969048080349239171
48	1522272	10811	0.6339905982064121259256239682145
51	1617414	11503	0.63065418123873828726289048063336
54	1712556	12197	0.62735631413485082319425600871909
57	1807698	12894	0.62409758582799979009791968564969
60	1902840	13591	0.62087720260652168313697529811179
63	1997982	14283	0.61769451150689003160465517794364
66	2093124	14976	0.61454865671946223848465251649031
69	2188266	15676	0.61143957888896238728193566203117
72	2283408	16368	0.60836695143504382343735414906405
75	2378550	17060	0.60532963419557117568103876692476
78	2473692	17757	0.60232760922626094046705702567124
81	2568834	18449	0.59936032557568164058636739355279
84	2663976	19151	0.59642762144218697262232353750733
87	2759118	19857	0.59352913283143948763864727879991
90	2854260	20553	0.59066353018802608687565225409344
93	2949402	21245	0.58783108849390952599378579179756
96	3044544	21939	0.5850315531229843823979308581329
99	3139686	22640	0.58226377284766817066241628708667
102	3234828	23333	0.57952777140781774889433108910453
105	3329970	24028	0.57682341447141705081946838618023
108	3425112	24720	0.57414965422334096611933773601777
111	3520254	25415	0.57150635460406307153391480824212
114	3615396	26110	0.5688931258124654277708032168448
117	3710538	26808	0.56630929545796027113624404591974
120	3805680	27501	0.56375483995845998563822831783909
123	3900822	28191	0.56122941032504147784720771596767
126	3995964	28884	0.55873221020291963245796296178014
129	4091106	29551	0.55626344661665105828518562702811
132	4186248	30220	0.55382227626159874489530920982361
135	4281390	30886	0.55140834025410878638240319560282
138	4376532	31558	0.54902146800293472050924492577906
141	4471674	32252	0.54666126675952630975530155410524
144	4566816	32947	0.54432724276903965421325892748428
147	4661958	33642	0.54201912922235151448546730534872
150	4757100	34335	0.53973660611488227800691674929112
153	4852242	35033	0.53747916669519257837350778572727
156	4947384	35727	0.5352467820625146366353419580264
159	5042526	36421	0.53303899022186274070378431133577
162	5137668	37118	0.530855710849230888470628997311
165	5232810	37812	0.52869595703286575982815520546865
168	5327952	38505	0.52655962836556269301979682495585
171	5423094	39197	0.5244468140440521342071633625892
174	5518236	39891	0.52235718651620044461481029429706
177	5613378	40590	0.5202900959007169534586978443258
180	5708520	41288	0.51824534463539473350124353601132
183	5803662	41984	0.51622271350896398178775825726916
186	5898804	42679	0.51422178888109371097669964001398
189	5993946	43376	0.51224227697864610497902049246477
192	6089088	44074	0.51028404345435729450031203668914
195	6184230	44772	0.50834654389755218328872388156014
198	6279372	45469	0.50642958045941455225147365126759
201	6374514	46168	0.50453327358451183215493074385449
204	6469656	46862	0.50265699945562480888128220612998
207	6564798	47569	0.5008004188312521476333927239466
210	6659940	48267	0.49896335394310825650521223906253
213	6755082	48966	0.49714572677891166740948847291293
216	6850224	49661	0.49534708384436410000262185349129
219	6945366	50394	0.49356735517559302550694155797828
222	7040508	51093	0.49180610201593116803664429426135
225	7135650	51765	0.4900631830872810290600227745017
228	7230792	52433	0.48833828573748089274531025694159
231	7325934	53100	0.4866313413657795683420204113645
234	7421076	53780	0.4849419193354818635732783604908
237	7516218	54471	0.48326998645340973892459146554756
240	7611360	55138	0.48161500985772998095768571147346
243	7706502	55808	0.47997690548254662301630446563649
246	7801644	56476	0.47835562017569399628769133414607
249	7896786	57146	0.47675091855104401172837924605119
252	7991928	57814	0.47516228289412321128537541881087
255	8087070	58482	0.4735898096122106992744704712095
258	8182212	59156	0.4720330438927494154377484392171
261	8277354	59825	0.4704918784116209340417924522626
264	8372496	60494	0.46896625352375626016865339806827
267	8467638	61162	0.46745587080376321820196494627453
270	8562780	61830	0.46596043096701250663116411487863
273	8657922	62498	0.46447974803870578641706856615201
276	8753064	63168	0.46301381024588639245820331780124
279	8848206	63836	0.46156238872995325461801030542119
282	8943348	64503	0.46012534164472790321198658602952
285	9038490	65172	0.45870224249576529995664486705209
288	9133632	65840	0.45729315598401981679543837344681
291	9228774	66507	0.45589760516084237851330840385344
294	9323916	67180	0.45451584299753539086808018510055
297	9419058	67863	0.45314743288625652928303111366404
300	9514200	68531	0.45179208694872796669983472384047
303	9609342	69198	0.45044978031275528795873697163188
306	9704484	69868	0.44912037831343487592761221094406
309	9799626	70538	0.44780386039701336464702308148844
312	9894768	71206	0.44649979845208687123658819473349
315	9989910	71876	0.44520804269104308215077026034123
318	10085052	72546	0.44392866389293145212846525282657
321	10180194	73214	0.4426613312598752236759480638284
324	10275336	73883	0.44140596091207284779045494360616
327	10370478	74558	0.44016231369067398970784665834799
330	10465620	75226	0.43893039438226583159874394368671
333	10560762	75894	0.43770991125649760800087051393348
336	10655904	76566	0.43650073665027450120490470908408
339	10751046	77242	0.43530285673858598594065938414133
342	10846188	77912	0.43411616586723034139083665650105
345	10941330	78581	0.43294031220653478309046136018878
348	11036472	79278	0.43177517574315688042574379323923
351	11131614	79992	0.4306207333020191097006090785726
354	11226756	80685	0.42947688036827874613621247590345
357	11321898	81380	0.42834338114523523577403807394148
360	11417040	82076	0.42721995188709832591555937142402
363	11512182	82787	0.42610683872717497466808822537132
366	11607324	83481	0.42500383448463113778004185405734
369	11702466	84185	0.42391063124606537249050575155707
372	11797608	84876	0.42282726976302792420980836141098
375	11892750	85569	0.42175357915752420545629775006091
378	11987892	86268	0.42068943141654696615816533267207
381	12083034	86964	0.41963466858660086744592376817309
384	12178176	87662	0.41858915972711113751003608740575
387	12273318	88357	0.41755293920587133182920069884858
390	12368460	89051	0.4165257721387932710044310624653
393	12463602	89753	0.41550758130858655992057038019993
396	12558744	90448	0.41449829020817502422957545604731
399	12653886	91144	0.41349770662409690569205622523441
402	12749028	91840	0.412505759301423857721147214761
405	12844170	92533	0.41152244473026605708909642089566
408	12939312	93229	0.41054757101830863241787028528051
411	13034454	93925	0.40958108354247307891782270417025
414	13129596	94619	0.40862279792337008466063252853928
417	13224738	95315	0.40767263751210919275891342294926
420	13319880	96012	0.40673062664236719898624983215996
423	13415022	96705	0.40579656630066945899315555834619
426	13510164	97398	0.40487032846307441369404500619567
429	13605306	98091	0.40395183766813658188254976266762
432	13700448	98790	0.4030410738219665223169840828632
435	13795590	99456	0.40213794833255006588856872440374
438	13890732	100148	0.40124229248739429198877814997104
441	13985874	100816	0.40035398015485745837338527053362
444	14081016	101493	0.39947309651078583003780408944294
447	14176158	102162	0.3985994304096999174547022448678
450	14271300	102855	0.39773302663199133766269710577035
453	14366442	103547	0.39687361341288934779569785860076
456	14461584	104238	0.39602119914402189593261027766857
459	14556726	104930	0.3951756736682310311437049676897
462	14651868	105625	0.39433691449211277779696160905587
465	14747010	106317	0.39350499965836627236370759419515
468	14842152	107012	0.3926797865339227144865219543135
471	14937294	107701	0.39186115328547171943185389864084
474	15032436	108392	0.3910490475226934270480683153437
477	15127578	109083	0.39024338562016414044819612172432
480	15222720	109773	0.3894441974717781640435987355886
483	15317862	110467	0.38865120691082716275488451174169
486	15413004	111170	0.38786449967290304030598235840444
489	15508146	111861	0.38708391874377745534019368278678
492	15603288	112552	0.38630946404641930413959016732406
495	15698430	113249	0.38554105599005200621931521709485
498	15793572	113938	0.38477853944436418709429403861577
501	15888714	114628	0.38402197894550677004232852596033
504	15983856	115317	0.38327126304406555767911868315423
507	16078998	116006	0.38252630159855965930049137568858
510	16174140	116699	0.38178698809182848306065238830342
513	16269282	117394	0.38105334737660467858688662090572
516	16364424	118083	0.38032527577934377438495516798866
519	16459566	118781	0.37960275377116653450215721932182
522	16554708	119483	0.37888565041427035851029359037057
525	16649850	120174	0.37817394080244809417834517262236
528	16744992	120870	0.37746753301747998365911485052493
531	16840134	121560	0.376766376153825188755064345969
534	16935276	122250	0.37607046755544598637399644758261
537	17030418	122916	0.37537968534386373375966172716289
540	17125560	123583	0.37469404217376833798880397807807
543	17220702	124252	0.37401343391269620264338868764753
546	17315844	124947	0.37333786062268642380601590957667
549	17410986	125638	0.37266714721170579593945149099454
552	17506128	126327	0.3720013562723097355622314807988
555	17601270	127022	0.37134040703288384577263059327379
558	17696412	127716	0.37068420492208825622881818162568
561	17791554	128411	0.37003270724563486204772289056564
564	17886696	129106	0.3693858938679026593376875098329
567	17981838	129800	0.36874368807228813382792509401042
570	18076980	130489	0.36810614490001197784962982950674
573	18172122	131178	0.3674730934201475007760961943859
576	18267264	131868	0.36684455936336812786890959614539
579	18362406	132558	0.36622040611180745051100871023664
582	18457548	133254	0.36560063258825337140223155074636
585	18552690	133943	0.36498522257400661805704089601932
588	18647832	134634	0.3643740778039040728586428485869
591	18742974	135323	0.36376717591874491164460891923227
594	18838116	136020	0.36316454435509859521857833897229
597	18933258	136711	0.36256597748803015557328421891725
600	19028400	137401	0.36197155605328107386142733048473
603	19123542	138092	0.36138121703170045240227636895725
606	19218684	138782	0.36079490318439649820803083457577
609	19313826	139472	0.36021258686609292087865696885274
612	19408968	140164	0.35963421723300653676247407020128
615	19504110	140856	0.35905973369091720437396020315646
618	19599252	141546	0.35848912427321377727196249907138
621	19694394	142237	0.35792234594888111542942965570546
624	19789536	142927	0.35735933425072069491434945121
627	19884678	143619	0.35680009414395469358183277108765
630	19979820	144286	0.35624453991515708795034811373625
633	20074962	144952	0.35569263506168818933517172808934
636	20170104	145618	0.35514438346312510175195598094433
639	20265246	146286	0.35459973558741814114725343642931
642	20360388	146954	0.35405864021915339767687669336738
645	20455530	147621	0.35352108447675095748152784835838
648	20550672	148287	0.3529870361045523430298942457739
651	20645814	148953	0.35245640803811800756406569234969
654	20740956	149619	0.35192919310207310124027912934253
657	20836098	150295	0.35140535848793447160076652835414
660	20931240	150991	0.35088487633096060447357444900263
663	21026382	151658	0.35036769067067680127891549091146
666	21121524	153044	0.34985380857221509698362638118851
669	21216666	153740	0.34934316334703741091516349115409
672	21311808	154433	0.34883573117627386661609989459976
675	21406950	155129	0.34833150559282555214224430528702
678	21502092	155823	0.34783046782159593446337453315209
681	21597234	156520	0.34733250454512476501633955194848
684	21692376	157213	0.3468376311226794572739606792311
687	21787518	157907	0.34634580500028411265134309360292
690	21882660	160930	0.34585704780383852430247770826099
693	21977802	161622	0.34537126860814071349636833474506
696	22072944	162321	0.34488845917025301446301455143839
699	22168086	163023	0.34440860249858351593843508453574
702	22263228	164850	0.34393168058224921068699586612638
705	22358370	165552	0.34345761683387909801723480995861
708	22453512	167555	0.34298641350606878797080412368814
711	22548654	169448	0.3425180578775627870946607345104
714	22643796	170151	0.34205246714472420377362027466006
717	22738938	173194	0.3415896400342681160644531246362
720	22834080	176222	0.34112957958444656281216111892718
723	22929222	176917	0.3406722441936047007793320062774
726	23024364	177609	0.34021761970987884904360498694587
729	23119506	178300	0.33976564466935449404516589311243
732	23214648	178991	0.33931631271726336862570860830601
735	23309790	179688	0.33886961905104256986831501308188
738	23404932	180382	0.33842551307022200601792860652495
741	23500074	181079	0.33798397284897951919901970541105
744	23595216	181774	0.33754501976257977879924965236569
747	23690358	182472	0.33710855655168492361895005160477
750	23785500	183143	0.33667457539233597296757238837017
753	23880642	183811	0.33624307411493059571938601948204
756	23975784	184482	0.33581400980349512819245205719199
759	24070926	185152	0.33538738425025715894634004143882
762	24166068	185820	0.3349631714129847059879807602556
765	24261210	186512	0.33454136261204087121612360533618
768	24356352	187203	0.33412187296011802706274806951114
771	24451494	187898	0.33370473590330657076563625196286
774	24546636	188588	0.33328995716416881522903281620529
777	24641778	189278	0.33287744870352459214402074394457
780	24736920	189969	0.33246722857538552053924263418594
783	24832062	190661	0.3320592281272914392253881032957
786	24927204	191355	0.33165348566909857996876098695793
789	25022346	192048	0.33124996755387203783982386084972
792	25117488	192744	0.33084863567726602306962035981996
795	25212630	193435	0.3304494409101117469163000350818
798	25307772	194141	0.33005241103869598084941117122071
801	25402914	194840	0.32965752873321740867851303846692
804	25498056	195533	0.3292647606939859694641370424506
807	25593198	196224	0.32887406820800935136617226817179
810	25688340	196937	0.32848547048066578657454783751746
813	25783482	197629	0.32809893424597952327204097855429
816	25878624	198322	0.3277144199385915723787832121161
819	25973766	199014	0.32733193082860534417477538227104
822	26068908	199731	0.32695146084320680923696045283577
825	26164050	200423	0.32657297485212100074392083115526
828	26259192	201114	0.3261964302491648926007883346756
831	26354334	201806	0.32582185204251529198060666203673
834	26449476	202498	0.32544919694113616515096509829164
837	26544618	203189	0.32507844688297443669355857309711
840	26639760	203882	0.32470959356243650484330487415718
843	26734902	204573	0.32434263180004702098457869396952
846	26830044	205264	0.32397753627217135141691528588126
849	26925186	205955	0.32361428425369159755931036670518
852	27020328	206630	0.32325285557681499026827509624127
855	27115470	207311	0.32289324288338944191067980682419
858	27210612	207987	0.32253544592210792174569178314414
861	27305754	208679	0.32217941211335948681337981724937
864	27400896	209372	0.32182515737360700702751614699082
867	27496038	210063	0.32147265203660096988258487726853
870	27591180	210758	0.32112187590035129458598817109305
873	27686322	211450	0.32077282380394195326900330655917
876	27781464	212143	0.32042551003905056505871584704437
879	27876606	212834	0.32007985516377418511169139492267
882	27971748	213528	0.31973587060765057410449685448839
885	28066890	214223	0.31939355138221242613738581894722
888	28162032	214918	0.31905288374512913440739225734433
891	28257174	215615	0.31871388652204019065194984250411
894	28352316	216313	0.31837648694554382400312420031696
897	28447458	217007	0.31804070054864425065588307006692
900	28542600	217702	0.31770651595931009847362247455749
