0	0	0	0.69314718055914625871594125783304
3	48290	2738	0.22532842282136095191091840206354
6	96580	5465	0.21682120731602733121334836141614
9	144871	8187	0.21676215099119205964584011780971
12	193161	10926	0.21676196330083402630251043774479
15	241451	13758	0.21676196262199962094818772584404
18	289742	16607	0.21676196262261959724071402888512
21	338032	19314	0.21676196262322383612186627033225
24	386322	21997	0.21676196261880126270327195925347
27	434613	24730	0.21676196263355537729999866769504
30	482903	27463	0.21676196262543148685075777848397
