0	0	0	0.69314718055914625871594125783304
3	48290	2686	0.22038710008743792045926568334835
6	96580	5391	0.21677827766145144061660232637223
9	144871	8142	0.2167610399896363337912674751351
12	193161	10978	0.21676096334491579131764638077584
15	241451	13726	0.21676196263167324396192725544097
18	289742	16695	0.21676196261994173930531815130962
21	338032	19450	0.21676196261795713238207383710687
24	386322	22209	0.21676196260944186056107696458639
27	434613	24957	0.21676196261091021377787058099784
30	482903	27704	0.21676196261219179972634663045028
