0	0	0	0.69314718055914625871594125783304
3	47140	2666	4.2044329843734766782858969236258
6	94281	5441	0.25953250913647690767405151746061
9	141421	8195	0.24332827795300027151625954502379
12	188562	10921	0.2451452878553165293240567734756
15	235702	13644	0.29418879327153979463815858252929
18	282843	16436	0.2384649726428487159779479043209
21	329983	19482	0.22385800917197171133743438531383
24	377124	22438	0.2220032615578571288939002670304
27	424265	25332	0.22292906346194196753884853023919
30	471405	28226	0.21936354792109702405156212989823
