0	0	0	0.69314718055914625871594125783304
3	46252	2690	0.49692425549391416872424542816589
6	92508	5311	0.27118736858559899793874592432985
9	138763	7913	0.30654689912524091255363600794226
12	185018	10529	0.30695395041446421613429151875607
15	231277	13226	0.29747363087190636932177767448593
18	277536	15936	0.37177154719057309284480083988456
21	323795	18657	0.24861641090175917723215093246836
24	370055	21351	0.49982351131295754687045018727076
27	416310	23998	0.2772281545466125374233001821267
30	462567	26646	0.25242781885736836899880586315703
