0	0	0	0.6931471805595997848215006342798
3	8084	19	0.69001565542358289651048153245938
6	16168	38	0.68694556991863675587950410772464
9	24252	55	0.683935510825514403343561298243
12	32336	72	0.68098513620864242756880457818625
15	40420	92	0.67809187861771502703334135730984
18	48504	109	0.67525538953734864922040515011759
21	56588	125	0.67247376193364283292197569608106
24	64672	145	0.66974679251374369393090546509484
27	72756	164	0.6670719976670805850815781923302
30	80840	181	0.66444800150743799083130625149352
33	88924	198	0.6618748088949288899129896890372
36	97008	218	0.65935087411995607631354232580634
39	105092	236	0.6568759716892628164330858453468
42	113176	252	0.65444790285779252947406803286867
45	121260	272	0.65206668023689939861498032769305
48	129344	292	0.64973008257444808677405490016099
51	137428	308	0.64743829818019227317904551455285
54	145512	325	0.64518970293980693053725872232462
57	153596	345	0.64298345934341605278916631505126
60	161681	364	0.64081814850987572906859668364632
63	169765	381	0.63869313560054641332186520230607
66	177849	398	0.6366079797695248787547939173237
69	185933	417	0.63456158647070115552679681059089
72	194017	434	0.63255305687235663381073891287087
75	202101	451	0.63058109136883888634628192448872
78	210185	471	0.62864528611742742647550130641321
81	218269	491	0.62674533241826058116430431255139
84	226353	507	0.6248799719261197704867072388879
87	234437	524	0.62304838010905061462807452699053
90	242521	544	0.62124979935077873083315580515773
93	250605	561	0.61948404976326565396504975069547
96	258689	578	0.617749822598892550651328292588
99	266773	598	0.61604623625747867432522753006197
102	274857	618	0.61437263582115475557543504692148
105	282941	635	0.61272938872694393541706858741236
108	291025	651	0.61111440429610264235549266231828
111	299109	671	0.6095280528654101193097858413239
114	307193	688	0.60796941326796372084828590232064
117	315278	706	0.60643776493481993394851770062814
120	323362	726	0.60493284763271626403025038598571
123	331446	745	0.60345400999944553976916949977749
126	339530	762	0.60200035050413591708462490714737
129	347614	778	0.60057145900025288298706982459407
132	355698	793	0.59916691813377109809835019405
135	363782	810	0.59778616966614517291844776991638
138	371866	827	0.596428544307675667646151396184
141	379950	850	0.59509373852095215351454271512921
144	388034	874	0.59378096066079688597483254852705
147	396118	894	0.59249014590542570246611830953043
150	404202	911	0.59122061828654715043285250430927
153	412286	927	0.58997194029143240623369592867675
156	420370	948	0.58874339766542005403238135841093
159	428454	968	0.58753505536843453338491372051067
162	436538	984	0.5863462328772396370268893406319
165	444622	1001	0.5851766861513725270782515508472
168	452706	1022	0.58402594331837975882848468245356
171	460790	1039	0.5828931928451106525557179338648
174	468875	1056	0.58177856311625320007152595280786
177	476959	1076	0.58068111483277640161304589128122
180	485043	1095	0.57960085688998574937613739166409
183	493127	1112	0.57853762765716987281905403506244
186	501211	1129	0.5774908200419864856556273480237
189	509295	1148	0.57646007851324843063167691070703
192	517379	1168	0.57544520532094667331080017902423
195	525463	1185	0.57444570068549083430298196617514
198	533547	1205	0.57346119867700973138369135995163
201	541631	1224	0.57249144078763658516351142679923
204	549715	1241	0.57153624747387377080798387396499
207	557799	1258	0.57059521495914500288648696368909
210	565883	1277	0.56966809818710806290198433998739
213	573967	1297	0.56875452685732130753137880674331
216	582051	1314	0.56785446746428647202264983206987
219	590135	1333	0.56696735271755904772561507343198
222	598219	1353	0.56609304060918319567718981488724
225	606303	1370	0.56523108621261974882088452432072
228	614387	1387	0.56438133490467723429873103668797
231	622472	1407	0.56354349736097686385249971863232
234	630556	1427	0.56271746775212672098120947339339
237	638640	1444	0.56190279561481804027067710194387
240	646724	1461	0.56109975184684057758488506806316
243	654808	1481	0.56030740667586276249068077959237
246	662892	1497	0.55952607826608535823709189571673
249	670976	1514	0.55875536431798122904979209124576
252	679060	1533	0.55799504979991465525301919115009
255	687144	1553	0.55724471674850462044048526877305
258	695228	1570	0.55650462312146486976160986159812
261	703312	1586	0.55577402718770485545718429420958
264	711396	1606	0.55505320383043699195013687130995
267	719480	1623	0.55434176054127071164856488394435
270	727564	1639	0.55363947477367203564568853835226
273	735648	1659	0.5529464159529234867918034979084
276	743732	1678	0.55226186330691229287026544625405
279	751816	1695	0.5515860734362117989704188403266
282	759900	1712	0.5509187935616708386987738776952
285	767984	1732	0.55025985140975985920874791190727
288	776068	1749	0.54960903226124713238931462910841
291	784153	1765	0.54896621422773328458077912728186
294	792237	1785	0.54833124956695122875771630788222
297	800321	1804	0.5477038807486912519451038861007
300	808405	1821	0.54708412283768770301151107560145
303	816489	1838	0.54647182646652592286073968352866
306	824573	1857	0.5458666544132874109962472175539
309	832657	1877	0.54526866904012827319547795923427
312	840741	1894	0.5446779190871592346567808817781
315	848825	1914	0.54409375792968450724629292380996
318	856909	1933	0.54351634158279393815860203176271
321	864993	1950	0.54294547260858949666584294391214
324	873077	1967	0.54238120162034009208440465954482
327	881161	1986	0.54182306500868793186498351133196
330	889245	2006	0.54127123406780996983655995791196
333	897329	2023	0.54072554066611233647421386194765
336	905413	2040	0.54018581862841552609921791372471
339	913497	2060	0.53965207473465770515730355327833
342	921581	2076	0.53912400003887472887953435929376
345	929665	2093	0.53860160901001363775719710247358
348	937750	2113	0.53808465528024351787195200813585
351	945834	2133	0.53757323954939439936140388454078
354	953918	2149	0.53706714357045592933559419179801
357	962002	2166	0.53656638585109550643181819395977
360	970086	2186	0.53607061476680495371027745932224
363	978170	2203	0.53557997180997574115934867222677
366	986254	2219	0.53509432252962740861335078079719
369	994338	2239	0.53461358082799415036845402937615
372	1002422	2259	0.53413768130778838116867746066418
375	1010506	2276	0.5336663398933938484702821369865
378	1018590	2292	0.53319973896882477681913314881967
381	1026674	2312	0.53273761184688783743013118510135
384	1034758	2329	0.5322799866582480499133112061827
387	1042842	2346	0.53182668082935635744945557235042
390	1050926	2365	0.53137773719233061253675032276078
393	1059010	2385	0.53093301915332002938185951279593
396	1067094	2402	0.53049235533679961474007313881884
399	1075178	2419	0.53005593399766448570176180510316
402	1083262	2439	0.52962344856616572208451998449164
405	1091347	2456	0.52919480279857855631320262546069
408	1099431	2473	0.52876998883025494446741276988178
411	1107515	2493	0.52834904693917550400072968841414
414	1115599	2512	0.52793178993333533810528024332598
417	1123683	2529	0.52751815146701874770229778732755
420	1131767	2546	0.52710819643813289214762107803836
423	1139851	2566	0.52670169296887436871656973380595
426	1147935	2582	0.52629878392153872646019863168476
429	1156019	2599	0.52589930773408866127027749826084
432	1164103	2619	0.52550314370349082704336751703522
435	1172187	2639	0.5251103152033440579771195189096
438	1180271	2655	0.52472064125636475040437289862894
441	1188355	2672	0.5243342492719343939100440366019
444	1196439	2692	0.52395098452834953928203276518616
447	1204523	2709	0.52357085072463471764336873093271
450	1212607	2726	0.52319367382049652981379495031433
453	1220691	2745	0.52281954024385213219972001752467
456	1228775	2765	0.52244831556565685115600672361325
459	1236859	2782	0.52207992426414850939409006969072
462	1244944	2799	0.52171447249519020683550252215355
465	1253028	2818	0.52135176266452187832101117237471
468	1261112	2838	0.52099184613931426302002591910423
471	1269196	2855	0.52063462163853890807274638063973
474	1277280	2874	0.52028003184065629849186507271952
477	1285364	2894	0.51992811686331530385274390937411
480	1293448	2911	0.51957874097061940155128922924632
483	1301532	2928	0.51923186258016462701903037668671
486	1309617	2948	0.5188874976891064694228816733812
489	1317701	2967	0.5185456375701670284072974936862
492	1325785	2984	0.51820608778123855575614697954734
495	1333869	3004	0.51786894914462100469876304487116
498	1341953	3023	0.51753421992154191588753064934281
501	1350037	3040	0.51720176757646951770652776758652
504	1358121	3057	0.51687162626529292719368413600023
507	1366205	3077	0.51654370297905582987141315243207
510	1374289	3097	0.51621798565326038055189883380081
513	1382373	3113	0.51589431281409769969314993431908
516	1390457	3133	0.51557286023941617525423453116673
519	1398541	3152	0.5152535108332416680099186123698
522	1406626	3169	0.51493622781846015712403641373385
525	1414710	3186	0.51462103194794939220457763440209
528	1422794	3206	0.51430780954053090248123680794379
531	1430878	3225	0.51399657034066215111067776888376
534	1438962	3242	0.51368732743566725140738071786473
537	1447046	3262	0.51337997036958038510334745296859
540	1455130	3282	0.51307446673159917693851639342029
543	1463214	3299	0.51277080809375941150562994153006
546	1471298	3315	0.51246902312982345328862265887437
549	1479382	3335	0.51216902553850940371660271921428
552	1487466	3354	0.51187090392796841253897355272784
555	1495550	3371	0.51157446701258824095503996431944
558	1503634	3391	0.51127977283836512079062686098041
561	1511718	3411	0.51098672275476397786064808315132
564	1519802	3428	0.51069543493264557554311977582984
567	1527886	3445	0.510405786372706393727582963038
570	1535970	3465	0.51011779291605108266338675093721
573	1544054	3484	0.50983140303197926890277358324965
576	1552138	3501	0.5095466122415474030660220705613
579	1560223	3521	0.50926335725760007999696199476602
582	1568307	3540	0.50898166092815055883136210468365
585	1576391	3557	0.50870149839561884519412160443608
588	1584475	3574	0.5084228078391835881078009151679
591	1592559	3593	0.50814566166684038694967284754966
594	1600643	3613	0.50786995731720951940957320402958
597	1608727	3630	0.5075956994551182877017936334596
600	1616811	3647	0.50732287663764719098935529473238
603	1624895	3666	0.50705144006347402374501598387724
606	1632979	3683	0.50678138308259113031795095594134
609	1641063	3700	0.50651269055375502947669019704335
612	1649147	3720	0.50624533231317858650299967848696
615	1657231	3740	0.50597933462141231331088420120068
618	1665315	3756	0.50571465307391272325787667796249
621	1673399	3773	0.50545122112636620137493537185946
624	1681483	3793	0.50518913633690387676722366450122
627	1689567	3809	0.50492828565466640888814708887367
630	1697651	3826	0.50466868014011401211149632217712
633	1705735	3846	0.50441034649682159329842079387163
636	1713820	3866	0.50415321707326476996513520134613
639	1721904	3882	0.50389726210018404017887405643705
642	1729988	3903	0.50364254373142058884837979348958
645	1738072	3922	0.50338893845961074635653176301275
648	1746156	3940	0.50313648996624404929889351478778
651	1754240	3956	0.50288521358344862033362687725457
654	1762324	3976	0.50263506447391448350714426851482
657	1770408	3993	0.50238604460656244299343597958796
660	1778492	4009	0.50213810995876839715634787353338
663	1786576	4029	0.50189128347178957323393433398451
666	1794660	4049	0.50164550444957733965622992400313
669	1802744	4066	0.50140081967020411202184959620354
672	1810828	4082	0.50115716875712412736731948825764
675	1818912	4102	0.50091459021521544947574966499815
678	1826996	4119	0.50067299993646841027583604954998
681	1835080	4136	0.50043249350842322620280810951954
684	1843164	4155	0.50019297878365653886589825560804
687	1851248	4175	0.49995442454896787953799730530591
690	1859332	4192	0.49971688128794422567580113536678
693	1867416	4209	0.49948029034249297186676130877458
696	1875501	4228	0.49924464510374161330119591184484
699	1883585	4245	0.49900992979396624482646416254283
702	1891669	4262	0.49877613126425418554887869504455
705	1899753	4282	0.49854326276704236109438284074713
708	1907837	4301	0.49831133938071653366463920065144
711	1915921	4318	0.4980803233188322298730099646491
714	1924005	4335	0.49785018004953368597753637914138
717	1932089	4355	0.49762093036767618414728531206492
720	1940173	4372	0.49739258304712474778597197655472
723	1948257	4388	0.49716511439483224155111429354292
726	1956341	4408	0.49693850589166094211535096292209
729	1964425	4428	0.49671271938291039482749056332977
732	1972509	4445	0.49648781617221848794230254497961
735	1980593	4461	0.49626374190392025242957174668845
738	1988677	4481	0.49604048822298518750528728560312
741	1996761	4498	0.49581805667337686127638107791427
744	2004845	4515	0.49559640655476105974841516399465
747	2012929	4534	0.4953755777303371354847172369773
750	2021013	4554	0.49515554681248691304418230174633
753	2029098	4571	0.49493626074780072698899857641663
756	2037182	4588	0.49471778963590540278971730003832
759	2045266	4608	0.49450006603318641396072052884847
762	2053350	4627	0.49428311471005176302995209880464
765	2061434	4645	0.49406692729873746827706781914458
768	2069518	4664	0.49385146730192214237220582617738
771	2077602	4684	0.49363676894875535561268975470739
774	2085686	4701	0.49342277316031379896799080597702
777	2093770	4718	0.49320952769730957987448505264183
780	2101854	4738	0.49299697738548647896195120665652
783	2109938	4755	0.49278512336239310709373739882722
786	2118022	4772	0.49257398922687739561965258872078
789	2126106	4792	0.49236355740670478819964728245395
792	2134190	4811	0.49215382811439212229487338845502
795	2142274	4828	0.49194480047716432347115755874256
798	2150358	4845	0.49173643913033276975355079230212
801	2158442	4865	0.49152874736450230530593330513511
804	2166526	4882	0.49132172516839600628912876345566
807	2174610	4898	0.49111536158769109050581391784362
810	2182695	4918	0.49090966290047821640740721704788
813	2190779	4937	0.49070461649603452913837031701405
816	2198863	4954	0.4905001831451534788364199357602
819	2206947	4971	0.49029641489402747689396733221656
822	2215031	4991	0.49009327879732877963903092677356
825	2223115	5008	0.48989075580866608961017050205555
828	2231199	5025	0.48968885289349650680179593109642
831	2239283	5044	0.48948759912828160301145885568985
834	2247367	5064	0.4892869782191979766139411367476
837	2255451	5081	0.48908694180515555061106169887353
840	2263535	5098	0.4888874959644909923284217256878
843	2271619	5118	0.48868863331480283385133134288481
846	2279703	5138	0.48849040279596983582521829703182
849	2287787	5155	0.48829272944308638182420168050157
852	2295871	5174	0.48809565313056912927436314930674
855	2303955	5194	0.48789913562965359083989369537449
858	2312039	5211	0.48770322518473641082437097793445
861	2320123	5228	0.48750786152250896732240903475031
864	2328207	5248	0.48731306847840633045265690270753
867	2336292	5267	0.48711884949802913835625872707169
870	2344376	5284	0.48692518668918227664477171856561
873	2352460	5303	0.4867320846583053084444259184238
876	2360544	5323	0.4865395132987179738215388624667
879	2368628	5340	0.48634748752184397968534312894917
882	2376712	5357	0.48615602759532017262955605474417
885	2384796	5376	0.4859650830283696598677067868266
888	2392880	5396	0.48577465959810123274920101721364
891	2400964	5413	0.48558477506909886178831925462873
894	2409048	5430	0.48539540901272765216489801787247
897	2417132	5449	0.48520656959771440996931346489873
900	2425216	5469	0.48501824912636304354407457140042
