0	0	0	0.6931471805595997848215006342798
3	8157	33	0.6900153337068448688995658812928
6	16315	73	0.68694536516807946924245698028244
9	24473	112	0.68393514295715263084929347314755
12	32631	145	0.68098429778714197890820969405468
15	40789	179	0.67809125962714078550419571911334
18	48947	218	0.67525437443564784167904235800961
21	57104	252	0.67247279047378716310134905143059
24	65262	286	0.66974516475722634112344167078845
27	73420	326	0.66707044019171313209426443791017
30	81578	365	0.66444701083861501533789351015002
33	89736	399	0.66187418875194103939918477408355
36	97894	432	0.65935061729658261953090914175846
39	106052	471	0.6568756772823794998217294960341
42	114209	512	0.65444792264090245748064944564248
45	122367	545	0.65206644023202442461695227393648
48	130525	585	0.6497302445447571406234033020155
51	138683	624	0.64743765318290880106388840431464
54	146841	658	0.6451888896044627452752706631145
57	154999	691	0.64298202246689617478381251203245
60	163157	730	0.64081691258079731543517709724256
63	171314	769	0.63869211690224370059354441764299
66	179472	802	0.63660665508021241354441599469283
69	187630	842	0.63456010885921509956375530236983
72	195788	881	0.63255159858076492884748631695402
75	203946	914	0.63057986321298975518345741875237
78	212104	948	0.62864440967577661645293574110838
81	220262	987	0.62674434028532477469752848264761
84	228419	1026	0.62487878963139975585505681010545
87	236577	1060	0.62304709658615575751383630631608
90	244735	1094	0.6212484948366067127878409337427
93	252893	1133	0.61948219272569837734465636458481
96	261051	1166	0.6177474313022386365190641299705
99	269209	1200	0.61604385620422164038245682604611
102	277366	1240	0.61437099536573991365173696976854
105	285524	1279	0.61272736170514019438115838056547
108	293682	1313	0.61111262543429023530450194812147
111	301840	1347	0.60952604963533763005045784666436
114	309998	1377	0.60796765198908786498321887847851
117	318156	1411	0.60643589928519836540488086029654
120	326314	1445	0.60493113958757038783886628152686
123	334471	1492	0.6034521832487568238079234106408
126	342629	1540	0.60199850081930317280409781233175
129	350787	1580	0.60056992545607190692180665791966
132	358945	1614	0.59916541136292955638253943106974
135	367103	1648	0.59778448231452008254649399532354
138	375261	1688	0.59642691189243413063536536355969
141	383419	1728	0.59509217985666362782382066143327
144	391576	1762	0.59377977083332067476106885806075
147	399734	1796	0.59248915250234224227909862747765
150	407892	1835	0.59121966113564039524419513327302
153	416050	1868	0.58997107136743454081084792051115
156	424208	1902	0.58874272277055450519611667914432
159	432366	1941	0.58753431135746503333194823426311
162	440524	1981	0.58634553720674609245122610445833
165	448681	2015	0.58517588451390190051881745603168
168	456839	2051	0.58402498175226480459087952112895
171	464997	2090	0.58289239511472701327221557221492
174	473155	2124	0.58177783276670735901348052721005
177	481313	2158	0.58068081078314781606763972376939
180	489471	2199	0.57960074222356150475121694398695
183	497628	2238	0.57853749387253483593696046227706
186	505786	2272	0.57749072749114960245719885278959
189	513944	2312	0.57645999776621825727573877884424
192	522102	2351	0.57544493949726749359996347266133
195	530260	2385	0.5744454356811032891272361666779
198	538418	2419	0.57346096264995116698059973714408
201	546576	2459	0.57249120745687542832769167944207
204	554733	2493	0.57153613990564899882684812837397
207	562891	2527	0.57059519292913374322040453989757
210	571049	2566	0.56966808203579533120830546977231
213	579207	2606	0.56875461494728285494204556016484
216	587365	2639	0.5678544489128322103610457816103
219	595523	2673	0.56696717557887432725749476958299
222	603681	2712	0.56609279778989507470043918146985
225	611838	2746	0.56523085919497106921483009500662
228	619996	2780	0.56438111418095171512021579474094
231	628154	2820	0.56354333031152448185707726224791
234	636312	2860	0.56271741210177317338292368731345
237	644470	2894	0.5619029471956917820563148779911
240	652628	2927	0.56109962964444404232011720523587
243	660786	2957	0.56030751455235960900580494126189
246	668943	2987	0.55952635803136374637034577972372
249	677101	3021	0.55875553675854272572820491404855
252	685259	3068	0.55799512085242930492512414275552
255	693417	3115	0.55724489543572863770037884023623
258	701575	3154	0.55650472100241488160321523537277
261	709733	3194	0.55577412286867100554843545978656
264	717890	3228	0.55505332292036690944314614171162
267	726048	3267	0.55434184081516091335828377850703
270	734206	3306	0.55363949776547149994598839839455
273	742364	3340	0.55294621887225647860475419292925
276	750522	3373	0.55226169210963838018813021335518
279	758680	3403	0.55158601115101379974703377229162
282	766838	3433	0.55091869648688696070593096010271
285	774995	3466	0.55025980218665160315083539899206
288	783153	3500	0.54960905466771070582154834482935
291	791311	3546	0.54896620179955601948051935323747
294	799469	3586	0.54833121694331332651728416749393
297	807627	3626	0.54770387729334080173515530987061
300	815785	3660	0.54708415644721131165795213746605
303	823943	3700	0.54647172226723583765561897962471
306	832100	3739	0.54586663981040206561345939917373
309	840258	3773	0.54526861651375468920122102645109
312	848416	3807	0.54467763907538568890487340468098
315	856574	3846	0.54409342108064306930970133180381
318	864732	3881	0.54351602113770292046268650665297
321	872890	3914	0.54294520844099947165517505709431
324	881048	3954	0.54238085775761479823131594457664
327	889205	3994	0.54182279533818533678868334391154
330	897363	4028	0.54127107749678771142498590052128
333	905521	4062	0.5407253287289530696568817802472
336	913679	4102	0.5401855757169650162907714729954
339	921837	4136	0.53965180019786029852468800527276
342	929995	4171	0.53912380223276368251816847987357
345	938152	4211	0.53860143975346719269481354785967
348	946310	4251	0.53808453808876444135478323005373
351	954468	4285	0.53757309776174466708908994405647
354	962626	4319	0.53706698277964870502643179861479
357	970784	4359	0.53656613358131299840181327454047
360	978942	4393	0.5360703814116789533983364890446
363	987100	4427	0.53557978145303641870356159415678
366	995257	4467	0.53509417839837369879063544431119
369	1003415	4507	0.53461335780399366068849076327751
372	1011573	4541	0.53413733883462777285444644803647
375	1019731	4581	0.5336661198132905958857463701861
378	1027889	4620	0.53319950646351754741658623970579
381	1036047	4654	0.53273741179962397218616843019845
384	1044205	4689	0.53227978594340674689533443597611
387	1052362	4728	0.53182654723242173133712640265003
390	1060520	4762	0.53137756321056761610321927946643
393	1068678	4796	0.53093281783101398119129044061992
396	1076836	4836	0.53049216057327641671292894898215
399	1084994	4875	0.53005563918626774633224840727053
402	1093152	4909	0.52962307842728095774731400524615
405	1101310	4943	0.52919446381642143428791769110831
408	1109467	4983	0.52876968833440174400095656892518
411	1117625	5017	0.5283486713904486098414281514124
414	1125783	5051	0.52793139458841420452728243617457
417	1133941	5091	0.52751781557114452159140682852012
420	1142099	5130	0.52710781548100471560758251143852
423	1150257	5164	0.52670137003184014368173393449979
426	1158414	5204	0.5262984182108392250398765099817
429	1166572	5244	0.52589889450832461026408282123157
432	1174730	5279	0.52550267962432872792533089523204
435	1182888	5313	0.52510984515715308784677972653299
438	1191046	5352	0.52472030466386332392403346602805
441	1199204	5388	0.52433383660454857544408469038899
444	1207362	5422	0.52395056178972931881787644670112
447	1215519	5461	0.52357033882304371275040466571227
450	1223677	5501	0.52319320286026582689231645417749
453	1231835	5535	0.52281905891028124244712671497837
456	1239993	5569	0.52244784175691305616595627725474
459	1248151	5609	0.52207950157168370175497784657637
462	1256309	5643	0.52171402900404351132834790405468
465	1264467	5677	0.52135125674552962315999593556626
468	1272624	5717	0.52099134242179678810913401321159
471	1280782	5756	0.52063406743251838815211840483244
474	1288940	5790	0.52027948898615417050450560054742
477	1297098	5824	0.51992755415464020352089846710442
480	1305256	5863	0.51957820791748687838662590365857
483	1313414	5897	0.51923132970530316843138507465483
486	1321572	5931	0.51888699108826807915306744689588
489	1329729	5970	0.51854513076815667016461475213873
492	1337887	6010	0.5182056755631553324192850595864
495	1346045	6043	0.517868581830727481296605674288
498	1354203	6077	0.51753379765737861362140392884612
501	1362361	6117	0.51720140610608189568608850095188
504	1370519	6151	0.5168711998520936212742071802495
507	1378676	6186	0.51654330231506417892006766123814
510	1386834	6226	0.51621760694761309462563758643228
513	1394992	6266	0.51589401986211147477234817415592
516	1403150	6301	0.51557259182773562677937206899514
519	1411308	6331	0.51525322254100336394344594737049
522	1419466	6361	0.51493598807559648466991575332941
525	1427624	6394	0.51462074929277168422458998975344
528	1435781	6429	0.51430755890284185483096734969877
531	1443939	6476	0.51399628914684958314040841287351
534	1452097	6515	0.51368700450458260053920866994304
537	1460255	6554	0.51337960572587504337604968895903
540	1468413	6587	0.5130740715970966148162801800936
543	1476571	6621	0.51277043541465616716124031881918
546	1484729	6660	0.51246868765771591558433328827959
549	1492886	6699	0.5121686724543289548350344375649
552	1501044	6733	0.51187051032535690886504653462907
555	1509202	6763	0.51157408445838992161469604980084
558	1517360	6792	0.51127937651916410821684166876366
561	1525518	6825	0.51098636795357488260549416736467
564	1533676	6859	0.51069507889815546342049401573604
567	1541834	6889	0.51040545969913730939282459075912
570	1549991	6918	0.51011743533781372939017728640465
573	1558149	6952	0.50983103389184314391258112664218
576	1566307	6986	0.50954622728554221922081524098758
579	1574465	7033	0.5092629948392494165787525162159
582	1582623	7073	0.50898130373219918620719681712217
585	1590781	7107	0.50870113543237205355751484603388
588	1598938	7142	0.50842245480915748689909605673165
591	1607096	7182	0.50814526398860282441205526993144
594	1615254	7221	0.50786953623293984438902270994731
597	1623412	7256	0.50759527402769000214988182051457
600	1631570	7289	0.50732245926931440749285684432834
603	1639728	7329	0.50705100658574508987186391095747
606	1647886	7363	0.50678095696358704813633266894612
609	1656043	7397	0.50651230334350383355257463335874
612	1664201	7438	0.50624497437179283299002463536453
615	1672359	7477	0.50597898782446448784355652605882
618	1680517	7511	0.50571429144756874229926779662492
621	1688675	7551	0.50545091173504952397621536874794
624	1696833	7591	0.50518883447553708521127191488631
627	1704991	7626	0.50492798162701857389578208312741
630	1713148	7659	0.50466840322862771550660454522585
633	1721306	7700	0.50441006638536012296469834836898
636	1729464	7734	0.5041529315102249997337935383257
639	1737622	7767	0.50389698433336804761495386628667
642	1745780	7807	0.50364223572664401640253117875545
645	1753938	7847	0.50338865522253939399632827189635
648	1762096	7881	0.50313624001176648903310706373304
651	1770253	7921	0.50288498170616546811828584395698
654	1778411	7960	0.50263481821115973957603273447603
657	1786569	7994	0.50238582502669737461786780841067
660	1794727	8028	0.50213791971150090187592240908998
663	1802885	8068	0.5018910885941844091107100211957
666	1811043	8108	0.50164533171701197744596356642433
669	1819200	8142	0.50140064674155904178576292906655
672	1827358	8182	0.50115702035795239854820692926296
675	1835516	8222	0.50091444184785105520063552830834
678	1843674	8256	0.50067288234801876622981353648356
681	1851832	8290	0.50043232869779408211741156264907
684	1859990	8330	0.50019280253348774589738923168625
687	1868148	8364	0.49995423354026297113605892263877
690	1876305	8398	0.4997166842079906468043759559805
693	1884463	8437	0.4994801079501004492655624744657
696	1892621	8476	0.499244449083748764728341029695
699	1900779	8510	0.49900973705993706408534649199282
702	1908937	8544	0.4987759765992419436209104333102
705	1917095	8574	0.49854314680286021532751306040154
708	1925253	8604	0.49831122563137780767661411118752
711	1933410	8638	0.49808019560879573939260467341228
714	1941568	8685	0.49785009010532932371972947294125
717	1949726	8732	0.49762087720206138463652223435929
720	1957884	8772	0.49739251596156996981790143763646
723	1966042	8811	0.49716503604145451111762099571934
726	1974200	8845	0.49693841040694042288095033654827
729	1982358	8885	0.4967126364285423534283836488612
732	1990515	8924	0.49648776440941194687539450569602
735	1998673	8958	0.49626366710817526595178605930414
738	2006831	8991	0.49604040334771237752420347533189
741	2014989	9031	0.4958179623165900329340161079017
744	2023147	9070	0.49559631388592012557481325529807
747	2031305	9104	0.49537548616449694760532906911976
750	2039463	9144	0.49515544399876620929035198059864
753	2047620	9183	0.49493617828425989779717042438278
756	2055778	9217	0.49471769146039845654883038150729
759	2063936	9251	0.49449996021868758422357359449961
762	2072094	9281	0.49428302073030105923123755928827
765	2080252	9310	0.49406681438807614759056718867214
768	2088410	9344	0.49385133354419913365163097296318
771	2096567	9378	0.49363662893193166469885113656346
774	2104725	9425	0.49342262800489167240414190018782
777	2112883	9465	0.4932093664836312285615349537693
780	2121041	9504	0.49299682199157579542969642716344
783	2129199	9539	0.49278500300429839420246480585774
786	2137357	9568	0.49257387788158280006456379851443
789	2145515	9598	0.4923634480418351277997146553389
792	2153672	9632	0.49215372322741596233797167769808
795	2161830	9666	0.49194466116292462354309122929408
798	2169988	9715	0.49173630673543072822084809558874
801	2178147	9762	0.49152860863062369789489025606599
804	2186305	9802	0.49132157071356247213245183047547
807	2194463	9837	0.4911152147806996937084988985589
810	2202621	9871	0.49090949545181000734928034034965
813	2210778	9910	0.49070444350685621381913392724528
816	2218936	9950	0.49050002802534364843012326673488
819	2227094	9984	0.49029624338428534624512167283683
822	2235252	10023	0.49009310959532298435092911859101
825	2243410	10063	0.48989061322922095031984213164833
828	2251568	10097	0.48968872517260531029847925310605
831	2259725	10131	0.48948745405792931650879040716973
834	2267883	10171	0.48928679195711366478604986696155
837	2276041	10211	0.48908674410696933998465851800574
840	2284199	10245	0.48888729572971723058572024456225
843	2292357	10284	0.48868845749202266537380978661531
846	2300515	10324	0.48849020049484515038074050607975
849	2308673	10358	0.48829256238329316053281559106836
852	2316830	10392	0.48809547399942132539507610999863
855	2324988	10431	0.48789897729310782725775652579614
858	2333146	10470	0.4877030554932276773527632940386
861	2341304	10504	0.48750770682199645600363169251068
864	2349462	10544	0.48731291702834667045607375257532
867	2357620	10583	0.48711868695919113836367841940955
870	2365778	10617	0.48692501831506068699084721629333
873	2373935	10651	0.48673189505041286606612516152381
876	2382093	10690	0.4865393224718718157006946967158
879	2390251	10725	0.48634729228775369636039727083698
882	2398409	10759	0.48615580541647934742499614912958
885	2406567	10799	0.48596485317711801688034256585524
888	2414725	10839	0.48577443309996676257256353892444
891	2422883	10872	0.48558455370070446877051040246442
894	2431040	10906	0.48539519741102171712654467228276
897	2439198	10946	0.485206361066254698855004789948
900	2447356	10986	0.48501804325238001558417977321369
