0	0.35446713959466630283756671815354
1	0.16558540510613278806673065446375
2	0.12777985714180445375731665080821
3	0.10369115771408016213328551202721
4	0.086088901472779422174852470561746
5	0.073439321706523619237572120255209
6	0.064018613268178981012823669516365
7	0.056477704390640037779292015329702
8	0.050335923135533255923235174122965
9	0.045479512001209421168113067324157
10	0.041460932458985688686681214676355
11	0.038232628741330598742820257029962
12	0.035400937491943895718549129014718
13	0.033132331714538998390651158842957
14	0.030726389860223357608504102245206
15	0.028786922609530751770989809301682
16	0.026895245186421612437754902202869
17	0.025331634995135465793225648667431
18	0.02375300250722067740838383542723
19	0.022330249801840507117844936146867
20	0.021057237928416183692092999990564
21	0.019932741884309879143444277360686
22	0.01900429389222696441308357861999
23	0.018159103651830599268635069165612
24	0.01719056143458330687678881076863
25	0.016413565542030605914902707809233
26	0.015547806344060555172603699247702
27	0.01486658793036782499896730769251
28	0.014107734340265076777853892053827
29	0.013384419131539981862033528159373
30	0.012727141992805557357826273801038
31	0.012133992282870598167221487528877
32	0.011703878611631579609309028455755
33	0.011236568805589153274837599383318
34	0.010718720064153253179739522238378
35	0.010315256199821931648585859875311
36	0.0098111333729686278637416307901731
37	0.0094450615060281961632426828145981
38	0.0089973222753614856550541389879072
39	0.0085577071308897134649384952354012
40	0.008161126336964752425728875095956
41	0.0078015885572537135850268441572553
42	0.0075756151288687290090706483169924
43	0.0072775218201990288235947446082719
44	0.0069643556198282219327211350901052
45	0.0067313372716196750999984033114742
46	0.0064036654346689148020743687084178
47	0.0061890660590573909338729663431877
48	0.0058942202654358455404803862620611
49	0.0056043256796703411204418898705626
50	0.0053454031417382030788587599090533
51	0.0051096312165396784443771593942074
52	0.0049845343702175082256644600420259
53	0.0047774873930809813593612034310354
54	0.0045740741837822507243060954351677
55	0.0044331106151531685100053437054157
56	0.004201484275099753862292573103332
57	0.0040709032134326750274055939371465
58	0.0038625862497869700717956220614724
59	0.0036588133226427843602834855118999
60	0.0034801297672411579675610937556485
61	0.0033172077866091553843830297410022
62	0.0032485034114168032104430494655389
63	0.0030952175061184639126565798505908
64	0.0029555410609168331070861768239411
65	0.0028674213085720934302003115590196
66	0.002694900305769853954274140050984
67	0.002614458245577044870344707305776
68	0.0024591111339303806104794603015762
69	0.0023096215901637906497967378527392
70	0.0021802354974910786999942047259538
71	0.002062871413235911610684070183197
72	0.002029682213710581883958639082266
73	0.0019099353547716302337278193590464
74	0.0018094313275355822234757852129405
75	0.0017541656663893623324668169516372
76	0.0016200307086179921434165862592636
77	0.0015721744618554800432264073606348
78	0.0014509277990806812574930972914444
79	0.0013361319784103709018552308407379
80	0.0012399279350494563090023802942596
81	0.0011522993104475243164586117927684
82	0.0011377579814487726039828885404859
83	0.0010431143933785080868403838394443
84	0.00096892641631696196924394826055504
85	0.00093774553555908690682940687111113
86	0.00082634233387357536315676043159328
87	0.000800977034500938156469374007429
88	0.00070243511863171681497419740480836
89	0.00061172008469273508879382461600471
90	0.00053772870182233756253253886825405
91	0.00047073074033998629772668209625408
92	0.00046953325802678858025274166720919
93	0.0003920529600751065935071437706938
94	0.00033524906295995249294605855538975
95	0.00031972767417376424248232069658116
96	0.00022553426053278924356959578290116
97	0.00021606422621389675953196274349466
98	0.00013354149419769756335085730825085
99	5.8609563511502482668902302975766e-05
100	8.0492938875353914340848859865218e-07
