0	0.34187883233180643705040324675792
1	0.15450395802004207590485407308734
2	0.11530542796807558003635563181888
3	0.090384361102147203759216154139722
4	0.072788188930897945727593878473272
5	0.060515828252182823909777198423399
6	0.051357436703372116859611651307205
7	0.043880515338577896766736330391723
8	0.037935040878451065093912575321156
9	0.032989696607189311627905681234552
10	0.02905345854419355555720017036947
11	0.025886964987546834393583594646771
12	0.022886982605050509853583662334131
13	0.020294342562263256724008897435851
14	0.017937154682202860467299387892126
15	0.015948632983306343380291991707054
16	0.014330954144131713423604423951474
17	0.012680936004729970179027986887377
18	0.011183325786914166677377124869963
19	0.009765326975628318972866281910683
20	0.0085148340455868942733275162026985
21	0.00752067674116785322979694683454
22	0.0064629827626728753031670748896431
23	0.0054702756343795178040068094560411
24	0.0045041706267039960387421615450876
25	0.0036317143767773951701371970557375
26	0.0029537563468209904193884085543687
27	0.0022162997071032974893967093521496
28	0.0015071994328801907592207953712204
29	0.00080237444594122298013871841249056
30	0.00015847723925632717367761870264076
