0	0	0	0.6931471805595997848215006342798
3	8010	0	0.5232164388867029947149944746343
6	16021	2	0.49639324307405874314724769647
9	24031	2	0.47456135044351921425942464338732
12	32042	3	0.45784319522469835161970763692807
15	40052	4	0.44465891007203101059630512281728
18	48063	6	0.43396914819959359066459114728787
21	56073	7	0.4250152530814707563244780885725
24	64084	7	0.41746749236928948345592971236329
27	72094	8	0.41125283765746517561368023052637
30	80105	9	0.40586875017964568757022902900644
33	88116	10	0.40126968890235115150488809376839
36	96126	12	0.39722431510148847877417210838757
39	104137	13	0.39368453811740000691798968546209
42	112147	14	0.39061033271278983169949583498237
45	120158	15	0.38782497269550270102556055462628
48	128168	16	0.38518963271663653191723142299452
51	136179	17	0.38290380791449196706821567204315
54	144189	18	0.38099256420914445753211907685909
57	152200	19	0.37920865924707153338246712337423
60	160211	20	0.37740653404382273894412946901866
63	168221	21	0.37575073204931630499459060956724
66	176232	22	0.37421906216736383621324080195336
69	184242	23	0.3727906797491596369020783185988
72	192253	24	0.37150662894621527820859796520381
75	200263	25	0.37027950141912596704329985186632
78	208274	26	0.36918430483643666084603296440037
81	216284	27	0.36819754609827809455069314026332
84	224295	28	0.36715760395604762900134687697573
87	232306	29	0.36620004919821824707071300508687
90	240316	30	0.36532884350145189422676139656687
93	248327	31	0.36443557110882884852998131464119
96	256337	32	0.36360098312503585926691584973014
99	264348	33	0.36280193323998788379469715437153
102	272358	34	0.3620362398359638911315983023087
105	280369	35	0.36131825830164898682994589762529
108	288379	36	0.36058073166923976238251725590089
111	296390	37	0.35988839005714806651425874406414
114	304400	38	0.35933537640785545574928505629941
117	312411	39	0.35876335179046814349845817559981
120	320422	40	0.35825539070046663603363867878215
123	328432	41	0.35772793171666134037778306264954
126	336443	42	0.35723856541237791750731389583962
129	344453	43	0.35670723373990836924107838967757
132	352464	43	0.35619461957833692400399172584002
135	360474	44	0.35570043144569823967415800325398
138	368485	45	0.35524062213015417110995031180209
141	376495	47	0.3548111465854105750494795756822
144	384506	48	0.35441609619127212305045304674422
147	392517	48	0.35400834746699533228664336093061
150	400527	49	0.35361733060408628848136913802591
153	408538	51	0.35321827638692138151554900105111
156	416548	52	0.35282170065970730465920723872841
159	424559	53	0.35247467632864681874593770771753
162	432569	54	0.35216565443267555668427348791738
165	440580	55	0.35182627461994198103667486066115
168	448590	56	0.35157095968985785372495911360602
171	456601	57	0.35121615756631369142937160177098
174	464612	58	0.3509518213638954109434564543335
177	472622	59	0.35066044438272797600930630324001
180	480633	60	0.35036688570079094207088132861827
183	488643	61	0.35012006730516631591854093130678
186	496654	62	0.34983398925588354844151695033361
189	504664	63	0.34958542480695226073450498915918
192	512675	64	0.34931938554466440693957451912866
195	520685	65	0.34901841517284365457030048673914
198	528696	66	0.34875763563995409999307639736799
201	536706	67	0.34846214202143205307393714065256
204	544717	68	0.34814940064974342348591562767979
207	552728	69	0.34794532792998505987824842122791
210	560738	70	0.34772947696991013399880898759875
213	568749	71	0.34751643657787734120745426480426
216	576759	72	0.34732751702303127361304291298438
219	584770	73	0.34709895185016326202287473279284
222	592780	74	0.34688416350317491376742395914334
225	600791	75	0.34672921828926034359952268459892
228	608801	76	0.34655080028699192240537740872242
231	616812	77	0.3463390492411703158737168450898
234	624823	78	0.34615775283418176444527603052848
237	632833	78	0.34598263452301825093826437296229
240	640844	79	0.3458310132996111896375168726081
243	648854	80	0.34566259876223237590409098629607
246	656865	82	0.34547903617822200983411562447145
249	664875	83	0.34532895407371294593801280825573
252	672886	84	0.34519400367392710782254994228424
255	680896	85	0.34509787759036597565298620793328
258	688907	86	0.34499246480149298177408923038456
261	696918	86	0.34483911885090973159506688716647
264	704928	87	0.34470544000272351770064460652065
267	712939	88	0.34455411635942967407686410297174
270	720949	89	0.34443851678509346259104972887144
273	728960	90	0.34433011309218108930707558101858
276	736970	91	0.34422558370393796511876871591085
279	744981	92	0.34410528750629171268471395706001
282	752991	93	0.34398014163056334080437181910384
285	761002	94	0.34386237259883090100487379459082
288	769012	95	0.34374893133728728900067039830901
291	777023	96	0.34359801702740372375544097849343
294	785034	97	0.34349838480293815035082616304862
297	793044	98	0.34339400648263479487454219452047
300	801055	99	0.34328759819889531623715583918965
303	809065	100	0.34320070617201925422534714016365
306	817076	101	0.34309409132362866934329304058338
309	825086	101	0.34299669423638823317901369591709
312	833097	102	0.34291197786374216782689927640604
315	841107	103	0.34283325593415059362456531744101
318	849118	104	0.34272829890920813999954930295644
321	857129	105	0.34262297987465034632137417247577
324	865139	106	0.34255321823836548666974977095379
327	873150	107	0.34246388785245002184254303756461
330	881160	108	0.34238280372642304616448427623254
333	889171	109	0.34230493530334221707889241770317
336	897181	110	0.34221588760518056870907344091393
339	905192	111	0.34212533502894887371681420518144
342	913202	112	0.34205907039260208257758222316625
345	921213	113	0.34198120760167571852150558697758
348	929224	114	0.34189162552898466618245265635778
351	937234	115	0.34181005816896947724359279163764
354	945245	116	0.34176018377835354344895790745795
357	953255	117	0.34165616847745072792719156495878
360	961266	118	0.34159364037392936364057050013798
363	969276	119	0.34152461604338363310162662855873
366	977287	120	0.34145789179290653159171142760897
369	985297	121	0.34137852246206212836199256344116
372	993308	122	0.34133154422420652895908688151394
375	1001319	122	0.34128431796939556752690236862691
378	1009329	123	0.34121901237897511727226174116367
381	1017340	124	0.34115397734071944979561408217705
384	1025350	125	0.34112164933763083896067769273941
387	1033361	126	0.34105854687909986644456239446299
390	1041371	127	0.34103269906818545198490255643264
393	1049382	128	0.3409462380655214897018367992132
396	1057392	129	0.34088289635565460766741807674407
399	1065403	130	0.34085176755256552105777245742502
402	1073413	131	0.34075922282530896056940150629089
405	1081424	132	0.34070534298650023696808375461842
408	1089435	133	0.34064862424197350776466919342056
411	1097445	134	0.34057198629535839762283444542845
414	1105456	135	0.34053675931060978232522984399111
417	1113466	136	0.34049213826811430827490312367445
420	1121477	137	0.34043370738252853868743841303512
423	1129487	138	0.3403893444817433500126924172946
426	1137498	139	0.34034680399655614646547974189161
429	1145508	140	0.34031975761330346408328750840155
432	1153519	140	0.34026877862901189208955088361108
435	1161530	141	0.34021437762001627280739057823666
438	1169540	142	0.34016161770012282028474714934418
441	1177551	143	0.34011516733483698748941037592886
444	1185561	144	0.34006075293197340903006420376187
447	1193572	145	0.34001897622003618426589355294709
450	1201582	146	0.3399809505568872625147491817188
453	1209593	147	0.33994263571060162609782651088608
456	1217603	148	0.33988966105260781658259361392993
459	1225614	149	0.33985654225135625283726881207258
462	1233625	150	0.33982988881669662362128292443231
465	1241635	151	0.33978087076635693497550505526306
468	1249646	152	0.33974706502938034624605734279612
471	1257656	153	0.33969533826839171108957771139103
474	1265667	154	0.33966527350824027298159535348532
477	1273677	155	0.33963188646763675659911996262963
480	1281688	156	0.33959196974746574948511579350452
483	1289698	157	0.33956466256540845938260986258683
486	1297709	158	0.33952172733029495343970438625547
489	1305719	158	0.33946812665863357327822313891375
492	1313730	159	0.33942965371342748159833035970223
495	1321741	160	0.33939440123248426628421725581575
498	1329751	161	0.33935213306090727947150753607275
501	1337762	162	0.33934038700515101183441402099561
504	1345772	163	0.33931843481273604723469361488242
507	1353783	164	0.33930218498595288156849392180447
510	1361793	165	0.33927497246023152754901275329757
513	1369804	166	0.33925152480790254916342973956489
516	1377814	167	0.33924182499216404274022806930589
519	1385825	168	0.33921662096261712138201005473093
522	1393836	169	0.33919092602130002100935257658421
525	1401846	170	0.33915017230768412792585309034621
528	1409857	171	0.3391210135158302385605111339828
531	1417867	172	0.33907867726641188754754807632708
534	1425878	173	0.33905443622052172658598578891542
537	1433888	174	0.33901012352028297991424210522382
540	1441899	175	0.338992747685793405221232887925
543	1449909	176	0.33893789330298768058824521176575
546	1457920	176	0.33890915757613637726564093100023
549	1465931	177	0.3388879826578988230245670365548
552	1473941	178	0.33887478003987547836572957749013
555	1481952	179	0.3388602897669441560424274939578
558	1489962	180	0.33882613830381891339982303179568
561	1497973	181	0.33879577428328827570780390487926
564	1505983	182	0.33878010621429666127113478069077
567	1513994	183	0.33876177126264706007674476495595
570	1522004	184	0.33874077485860076830448406326468
573	1530015	185	0.33871182831116458666897983675881
576	1538025	186	0.33870750951313483012583560594067
579	1546036	187	0.338692348225307915399184821581
582	1554047	188	0.33866834585371791144225994685257
585	1562057	189	0.33865995540930649010391562114819
588	1570068	190	0.33864278319951851559110878042702
591	1578078	191	0.33863018290499347084931969220634
594	1586089	192	0.3386064110126075776818765916687
597	1594099	193	0.33858668291212051792982151710021
600	1602110	194	0.33856145239400181612410278830794
603	1610120	195	0.33855841132937636306365902783
606	1618131	195	0.33853878663233799573006876926229
609	1626142	196	0.33849025791183129374672944322811
612	1634152	197	0.3384638737080791770495125092566
615	1642163	198	0.33844645266270001471298201067839
618	1650173	199	0.33842480413845638098635504320555
621	1658184	200	0.33842320727824631854119274976256
624	1666194	201	0.33840282221486406299959526222665
627	1674205	202	0.33837212861432830468544352697791
630	1682215	203	0.33835074820893096259055710106622
633	1690226	204	0.33833889657693072550159740785602
636	1698237	205	0.33832565639953138258988474262878
639	1706247	206	0.33831067525751806757128292701964
642	1714258	207	0.33830168640849789252200707778684
645	1722268	208	0.33828563785103865635406350520498
648	1730279	209	0.33826816228920397744417414287454
651	1738289	210	0.33825625942575582305593684395717
654	1746300	211	0.33822795693575474773595601618581
657	1754310	212	0.33821297035248154561060118794558
660	1762321	213	0.33823031624282529072900160826975
663	1770331	214	0.33819765349476116345073251068243
666	1778342	215	0.3382003016559290697884421206254
669	1786353	216	0.33817106944659347522730286073056
672	1794363	217	0.33816367505744110433241189639375
675	1802374	219	0.3381630514028857170671926724026
678	1810384	220	0.33813348876542992371696527698077
681	1818395	221	0.33811835156750508213363559661957
684	1826405	222	0.33810836996723880876203338630148
687	1834416	223	0.33808508525752739570791050027765
690	1842426	224	0.33807135611055660895374330721097
693	1850437	225	0.33804296565010849562327166495379
696	1858448	226	0.33802280644696242051239210013591
699	1866458	227	0.33801313142859917837412808694353
702	1874469	228	0.33800273971778077575223164785712
705	1882479	229	0.3380124084683074348056663893658
708	1890490	230	0.33802410374461694386738486173272
711	1898500	231	0.33798170159166690540430977307551
714	1906511	232	0.33796785981998000991666231129784
717	1914521	233	0.33796127261874991942747215034615
720	1922532	234	0.33794718021674396979392440698575
723	1930543	235	0.33792627089935256545771835590131
726	1938553	236	0.33791428965884495738691839505918
729	1946564	237	0.33792567225498654215343208306876
732	1954574	238	0.33788093040068784000951040979999
735	1962585	239	0.33787320076843940785948916527559
738	1970595	240	0.33785296246341250947509138313762
741	1978606	241	0.33784554016207773985414064554789
744	1986616	242	0.33783557477990422412972293386701
747	1994627	243	0.33782236359556916394097925149254
750	2002638	244	0.33782232422219105050231746645295
753	2010648	245	0.33780226756993608772106085780251
756	2018659	246	0.33779098036364724189084540739714
759	2026669	247	0.33779185936244088273028296498524
762	2034680	248	0.33778884184868301909787646764016
765	2042690	249	0.33776231634991560337510918543558
768	2050701	250	0.33774866949963361362208047466993
771	2058711	251	0.33773143675144423614398192512454
774	2066722	252	0.33772200816610686846530597904348
777	2074732	253	0.33772211103058014103339701250661
780	2082743	254	0.33770795850379614622127633083437
783	2090754	255	0.33770267899162204061624947826203
786	2098764	256	0.33769228945777618466905778404907
789	2106775	257	0.33768070606958044965750787014258
792	2114785	258	0.33766890453477971245632716090768
795	2122796	259	0.33766437989957170939803177134308
798	2130806	260	0.33765447398883619012366352762911
801	2138817	261	0.3376569197362862539968375585886
804	2146827	262	0.33764894752348989515056132404425
807	2154838	263	0.33763349230526035205102175495995
810	2162849	264	0.33762654529355318189232093573082
813	2170859	265	0.33761586366950979698486889901687
816	2178870	266	0.3376221837724822649740019642195
819	2186880	267	0.33760600748526647940650491364067
822	2194891	268	0.33758951508587892176294076307386
825	2202901	269	0.33757537532628784093802210009017
828	2210912	270	0.33758017369139015073642440256663
831	2218922	271	0.33755070816887272622253135523351
834	2226933	272	0.33754118803208416066397035137925
837	2234944	273	0.33754129139054578345735535549466
840	2242954	274	0.33753561821342209503526987646183
843	2250965	275	0.3375397921267365153319417458988
846	2258975	276	0.3375128638757622923094459110871
849	2266986	277	0.33750356873982140237799853821343
852	2274996	278	0.33749622056679901005438182437501
855	2283007	279	0.33749893206523501332227965576749
858	2291017	280	0.33749220555322323455982314044377
861	2299028	281	0.33749462766172938499309452708985
864	2307038	282	0.33748870496028959831136262437212
867	2315049	283	0.33748031575186882013994704720972
870	2323060	284	0.33746999039485997551324203413969
873	2331070	285	0.33745865164585048256995492010901
876	2339081	286	0.33744023713550991283582902724447
879	2347091	287	0.33742926094884262422368692568853
882	2355102	288	0.33742854788205356442176707787439
885	2363112	290	0.33742072125573852048319167806767
888	2371123	290	0.33741526454368492293767189948994
891	2379133	292	0.33740736784343894338888958372991
894	2387144	293	0.33741844944527776828380183360423
897	2395155	294	0.33740141529526496144697489398823
900	2403165	295	0.3373891189396241441222912271769
