0	0	0	0.6931471805595997848215006342798
3	1604	11	0.52341397381997123439134611544432
6	3209	23	0.4958684253430710731080921505054
9	4814	36	0.47457034314492874127466848221957
12	6420	48	0.45748102616286479005225373839494
15	8025	59	0.44439028441315020501178878475912
18	9630	71	0.43386607644769076275181873825204
21	11235	83	0.42493495636635880696729827832314
24	12840	95	0.41737940819016439153443798204535
27	14445	107	0.41098635596990323870514316695335
30	16050	119	0.40578726578065393848504527340992
33	17655	131	0.40133223474072488023978166893357
36	19260	144	0.39720242158250951280962226519478
39	20865	158	0.3936052759252989807770006791543
42	22470	171	0.39041568057687631165819652778737
45	24075	185	0.38766060035898886049210432247492
48	25680	199	0.38530288176130372823635639178974
51	27285	213	0.38295531185279607644389443521504
54	28890	226	0.38082321078289482763068463100353
57	30496	240	0.37880438876867422726135714583506
60	32101	254	0.37704362461586748977993011067156
63	33706	267	0.37553835233419680106337068536959
66	35310	279	0.37402789058470775618303605369874
69	36915	291	0.37259832546118026863624095312844
72	38521	303	0.37127639731796585609302496777673
75	40126	315	0.37004189849718771565534325418412
78	41731	327	0.36903483620471100312698808920686
81	43336	339	0.36794643763554740756305250215519
84	44941	351	0.36690649624149468399636475623993
87	46546	363	0.36592036611712469573731709715503
90	48151	375	0.36500614175895534918581120109593
93	49756	386	0.36426132364532620711017329995229
96	51361	399	0.3634510405969724744501547775144
99	52966	410	0.36263759821056440468822756884038
102	54571	420	0.3618695795361573375181762912689
105	56176	431	0.3612018185693325889040750098502
108	57781	442	0.36062570878574407018390957091469
111	59386	453	0.35999078682142393592613416331005
114	60991	464	0.3593551183463456477618080953107
117	62597	475	0.35873043924760050771283204085194
120	64202	486	0.35815700502364078428030325085274
123	65807	497	0.35770404182377646407076099421829
126	67411	508	0.35718788481242735866061366323265
129	69016	519	0.35667625056050611398461569478968
132	70622	530	0.35617351914230088727464362818864
135	72227	542	0.35570638282597577539689837067272
138	73832	554	0.35532132270807281759772422446986
141	75437	566	0.35491297541814231797374645793752
144	77042	578	0.35447447044963736884071181520994
147	78647	590	0.35402693225442866120644680449914
150	80252	602	0.35361032196957065121267760332557
153	81857	613	0.35328910460404322479988081795454
156	83462	625	0.3529412261263314976034166647878
159	85067	637	0.35256937363196799717357521330996
162	86672	649	0.35219600123895922205718989062007
165	88277	662	0.35187005498990769902789566003776
168	89882	673	0.35159796341000487673866814475332
171	91487	685	0.35129337786084152694954241269443
174	93092	696	0.3509828931662263284962932630151
177	94698	707	0.350656497384628451641219726298
180	96303	718	0.35036741199370430299708800703229
183	97908	729	0.35012652381985231997418850369286
186	99513	740	0.34988085495447385220302294328576
189	101117	751	0.34959123268559116892717497648846
192	102723	762	0.34931260128444080459431120289082
195	104328	773	0.34905066447579913280208074866096
198	105933	783	0.34884512070973161534936934913276
201	107538	794	0.348634591840764729298030033533
204	109143	806	0.34838126541235459043832634051796
207	110748	818	0.34812155724885313068384107282327
210	112353	830	0.34789583633044202093387298191374
213	113958	842	0.34772322308567582549443386596977
216	115563	854	0.34753342680927790109279840180534
219	117168	866	0.34732096433421905112837180240604
222	118773	878	0.34710648821925410567601488764922
225	120378	890	0.3469196264557863340627363868407
228	121983	902	0.34677146286013632581202159599343
231	123588	914	0.34659936942627400657812586359796
234	125193	926	0.34642172115898955953028348631051
237	126799	938	0.34622379835178873630496809710166
240	128404	954	0.34604423314771654007770962380164
243	130009	969	0.34591037884292941129160681157373
246	131614	985	0.34578084193912050903207955343532
249	133218	1001	0.3456338497649584229343133756629
252	134824	1017	0.34544417342931665881877734136651
255	136429	1033	0.34529111247406868434595139660814
258	138034	1048	0.34517626582331933926539591084293
261	139639	1064	0.34503340303129470534315714758122
264	141244	1079	0.34488743168247198989107005218102
267	142849	1093	0.34473377727790643909600021288497
270	144454	1106	0.34457669376397215277307850556099
273	146059	1120	0.34448506023124714214844743764843
276	147664	1134	0.34438612331390988652302098671498
279	149269	1147	0.34423979137475557710246221176931
282	150874	1161	0.34411161419941938000022219057428
285	152479	1174	0.34398879564275702813702650928462
288	154084	1188	0.3438863996693187763398213974142
291	155689	1201	0.34379329091803612072908435948193
294	157294	1215	0.3436755245908141853661277309584
297	158900	1227	0.34353839455139201231048673434998
300	160505	1239	0.34340887619348525738871558132814
303	162110	1251	0.34332533844580143123081938938412
306	163715	1262	0.34322787083729344725924192971434
309	165320	1274	0.34311649023227092092369616693759
312	166925	1286	0.34300288289683367182192341715563
315	168530	1298	0.34290210140280519279798454590491
318	170135	1310	0.3428406362836773912938781450066
321	171740	1322	0.34275683399024986508507595317496
324	173345	1334	0.34266748040467520652896382671315
327	174950	1346	0.34256509331956958019915759905416
330	176555	1357	0.34248434495705398772358307724062
333	178160	1368	0.34240746244176339940779030257545
336	179765	1379	0.34232540312193093789971953810891
339	181370	1390	0.34223083933827164182517321933119
342	182976	1401	0.34214130056521174783057404056308
345	184580	1412	0.34206046118805161215803423147008
348	186185	1422	0.34200378416643911760885998774029
351	187790	1433	0.34194581989321803927595055938582
354	189395	1444	0.34186374352148335420409352991555
357	191001	1455	0.34178448011460360600466401592712
360	192606	1466	0.34171026394344894416832403294393
363	194211	1477	0.34165430987870371026815519144293
366	195816	1489	0.34160366087020388459194464303437
369	197421	1501	0.34152767973585124172686278143374
372	199026	1513	0.34145471323500731219979797970154
375	200631	1525	0.34137918426158964102512527460931
378	202236	1537	0.34134619394538878722755725902971
381	203841	1549	0.34129291582260939952320200063696
384	205446	1561	0.34121932263110454908172641808051
387	207051	1573	0.3411550030863005900094719891058
390	208656	1584	0.34108848304707145571157411723107
393	210261	1597	0.34105393222399138508649230061565
396	211866	1609	0.34100197673221899208328977692872
399	213471	1624	0.34093934077062626464282857341459
402	215077	1642	0.34086782890790390254664998792578
405	216681	1658	0.34082115050019728963448528702429
408	218286	1674	0.34078046125562239110351470117166
411	219891	1690	0.34074493556965379514878122790833
414	221496	1706	0.34068416199138745747987400136481
417	223102	1722	0.34061150907027304413077217759565
420	224707	1738	0.34055827571711294599055008802679
423	226312	1754	0.34052546750574536060796049241617
426	227917	1767	0.34048227929189728291348160382768
429	229522	1782	0.3404250850983981946384915318049
432	231127	1796	0.34036832480180190252383454208029
435	232732	1810	0.34031808842914923474154420546256
438	234337	1823	0.34029369422197186523249001766089
441	235942	1837	0.34025614476904353367103794880677
444	237547	1851	0.34020186702466881367712403516634
447	239152	1864	0.34015524432352761685649511491647
450	240757	1879	0.34009930674026256358644104693667
453	242362	1893	0.34007657171845451227198964261333
456	243967	1905	0.34004835423228679802676310828247
459	245572	1917	0.33998405010373872192630528843438
462	247178	1929	0.33993989968449228600277933765028
465	248783	1942	0.33989749732168211826532910890819
468	250387	1953	0.33987691406646336478303283001878
471	251992	1967	0.33985082611148353937124966250849
474	253597	1978	0.33980015547744418791253906420025
477	255203	1991	0.33975260624203357240347145307169
480	256808	2003	0.33971625945916356092979526692943
483	258413	2015	0.3396941953076183517978847703489
486	260018	2028	0.33967562623783220665529825055273
489	261623	2042	0.33963372041733486117465190545772
492	263228	2056	0.33958367092367225392735008426826
495	264833	2070	0.33954566363582561194789377623238
498	266438	2083	0.33952809780831794128630463092122
501	268043	2097	0.33950838014434442380107270764711
504	269648	2111	0.33946586172636727951612556353211
507	271253	2125	0.33942349565896234864226244098973
510	272858	2139	0.33938899901754426835509548254777
513	274463	2153	0.3393637202999567614725151543098
516	276068	2167	0.33934708141506514378349379512656
519	277673	2179	0.33929285904943284890578070189804
522	279279	2191	0.33926116094775449205656059348257
525	280884	2203	0.33923042231500699639212825786672
528	282488	2215	0.33920698656174630425397253929987
531	284093	2228	0.33919466078529664221363759679662
534	285698	2240	0.33915035062806875298946351904306
537	287304	2252	0.33910909658225973917211604202748
540	288909	2264	0.3390780926266147576875198410562
543	290514	2276	0.33906642564312239329638032359071
546	292119	2288	0.33904416093653155783727015659679
549	293724	2300	0.33901114988193942201277764070255
552	295329	2311	0.33897396493019138485891517120763
555	296934	2322	0.33894478981474102097237732778012
558	298539	2334	0.33892903028604776105581208867079
561	300144	2345	0.33891755946714913205752850444696
564	301749	2356	0.33887939193281152450154536381888
567	303354	2367	0.33884546781468904974587985634571
570	304959	2378	0.33881595545923953727296407123504
573	306564	2389	0.33879529512338807384352890039736
576	308169	2400	0.33877900733249599607432855918887
579	309774	2410	0.33876396452880069842805710322864
582	311380	2421	0.33872421431578164652265172662737
585	312985	2432	0.33869820947838086278025571118633
588	314589	2443	0.33869220884993123110717760937405
591	316194	2455	0.33868086687224646658123106135463
594	317799	2467	0.33864790110273901291293441317976
597	319405	2479	0.33862143274250644520151354299742
600	321010	2491	0.33859616173542161909892911353381
603	322615	2503	0.33858094860565940420471520155843
606	324220	2515	0.33857399674175353565530599553313
609	325825	2526	0.33854155073253044960779334360268
612	327430	2538	0.3385237022238195003787097903114
615	329035	2550	0.33849540923002857661927578192262
618	330640	2562	0.33848523272489844382349133411481
621	332245	2579	0.33847257567181110449183734090184
624	333850	2595	0.3384541114377420112369065918756
627	335455	2610	0.33842489550857884905710193379491
630	337060	2626	0.33840021118641461228548905637581
633	338665	2643	0.33838913066914350080693907329987
636	340270	2659	0.33838350568317288047381907745148
639	341875	2675	0.33835868928236290109623496391578
642	343481	2691	0.33833195071165528267087552194425
645	345086	2708	0.33830927058954279873503878661722
648	346691	2722	0.33829788991324716285191698261769
651	348296	2735	0.33829177709431657028460449510021
654	349900	2749	0.33826639009417358572306966379983
657	351506	2763	0.33824864119256009553637909448298
660	353111	2777	0.33822289382091663689777760737343
663	354716	2791	0.33821789298371418563959878156311
666	356321	2805	0.33821174390601799197852983525081
669	357926	2819	0.33818525785647446380011160727008
672	359531	2833	0.33815909971989138727010981710919
675	361136	2847	0.33813678582056660992805063870037
678	362741	2858	0.33812771147889297829181032284396
681	364346	2871	0.33812326598001213318056557000091
684	365951	2883	0.33811056995407295922007051558467
687	367556	2895	0.3380890553764234751632500319829
690	369161	2907	0.33807131243460492031616126951121
693	370766	2919	0.33805935756160293559346996516979
696	372371	2931	0.33805839738192700050234407171956
699	373976	2943	0.33803142227300614353069363460236
702	375582	2955	0.33801326122213631863999694360245
705	377187	2968	0.33799438999354936008501226751832
708	378792	2980	0.33799252348127273304356776861823
711	380397	2992	0.33798068302569805876345299111563
714	382002	3003	0.33797413024616512755571307025093
717	383607	3014	0.33794340729588395744187323543883
720	385212	3025	0.33792795708086775796630263357656
723	386817	3036	0.33791552494789284244447458149807
726	388422	3047	0.3379247409059294993127764428209
729	390027	3058	0.33790455333506008717137092389748
732	391632	3069	0.33787639378404471512951090517163
735	393237	3080	0.33786244163789980188283834650065
738	394842	3092	0.33785553512352173299859714461491
741	396447	3102	0.3378574644523227310521917843289
744	398052	3114	0.33784874532697684035298379967571
747	399657	3127	0.33781995489527677500873892313393
750	401262	3139	0.33780776284725977376410810393281
753	402867	3151	0.33780549297757772597705638872867
756	404472	3163	0.33779811786355706804130250020535
759	406077	3175	0.33777789522352907880531347473152
762	407683	3188	0.33775607741054181065720740662073
765	409288	3201	0.33774386202683503999111280791112
768	410893	3214	0.33774348856686736697341189028521
771	412498	3227	0.33774259668750905571954490369535
774	414103	3238	0.33772024990617244277757436066167
777	415708	3250	0.33770242676771955459003038413357
780	417313	3261	0.3376874708719700968195809309691
783	418918	3272	0.33769099514768113889928713433619
786	420523	3283	0.33769137636371654442868361911678
789	422128	3294	0.33766580465022644208517021979787
792	423733	3305	0.33765378755131902899222495761933
795	425338	3316	0.33764141023018873211114510013431
798	426943	3327	0.33763377560157992185452258127043
801	428548	3338	0.33763378783619729661680253229861
804	430153	3350	0.337625978586857666829956770016
807	431759	3362	0.3376036486868330688260186889238
810	433364	3372	0.33759280450958112362869201206195
813	434968	3383	0.33759011140698502728696439589839
816	436573	3395	0.33759911290523242355376964951574
819	438178	3407	0.33757454558503269259617241004889
822	439784	3419	0.337554454414065507883435657277
825	441389	3431	0.33754595501237311117037620533665
828	442994	3444	0.33755060213520293732614163673134
831	444599	3457	0.33755130232582386540229890670162
834	446204	3469	0.33753005650901984902034769220336
837	447809	3482	0.33751758580228763406694270088337
840	449414	3494	0.33750291182850428173267687270709
843	451019	3506	0.33751124716505770395613694745407
846	452624	3518	0.33750610398170177717247497639619
849	454229	3529	0.33748836961534200984402787071303
852	455834	3540	0.33746622732204029082581087095605
855	457439	3551	0.33745586446882341880026956459915
858	459044	3562	0.33745933812872475066058086667908
861	460649	3573	0.33746375521729343738286388543202
864	462254	3584	0.33744202890156022034418015209667
867	463860	3595	0.33742702701617666161126862789388
870	465465	3606	0.33741661515501825130414204068074
873	467070	3617	0.33742013998195624635556555404037
876	468674	3629	0.33742244095509466017546174043673
879	470279	3640	0.33740469887273916160808084896416
882	471885	3651	0.33739042915103628628159526670061
885	473490	3663	0.33738249814156301420453587525117
888	475095	3676	0.33738371087489243960177986991766
891	476700	3688	0.33738643689124159230630084493896
894	478305	3700	0.33736371534284392836866572906729
897	479910	3712	0.33735000863355701916646012250567
900	481515	3724	0.33734326403316833298262622520269
