0	0	0	0.6931471805595997848215006342798
3	8013	13	0.52305604691008533713159067701781
6	16026	25	0.49590532626063310583930388020235
9	24039	37	0.47469254106237984691674114401394
12	32053	48	0.45797927564919482801286676476593
15	40066	59	0.44464326899880624033301046438282
18	48079	70	0.43387004742386509059670629540051
21	56092	82	0.42495120916253131815309984631313
24	64106	94	0.41752982135118504869453204264573
27	72119	110	0.41120417083571841887490450062614
30	80132	126	0.4058377579509216959152695380908
33	88145	139	0.40123264251347101616573809224064
36	96159	153	0.39711477482739621081009318004362
39	104172	165	0.39356794591264809834996185600176
42	112185	177	0.39040809917184127186828845879063
45	120198	191	0.38757382166128767631008145144733
48	128212	205	0.38507138161382042929048452606366
51	136225	218	0.3827824563404697566504353289929
54	144238	230	0.38071121052999873368705152643088
57	152251	242	0.37881551893445220002831774763763
60	160265	256	0.37703657374749394159962889716553
63	168278	270	0.37543740911677347948938177069067
66	176291	282	0.37392441737034820548046809562948
69	184304	294	0.37255617409354291336143205626286
72	192318	305	0.37126190545461656977721531802672
75	200331	316	0.37005121853060901626619738635782
78	208344	327	0.36893529800540919572071629772836
81	216357	340	0.36787805562137709802783547274885
84	224371	352	0.36690899656944053752738454932114
87	232384	368	0.3659513868128572156024347350467
90	240397	384	0.36505048010834212357522687852907
93	248410	398	0.36416551349510650759100371942623
96	256424	413	0.36334187145654051054322053460055
99	264437	425	0.36256319880814602552021597148268
102	272450	437	0.36187403261243056284968133695656
105	280463	449	0.36117868998873886576816971683002
108	288477	463	0.36050525915251263597838260466233
111	296490	476	0.35987629859807845900121492377366
114	304503	488	0.35926389347352782888123101656674
117	312516	500	0.35863851695898829596842460887274
120	320530	514	0.35807931101375817251053490508639
123	328543	528	0.35754981148759767961564648430794
126	336556	540	0.35704356132268383339223305483756
129	344569	552	0.3565700134757747719049802981317
132	352583	563	0.35608613559495722045156185231463
135	360596	577	0.35562351555890453491670655239432
138	368609	592	0.35518273809760175785399383130425
141	376622	604	0.35476239672066717245613176601182
144	384636	616	0.35434658943110985962476888744277
147	392649	630	0.35396562345920773440255402420007
150	400662	644	0.35357346653144422488068698839925
153	408675	655	0.35320542109554642351554321066942
156	416689	667	0.35284990634956814314904249840765
159	424702	678	0.35251350787343682657848376038601
162	432715	690	0.35218527188653564463649559002079
165	440728	700	0.35187376332869357842270119363093
168	448742	713	0.35154125438558636584929217860918
171	456755	725	0.35122595852500426705233849133947
174	464768	740	0.35093315869758362479657876065176
177	472781	757	0.35063927018446605643475777469575
180	480795	771	0.35035773137141862365595557093911
183	488808	785	0.35008815934346843024016493473027
186	496821	797	0.34981928647209886706903603226237
189	504834	809	0.34955683912904195187465461458487
192	512848	821	0.34932141559373308670188862379291
195	520861	835	0.34907135486074930552646833348263
198	528874	849	0.3488310051171477077502913743956
201	536887	861	0.34859159465671135658126900125353
204	544901	873	0.34836616010358628647836098934931
207	552914	884	0.34814758754186686529052963123831
210	560927	895	0.34794596261746396637093425852072
213	568940	906	0.34774857124068364599978053774976
216	576954	919	0.34754240891699855753316228401673
219	584967	931	0.34733382550320546222621942433761
222	592980	948	0.347138203558847224794448038665
225	600993	963	0.34694908438260835259470127311943
228	609007	977	0.34675651310034288909989186322491
231	617020	991	0.34657282605216160886740794921934
234	625033	1003	0.34640017064339051477972475368006
237	633047	1016	0.34623034100667982038146419654367
240	641060	1026	0.34606444615513543006102281651692
243	649073	1037	0.34591002755868516249648791927029
246	657086	1048	0.3457522589761128917196231213893
249	665100	1060	0.34560171879272894024381912458921
252	673113	1072	0.34545735670339317024968295299914
255	681126	1088	0.34531191279925022019625657776487
258	689139	1104	0.34517033980480160693105062819086
261	697153	1118	0.34504064407859613705653600845835
264	705166	1131	0.34490732818509356460978665381845
267	713179	1143	0.34477259603595067360970460867975
270	721192	1155	0.34463679396693214229685509053525
273	729206	1169	0.34452013647756662972909680320299
276	737219	1182	0.34439387044841351936952378309797
279	745232	1195	0.34427820734264868995921915484359
282	753245	1207	0.34416018322681962704479019521386
285	761259	1219	0.34404168465193124548662240158592
288	769272	1232	0.34392360448132452965808170119999
291	777285	1247	0.3438178262931241291333606113767
294	785298	1259	0.34369649645678118643488119232643
297	793312	1270	0.34358075184077935260162917074922
300	801325	1284	0.3434759084008641161211983217072
303	809338	1298	0.34337386868053360045038857606414
306	817351	1310	0.34327971001275953133458074262307
309	825365	1323	0.34318635848196282767119669188105
312	833378	1335	0.34308852287637303657419352020952
315	841391	1349	0.34298189008505386432545947172912
318	849404	1362	0.34288134944117282243425393062353
321	857418	1374	0.34279623173498968702332945213129
324	865431	1386	0.34269938387430420867474367696559
327	873444	1400	0.34260883203064496083101175827323
330	881457	1413	0.34252641830809255063527984930261
333	889471	1426	0.34244135238530187814731675643998
336	897484	1438	0.34236323573714977364090827904874
339	905497	1450	0.34228899830746262189506978756981
342	913510	1464	0.34221807903841139353318112625857
345	921524	1477	0.3421343696994689209667228624312
348	929537	1489	0.34206769004663312161440558156755
351	937550	1502	0.34199516062579526920472972051357
354	945563	1515	0.34191949666686793918302100792062
357	953577	1529	0.34184800256597580592199392413022
360	961590	1542	0.34177485228457993304829187763971
363	969603	1554	0.34170646418600958416078583468334
366	977616	1565	0.34164228898191395522587754385313
369	985630	1579	0.34157672894739815605547050836321
372	993643	1593	0.34150806779362835596813852134801
375	1001656	1605	0.34143869491458606058031932661834
378	1009669	1617	0.34137427051989199799919560973649
381	1017683	1631	0.3413177095734092891810007586173
384	1025696	1645	0.34125233853860442723160417699546
387	1033709	1657	0.34118547411099325872285703553644
390	1041722	1669	0.34112022197656349797867392226181
393	1049736	1681	0.34106188592584779639693692843139
396	1057749	1692	0.34100828656991072351800653450482
399	1065762	1703	0.34095177092754191949808273420786
402	1073775	1715	0.34089709171047266611509485301212
405	1081789	1727	0.34085083080473477235017298880848
408	1089802	1744	0.34079888734620367163330456605763
411	1097815	1760	0.34074240477704448304407947034633
414	1105828	1773	0.3406908250254850889504609767755
417	1113842	1787	0.34063415972645211260427799970785
420	1121855	1800	0.34059026495634076026064462894283
423	1129868	1811	0.34054021872326561970467651008221
426	1137882	1825	0.34048673811508456399366195910261
429	1145895	1840	0.34043596752690258311346838127065
432	1153908	1854	0.34039381209723601484640198577836
435	1161921	1866	0.34035117974463052759048764528416
438	1169935	1878	0.340303569046213727489202938159
441	1177948	1892	0.34025747431271452514423003776756
444	1185961	1905	0.34020868882874505390034869378724
447	1193974	1918	0.34016059957517097434021025037509
450	1201988	1930	0.34011423737234969255638361573801
453	1210001	1943	0.34006961370832800017893760013976
456	1218014	1957	0.34002942341905323386797022067185
459	1226027	1969	0.33999074399773948629288611300581
462	1234041	1981	0.33994922640287489334909309945942
465	1242054	1993	0.33990850531198241180064201216737
468	1250067	2007	0.33987322640564132658624885152676
471	1258080	2021	0.33983571178640092913525450057932
474	1266094	2033	0.33979725820735356967006168815715
477	1274107	2045	0.33975966151713443696991134856944
480	1282120	2059	0.33972387047170854446065391130105
483	1290133	2073	0.33969098634329092378791870032728
486	1298147	2085	0.33965344471847447316292800678639
489	1306160	2097	0.33961985622803303463967949937796
492	1314173	2109	0.33958545820393154501815047296986
495	1322186	2123	0.33955008230906680299909794484847
498	1330200	2137	0.3395159836278861531511097382463
501	1338213	2150	0.33948136911776777280280725790362
504	1346226	2161	0.33944804849719578676570108655142
507	1354239	2173	0.33941962930409008691867711604573
510	1362253	2184	0.33939038780414615414926515768457
513	1370266	2195	0.33935804706255240370538217575813
516	1378279	2207	0.33933487400757578189569585447316
519	1386292	2219	0.33929970177354501492672511631099
522	1394306	2235	0.33927144131403635940458229924843
525	1402319	2252	0.33923675636420375090196444034518
528	1410332	2266	0.33921099741086535583889371991972
531	1418345	2280	0.33918215811140511872778802171524
534	1426359	2292	0.33914840444574700928370702968095
537	1434372	2304	0.33912087443727539914917201713251
540	1442385	2315	0.33909515264066858453162467412767
543	1450398	2326	0.3390710401526315087572527318116
546	1458412	2337	0.33904172243952035437075664958684
549	1466425	2349	0.33901992498018868049669549691316
552	1474438	2361	0.33900007914462476632522225372668
555	1482451	2372	0.33897530758576688292293965787394
558	1490465	2383	0.33894816923646070572218036431877
561	1498478	2393	0.33892346400957878982396209721628
564	1506491	2405	0.3388978812031261389492442503979
567	1514504	2417	0.33887316536576111980494374620321
570	1522518	2433	0.33884863834195189102871381692239
573	1530531	2449	0.33882504676593760972735935865785
576	1538544	2463	0.33880105335867449767306425201241
579	1546557	2477	0.33877776155329575313857048968202
582	1554571	2489	0.3387551490917329322094531107723
585	1562584	2501	0.33873059093329854762899344677862
588	1570597	2514	0.33870819203102597860777223104378
591	1578610	2528	0.33869108287304078297452747392526
594	1586624	2542	0.33867363511736564563037177322258
597	1594637	2554	0.33865286392880983301623132319946
600	1602650	2566	0.33863254896170963403889686560433
603	1610663	2579	0.33861268374517938806178563027061
606	1618677	2593	0.33859351155640077246644636943529
609	1626690	2605	0.3385734232933186871328246070334
612	1634703	2617	0.33855492856815183611018937881454
615	1642716	2629	0.33853329903865131411677680262073
618	1650730	2644	0.33851171308969346673833911154361
621	1658743	2657	0.33849359956036872976170570836985
624	1666756	2669	0.33847589513667913907468687284563
627	1674769	2681	0.33845480064602395664508094341727
630	1682783	2691	0.33843204524701347990500721607532
633	1690796	2702	0.33841463491262591123387437619385
636	1698809	2713	0.33839403775799420381886761788337
639	1706822	2725	0.3383790316681504761753274124203
642	1714836	2737	0.33836352480239434425968170216947
645	1722849	2753	0.33834548745476961117972791726061
648	1730862	2769	0.33832683603042956743678359998739
651	1738875	2783	0.33830392077010018603289154270897
654	1746889	2797	0.33828782711186700105088220880134
657	1754902	2810	0.33826851025272325346193724726618
660	1762915	2822	0.33824748375646040976505446451483
663	1770928	2833	0.33823546870034804090465740955551
666	1778942	2844	0.33822214887482388023798307585821
669	1786955	2855	0.33820477542115440217074251449958
672	1794968	2867	0.33818993426548676906051582591317
675	1802981	2879	0.33817829399478221974462144316931
678	1810995	2895	0.33816038934799319548574203508906
681	1819008	2911	0.33814354027136689362365018496348
684	1827021	2925	0.33812835897491422265659366530599
687	1835035	2939	0.33810905096106330658400906941097
690	1843048	2951	0.33809390466237815298100599648023
693	1851061	2963	0.33807874446056696005058483933681
696	1859074	2976	0.33806664934670893618573472849675
699	1867088	2987	0.33805003386760579253689229517477
702	1875101	2998	0.33803272932698685826480300420371
705	1883114	3010	0.33801703115812808952966861397726
708	1891127	3023	0.3380022652444981123842637771304
711	1899141	3034	0.33799202844991221850179385910451
714	1907154	3045	0.33797707142068250663058393001847
717	1915167	3056	0.33796273159224476945183823772823
720	1923180	3068	0.33794825085609087045313003727642
723	1931194	3080	0.33793522837761413857293746332289
726	1939207	3096	0.33792153796482066185902226607141
729	1947220	3112	0.33791215059162083012012089966447
732	1955233	3125	0.33790123365285879009078939816391
735	1963247	3139	0.33788746868579777604679748037597
738	1971260	3151	0.33787764037346779133486052160151
741	1979273	3163	0.33786704750531371121979873350938
744	1987286	3176	0.33785207297965602624145731169847
747	1995300	3187	0.337838936938396283693464283715
750	2003313	3198	0.33782849195113179296967587106337
753	2011326	3210	0.33781917582951420664372221835947
756	2019339	3222	0.3378089936457766007116276796296
759	2027353	3235	0.33779827716112303948037265399762
762	2035366	3251	0.33778806555261364774622734330478
765	2043379	3266	0.33777553422512929248711088803248
768	2051392	3280	0.33776547226633613085766683070688
771	2059406	3294	0.33775174601135649066208088697749
774	2067419	3306	0.33773836936245049678007035254268
777	2075432	3318	0.33772998534439757634117995621637
780	2083445	3332	0.33771679949524813224570607417263
783	2091459	3345	0.33770375364832233566758645793016
786	2099472	3357	0.33769132406439578142354207557219
789	2107485	3369	0.33768284577659263279159063131374
792	2115498	3381	0.33767111497991092461390394419141
795	2123512	3395	0.33766084340907021044131397502497
798	2131525	3409	0.3376496824008505814873615236138
801	2139538	3421	0.33764165656363570588993638921238
804	2147551	3434	0.33763249782890664141277170529065
807	2155565	3445	0.33762234497043402958738056440779
810	2163578	3456	0.33761305248371115128591668508307
813	2171591	3467	0.33760513535316255540053020922642
816	2179604	3479	0.3375977486718523268294234185305
819	2187618	3491	0.33758790335296684492760732609895
822	2195631	3507	0.33757620442175140240692599036265
825	2203644	3523	0.33756809100032880710529070711345
828	2211657	3536	0.33755825345225060063469868509856
831	2219671	3550	0.33755052794339129862422055339266
834	2227684	3561	0.33754187020728382284673330104852
837	2235697	3573	0.33753114684285079327707990159979
840	2243710	3585	0.33752516131259763243477323158004
843	2251724	3596	0.3375131872297336688149016481475
846	2259737	3607	0.33750434746213542336334967330913
849	2267750	3619	0.33749660940779208084805418366159
852	2275763	3631	0.33748873286076680466649690970371
855	2283777	3647	0.33748224285786376785978291081847
858	2291790	3663	0.33747502747236718390055898453284
861	2299803	3677	0.33746858364855736311938017024659
864	2307816	3691	0.33746177560079371193779707027716
867	2315830	3703	0.33745179880946341022251999675063
870	2323843	3715	0.3374434772113239500157533257152
873	2331856	3727	0.3374370255357113657090906144731
876	2339869	3737	0.33742577594539691077102361305151
879	2347883	3748	0.33741744525507161300836855843954
882	2355896	3761	0.33740940581237871542796824542165
885	2363909	3773	0.33740374491369884424329939065501
888	2371922	3783	0.33739468172860481720576331099437
891	2379936	3794	0.33738631421232012641553410503548
894	2387949	3805	0.3373789418626964575764759501908
897	2395962	3817	0.33737239280796998963651844860578
900	2403975	3829	0.33736433471033699937891014997149
