0	0	0	0.69314718055895352399886633065762
3	39180	125	0.69314644824952065249590305029415
6	78360	268	0.69314571922866907716098694436369
9	117540	412	0.6931449934813168622937951113272
12	156720	555	0.69314427107044107589928216839326
15	195900	699	0.69314355182487275008895721839508
18	235080	843	0.69314283580819868735289901451324
21	274260	986	0.69314212352289161778173820493976
24	313440	1154	0.6931414139175511301971255306853
27	352620	1280	0.69314070749695466666651100240415
30	391800	1406	0.69314000424614785611510114904377
33	430980	1532	0.69313930415087876557578283609473
36	470160	1675	0.69313860719668662913051093710237
39	509340	1863	0.69313791336918473273698282355326
42	548520	2007	0.69313722265407684552940281719202
45	587700	2150	0.69313653503710226377876324477256
48	626880	2294	0.69313585050394110886884391220519
51	666060	2461	0.69313516904045213706808681308758
54	705240	2629	0.69313449063262311256039538420737
57	744420	2755	0.69313381526641193453031064564129
60	783600	2922	0.69313314292782968184525316246436
63	822780	3048	0.69313247360318352985331102900091
66	861960	3175	0.69313180727844247996927151689306
69	901140	3302	0.69313114393975139293502252257895
72	940320	3429	0.69313048357373929775349097326398
75	979500	3630	0.69312982684598645199969269015128
78	1018680	3774	0.69312917238154236887481829398894
81	1057860	3918	0.69312852084873133318154714288539
84	1097040	4063	0.6931278722342332221373339962156
87	1136220	4207	0.69312722652443858883941629756009
90	1175400	4351	0.69312658370638680072062243198161
93	1214580	4495	0.69312594376645053628749337804038
96	1253760	4621	0.69312530669152083717676759988535
99	1292940	4747	0.69312467246842601742429224032094
102	1332120	4872	0.69312404108399661151196369246463
105	1371300	4997	0.69312341252522546852787854732014
108	1410480	5197	0.6931227867789674368381724889332
111	1449660	5341	0.69312216383259495078306144932867
114	1488840	5484	0.69312154367298461909996376562049
117	1528020	5627	0.69312092628760346713079343317077
120	1567200	5770	0.69312031214436031767434087669244
123	1606380	5914	0.69311970026700076008552287021303
126	1645560	6057	0.69311909112557645862295885308413
129	1684740	6200	0.69311848512367735253292266861536
132	1723920	6326	0.69311788141449970357399479325977
135	1763100	6452	0.69311728040378040027746919804486
138	1802280	6619	0.69311668207881582670637499177246
141	1841460	6820	0.69311608642743982588996232152567
144	1880640	6947	0.69311549343737721695646314401529
147	1919820	7091	0.69311490309620171768045793214696
150	1959000	7235	0.69311431539192602802046394572244
153	1998180	7379	0.69311373031243428410874685141607
156	2037360	7504	0.69311314784547251033330894642859
159	2076540	7631	0.69311256797919873484659092355287
162	2115720	7757	0.69311199070140550038132687404868
165	2154900	7884	0.69311141600039782861841786143486
168	2194080	8027	0.69311084386421750735962632461451
171	2233260	8171	0.69311027428095794977735977226985
174	2272440	8314	0.69310970763081802825666954959161
177	2311620	8457	0.6931091431168960870223827441805
180	2350800	8600	0.69310858112082307513901469064876
183	2389980	8726	0.69310802163114615392913719915668
186	2429160	8851	0.69310747236847636276735329374787
189	2468340	8978	0.69310691781958488899562098595197
192	2507520	9103	0.69310636574250772401484255169635
195	2546700	9271	0.69310581612622046421279264905024
198	2585880	9398	0.69310526895907242916905488527846
201	2625060	9599	0.69310472423009217290967853841721
204	2664240	9725	0.69310418192783551649682749484782
207	2703420	9925	0.69310364204108798613646058583981
210	2742600	10069	0.6931031045587803252061576131382
213	2781780	10213	0.69310256946994075466506046723225
216	2820960	10357	0.6931020367633332623924502513546
219	2860140	10500	0.69310150642814538635150256595807
222	2899320	10625	0.69310097855372332364964904627413
225	2938500	10769	0.69310045292812028083773157050018
228	2977680	10913	0.69309992964116284852593707910273
231	3016860	11056	0.69309940868243025136052892776206
234	3056040	11200	0.69309889004080227348225662353798
237	3095220	11327	0.69309837370571636405713888962055
240	3134400	11452	0.69309785966660508726988609851105
243	3173580	11620	0.69309734847699000503951083373977
246	3212760	11746	0.69309683899581275845491745712934
249	3251940	11946	0.69309633228481826172640012373449
252	3291120	12073	0.69309582732022267936855541847763
255	3330300	12218	0.69309532459911915580619279353414
258	3369480	12361	0.69309482411131628776246316192555
261	3408660	12561	0.69309432584626273765593396092299
264	3447840	12705	0.69309382979413236558485778004979
267	3487020	12848	0.69309333594437405601240698160836
270	3526200	13016	0.69309284428699857727451671962626
273	3565380	13142	0.69309235481178566029569765305496
276	3604560	13309	0.69309186750877049831842668936588
279	3643740	13435	0.69309138236782552588977068808163
282	3682920	13560	0.69309089937905266065598652858171
285	3722100	13687	0.69309041853261232901672883599531
288	3761280	13831	0.69308993981859767785635995096527
291	3800460	13974	0.69308946322718267829543492553057
294	3839640	14117	0.69308898874860380701079520804342
297	3878820	14261	0.6930885163730915454749492710107
300	3918000	14404	0.69308804648937383241502629971365
303	3957180	14548	0.69308757828967093583827363545424
306	3996360	14692	0.69308711216422203005294022659655
309	4035540	14819	0.69308664810344611240111589722801
312	4074720	14945	0.69308618609782346453584978007711
315	4113900	15088	0.69308572613774188653223973233253
318	4153080	15233	0.69308526821379423665803187759593
321	4192260	15401	0.69308481231671204003674802152091
324	4231440	15527	0.69308435843716431623562357344781
327	4270620	15693	0.6930839070120077272108005672635
330	4309800	15820	0.69308345713814079047665472899098
333	4348980	15946	0.69308300930393162975207133058575
336	4388160	16072	0.69308256340041352050462819534005
339	4427340	16198	0.6930821194683188801732853789872
342	4466520	16324	0.6930816774988667328116775934177
345	4505700	16525	0.6930812375578574435763812289224
348	4544880	16726	0.69308079948585943341754500579555
351	4584060	16870	0.69308036334939193690019010318792
354	4623240	17014	0.69307992913947769064719750531367
357	4662420	17157	0.69307949684733338724385021123453
360	4701600	17300	0.69307906651386708141160397644853
363	4740780	17444	0.69307863803058777918408850382548
366	4779960	17588	0.69307821143860726120777826508856
369	4819140	17732	0.69307778732529312648580344102811
372	4858320	17876	0.69307736448793921812949747618404
375	4897500	18044	0.69307694351616566663665253145155
378	4936680	18171	0.69307652440126776838269506697543
381	4975860	18339	0.69307610713455702899921107018599
384	5015040	18464	0.69307569170764360411141069562291
387	5054220	18590	0.69307527811212965573872679669876
390	5093400	18716	0.69307486633953752086512167807086
393	5132580	18842	0.69307445638158238221393503408763
396	5171760	18984	0.69307404822973972535748998780036
399	5210940	19128	0.69307364187583186954100256116362
402	5250120	19272	0.69307323731157799429070109908935
405	5289300	19417	0.69307283452878232221650023348047
408	5328480	19560	0.69307243351932446007168664436904
411	5367660	19703	0.69307203427509755933044743869686
414	5406840	19847	0.69307163678773897608209608733887
417	5446020	20014	0.69307124104929607177894013148034
420	5485200	20139	0.69307084705178700900773947068956
423	5524380	20284	0.69307045478714790487373420546646
426	5563560	20451	0.69307006424738315519817888343823
429	5602740	20576	0.69306967542481523469888315958087
432	5641920	20702	0.6930692883111885249647343698598
435	5681100	20828	0.69306890289907718827322469223873
438	5720280	21029	0.69306851928763624215434901998378
441	5759460	21155	0.69306813725438853879268208402209
444	5798640	21281	0.69306775689910016247097246377962
447	5837820	21407	0.69306737821428976431548107939307
450	5877000	21533	0.69306700119210240540468248582329
453	5916180	21676	0.69306662582487410517728676495608
456	5955360	21818	0.69306625210518879587340279613272
459	5994540	21944	0.69306588011563408091575411162921
462	6033720	22071	0.69306550966783853073849286374752
465	6072900	22216	0.69306514084488035631892444143887
468	6112080	22359	0.6930647736395145752652524606674
471	6151260	22503	0.6930644080441122900637651582656
474	6190440	22670	0.69306404405136845525703392922878
477	6229620	22796	0.69306368165394283131774955108995
480	6268800	22922	0.69306332084461785836282388117979
483	6307980	23047	0.69306296161588554216592683587805
486	6347160	23173	0.69306260396072927321142742584925
489	6386340	23299	0.69306224792085968644528293225449
492	6425520	23424	0.69306189339096502255443965623272
495	6464700	23625	0.69306154041302303614457969160867
498	6503880	23751	0.6930611889798807823126480798237
501	6543060	23876	0.6930608390846852984168435796164
504	6582240	24019	0.69306049072024711321660106477793
507	6621420	24162	0.69306014387962666667419853183674
510	6660600	24306	0.69305979855577259929333422405762
513	6699780	24450	0.69305945474170260744983806944219
516	6738960	24593	0.69305911243067752636193290527444
519	6778140	24759	0.69305877161584583667774950299645
522	6817320	24902	0.69305843229015173800888760524685
525	6856500	25047	0.6930580944468373028044538841641
528	6895680	25190	0.69305775807927816334341741821845
531	6934860	25316	0.69305742318053598083338329161052
534	6974040	25441	0.69305708974401081245986233625445
537	7013220	25567	0.69305675776313202529621548819705
540	7052400	25734	0.69305642723106064551075178314932
543	7091580	25859	0.69305609814122781653367155740852
546	7130760	25985	0.69305577074628321732063795934664
549	7169940	26111	0.69305544452037415315004409421817
552	7209120	26278	0.69305511971708211316212100427947
555	7248300	26405	0.69305479632991418004195338653517
558	7287480	26530	0.69305447435234646125223889612244
561	7326660	26731	0.69305415377803514243026938856929
564	7365840	26875	0.69305383460043668009120665374212
567	7405020	27008	0.69305351681324123269689607695909
570	7444200	27152	0.69305320049567820106517501699273
573	7483380	27296	0.69305288547019550104977270166273
576	7522560	27440	0.69305257192031277657662258206983
579	7561740	27566	0.69305225963125793864350043804734
582	7600920	27691	0.693051948701207343184194087371
585	7640100	27835	0.69305163912408884741012116137426
588	7679280	27978	0.69305133089356074638232030338258
591	7718460	28107	0.69305102400365659054415345963207
594	7757640	28308	0.69305071844812549120007361125317
597	7796820	28451	0.69305041422110491566854761913419
600	7836000	28594	0.69305011131631311105394388505374
603	7875180	28737	0.69304980972782337378390593585209
606	7914360	28863	0.69304950944962151471173683603411
609	7953540	28991	0.69304921047588130544880868910695
612	7992720	29116	0.6930489128005182797309657871665
615	8031900	29243	0.69304861641765980184715090217651
618	8071080	29369	0.69304832132147220491447114909533
621	8110260	29495	0.69304802812607857465110328121227
624	8149440	29637	0.69304773558335508454320006421767
627	8188620	29780	0.69304744430972020641235076254816
630	8227800	29923	0.69304715429959395933678933943156
633	8266980	30051	0.69304686554702610301603726838948
636	8306160	30195	0.6930465780463184177762059334782
639	8345340	30322	0.69304629226088299009944648787496
642	8384520	30522	0.69304600724484699547645050188294
645	8423700	30672	0.69304572346377391056648775702342
648	8462880	30797	0.69304544094526721043081352036097
651	8502060	30927	0.69304515961732426898578296459164
654	8541240	31072	0.69304487950760151893092597674695
657	8580420	31216	0.69304460094818109983094700510264
660	8619600	31360	0.69304432422465345187134744264768
663	8658780	31527	0.69304404773074268497623506846139
666	8697960	31654	0.69304377243311543477233271914884
669	8737140	31780	0.6930434983262524495373213540006
672	8776320	31906	0.69304322540501595018014313609456
675	8815500	32033	0.69304295366389123689287998786313
678	8854680	32233	0.69304268309750549637016092674457
681	8893860	32377	0.69304241370055574833486389252357
684	8933040	32521	0.6930421454678121762071896228008
687	8972220	32666	0.69304187839392383807535225059837
690	9011400	32811	0.69304161247351681041095616819803
693	9050580	32978	0.69304134786137294721442003719858
696	9089760	33122	0.69304108423209598299763456452638
699	9128940	33266	0.69304082174091297119389309955295
702	9168120	33391	0.69304056038252026539225880696904
705	9207300	33517	0.69304030069903532762509712483734
708	9246480	33643	0.69304004158840848415223945266916
711	9285660	33811	0.69303978359543305654000278082094
714	9324840	34011	0.69303952671494006843033730547177
717	9364020	34136	0.69303927104444129625449022569228
720	9403200	34336	0.69303901637362641530160090042045
723	9442380	34479	0.69303876280022502776034798444016
726	9481560	34623	0.69303851031943142224633902515052
729	9520740	34766	0.69303825892627279880997548389132
732	9559920	34933	0.69303800879043564453496628630091
735	9599100	35101	0.69303775955714164158649737146334
738	9638280	35300	0.69303751139674973913429312233347
741	9677460	35426	0.69303726466458837052186936489306
744	9716640	35625	0.69303703383521841896452997389133
747	9755820	35769	0.69303678879259056344608325161971
750	9795000	35912	0.69303654480391696512953103592736
753	9834180	36037	0.69303630186445697169972390838666
756	9873360	36164	0.69303605996970241154286895834957
759	9912540	36289	0.69303581911486866751204161118949
762	9951720	36455	0.69303557929522985325831996306079
765	9990900	36582	0.69303534050603032845572215592256
768	10030080	36707	0.69303510274274093827528986366815
771	10069260	36833	0.69303486621221765950906501529971
774	10108440	36960	0.69303463048600622009587368665962
777	10147620	37160	0.69303439577187075926190118480008
780	10186800	37304	0.69303416206538126509428821009351
783	10225980	37448	0.69303392936180852057503898322466
786	10265160	37591	0.69303369765677569347417374956422
789	10304340	37734	0.6930334669456691409905602085928
792	10343520	37860	0.69303323722405352214082085993141
795	10382700	37987	0.69303300848743187856371150701307
798	10421880	38188	0.69303278073148488758192797831725
801	10461060	38333	0.69303255395179041986608581282781
804	10500240	38477	0.69303232814400106409635782256373
807	10539420	38621	0.69303210330361053603809295964311
810	10578600	38746	0.69303189137992204926774775231024
813	10617780	38890	0.69303166840548835470059430008405
816	10656960	39034	0.69303144638580105318936830371968
819	10696140	39202	0.69303122531653216231717351547559
822	10735320	39328	0.69303100519351201747042523493292
825	10774500	39471	0.69303078601242840139917689157301
828	10813680	39638	0.69303056776914329084604560193839
831	10852860	39764	0.69303035045934802127476359601133
834	10892040	39891	0.69303013407885871721703097136924
837	10931220	40016	0.69302991862348450879949268710334
840	10970400	40158	0.69302970408916320099734775794786
843	11009580	40294	0.69302949047183037833974594832398
846	11048760	40437	0.69302927776720590902215235473705
849	11087940	40580	0.69302906597130775612214392822352
852	11127120	40724	0.69302885508006240034006850692094
855	11166300	40867	0.69302864508935091425456676006434
858	11205480	40992	0.69302843599519881045978308975464
861	11244660	41119	0.69302822779351680448911565690651
864	11283840	41262	0.69302802048042533300531431450509
867	11323020	41420	0.69302781405184032958999296170077
870	11362200	41563	0.693027608503935410588780996477
873	11401380	41707	0.69302740405345453211793937953189
876	11440560	41851	0.6930272002540840414752665310516
879	11479740	42017	0.69302699732358830075895639311057
882	11518920	42184	0.69302679525810118033035678308806
885	11558100	42310	0.69302659405366084932609282986959
888	11597280	42511	0.69302639370644947280908354514395
891	11636460	42636	0.69302619421259648024857824566425
894	11675640	42780	0.69302599556837229943795364306425
897	11714820	42922	0.69302579776998829430567639064975
900	11754000	43065	0.69302560081351460841148082181462
