0	0	0	0.69314718055895352399886633065762
3	8124	202	0.69314697802398883563768094973057
6	16248	373	0.69314685190032943040705504245125
9	24372	517	0.69314624617263231876052032021107
12	32496	686	0.6931460265382393126643023606448
15	40620	832	0.69314362760030101551222969646915
18	48744	999	0.69314343997763749882778938626871
21	56868	1144	0.69314332668872180587271714102826
24	64992	1272	0.69314273542901216895728566669277
27	73116	1417	0.69314252331929093742246550391428
30	81240	1606	0.6931401701154620287326224570279
33	89364	1751	0.6931399885311493314077324612299
36	97488	1906	0.69313988058623254850942885241238
39	105612	2054	0.69313930297932346835665384787717
42	113736	2222	0.69313909656608341247618909619632
45	121860	2368	0.69313678813580492654722320367
48	129984	2495	0.69313661243133362077628589759115
51	138108	2625	0.69313650968125728457636114399065
54	146232	2769	0.69313594541353373834624562732643
57	154356	2937	0.69313574528351562520356310415082
60	162480	3082	0.69313348068488445097301564601366
63	170604	3250	0.69313331069551553653695918910671
66	178728	3395	0.69313321299883179360534768420621
69	186852	3523	0.69313266179130494926141636824468
72	194976	3669	0.69313246778330983577376400717185
75	203100	3872	0.69313024609271900455809145569219
78	211224	4042	0.69313008165923983838752064912114
81	219348	4187	0.69312998888200627600753023216384
84	227472	4355	0.69312945037345596865918651019456
87	235596	4501	0.69312926233040195178602971282089
90	243720	4633	0.69312708310474790973643166580587
93	251844	4779	0.69312692418176180542133124617976
96	259968	4906	0.69312683617675563407800609638798
99	268092	5052	0.69312631010056080516079646258731
102	276216	5179	0.69312612786672467279913689708337
105	284340	5324	0.69312398929950269632627168903127
108	292464	5453	0.69312383553974898919847191791632
111	300588	5598	0.69312375217000676830281236107112
114	308712	5801	0.69312323825672383925677877414273
117	316836	5968	0.69312306169021942192642882218934
120	324960	6113	0.69312096337119422084782627280219
123	333084	6281	0.69312081473959052946298697861494
126	341208	6427	0.69312073586741995701032692522858
129	349332	6554	0.69312023383867571446614874730585
132	357456	6699	0.69312006279416682463789811663446
135	365580	6901	0.69311800386693867004339608683949
138	373704	7070	0.69311786022901100690063458387158
141	381828	7215	0.69311778600859297316816309830756
144	389952	7342	0.69311729574530456243763865131768
147	398076	7487	0.69311713007748276815789267857326
150	406200	7690	0.6931151097131472704759858061152
153	414324	7859	0.6931149686243577301425489167741
156	422448	8004	0.69311489835479767052106581104454
159	430572	8132	0.69311441923069383452826741631725
162	438696	8277	0.69311425880361177132016337054665
165	446820	8404	0.69311227623374183082205490791239
168	454944	8549	0.69311214218775507589498374727555
171	463068	8751	0.69311207603254865183828314911807
174	471192	8920	0.69311163503201211888438137975754
177	479316	9066	0.69311147967149677739939761522692
180	487440	9239	0.6931095336295535203063877816021
183	495564	9384	0.69310940415899979782921036530752
186	503688	9554	0.6931093419695057988860753539484
189	511812	9698	0.69310888457993879985252760889125
192	519936	9824	0.69310873418689455949248667820939
195	528060	9968	0.69310682434727977074828686454566
198	536184	10171	0.69310669935753110859621983763645
201	544308	10340	0.69310664104643360250435080160969
204	552432	10485	0.69310619420412122870800430973759
207	560556	10612	0.69310604864794089774449048491078
210	568680	10759	0.69310417425444303951564961607801
213	576804	10961	0.69310405362477545132549039408332
216	584928	11130	0.69310399907803388330762572877575
219	593052	11276	0.69310356253846194807266556381364
222	601176	11449	0.69310342169278937873855284124147
225	609300	11599	0.69310158200537386186113053554436
228	617424	11726	0.69310146561796970310354026878485
231	625548	11872	0.69310141472455366606908455651137
234	633672	12075	0.69310098840937384157001588391722
237	641796	12244	0.69310085215032923855460467166267
240	649920	12387	0.69309904644385200711553807195742
243	658044	12555	0.69309893418358647920740622794256
246	666168	12699	0.69309888683500631145761872176081
249	674292	12830	0.69309847018853287803352714036009
252	682416	12976	0.69309833839621248774420791960438
255	690540	13178	0.69309656596361912672676908186986
258	698664	13345	0.69309645771897498978120211177156
261	706788	13490	0.69309641381009712279848145044525
264	714912	13660	0.69309600676552884923609099132591
267	723036	13804	0.69309587932272298527180964811123
270	731160	13972	0.69309413947140396938806361504248
273	739284	14120	0.6930940351331226212394653884985
276	747408	14248	0.69309399485967537746233801954077
279	755532	14402	0.69309359719311580683154261350865
282	763656	14529	0.69309347400223608737235281296307
285	771780	14685	0.69309176605357525335904256280628
288	779904	14813	0.69309166551405132494778627005871
291	788028	14963	0.69309162817831304614912824035855
294	796152	15167	0.69309123967320740433706305339001
297	804276	15349	0.6930911205887335668762716522906
300	812400	15500	0.69308944388196891406295208071242
303	820524	15629	0.69308934703847058234060796166887
306	828648	15779	0.69308931284203512124264534577378
309	836772	15957	0.6930889332867919971903347686748
312	844896	16105	0.69308881821761325614517090798472
315	853020	16232	0.69308717238368322544062039014534
318	861144	16378	0.69308707913344436146729776737629
321	869268	16507	0.69308704839832679933664394411608
324	877392	16634	0.6930866775880182295566100947326
327	885516	16780	0.69308656642444965712002158397809
330	893640	16908	0.6930849502783703597330600132409
333	901764	17055	0.69308486058273410801433556116535
336	909888	17187	0.69308483238151230576562511487282
339	918012	17331	0.69308447011820917271762709788163
342	926136	17457	0.69308436275823093186687628985965
345	934260	17603	0.69308277689947639377265886651003
348	942384	17730	0.69308269053638482670720577516477
351	950508	17874	0.69308266519464600818878352583852
354	958632	18001	0.6930823112760099435902816367161
357	966756	18147	0.69308220761539340859513913528644
360	974880	18275	0.69308064956490489372242791432654
363	983004	18421	0.69308056650449023639026790988282
366	991128	18627	0.69308054393724449759872641152469
369	999252	18796	0.69308019817080523949925918714143
372	1007376	18945	0.69308009811325033133755368908169
375	1015500	19074	0.69307856821872326769096162024653
378	1023624	19224	0.69307848836958430016608190271654
381	1031748	19351	0.69307846849198928573798639263259
384	1039872	19500	0.69307813068862977878836773015792
387	1047996	19703	0.69307803413800317393622663075803
390	1056120	19876	0.69307653181814543597027977739344
393	1064244	20023	0.6930764550912635879598155952408
396	1072368	20158	0.69307643793562545564412857856951
399	1080492	20305	0.69307610791044516052039625719772
402	1088616	20439	0.69307601477261826516951259691268
405	1096740	20584	0.69307453946003927391927845746977
408	1104864	20712	0.69307446576825515460740234630066
411	1112988	20859	0.69307445102424181104794342900277
414	1121112	21063	0.6930741285972201737308751035016
417	1129236	21244	0.69307403878120432683118679051404
420	1137360	21386	0.69307258992287779086893806379521
423	1145484	21511	0.69307251918179879623949091183022
426	1153608	21657	0.69307250693475519476294266496552
429	1161732	21874	0.6930721919297685440497502895596
432	1169856	22020	0.69307210534612795349573843850521
435	1177980	22152	0.6930706823987272668929904284596
438	1186104	22282	0.69307061452561924408399818275939
441	1194228	22428	0.69307060460307046145800313752261
444	1202352	22556	0.69307029684822418769130081273033
447	1210476	22702	0.69307021341016195048467807282577
450	1218600	22874	0.6930688158428639500385770588764
453	1226724	23025	0.69306875075755736137494977811002
456	1234848	23154	0.69306874313422528466333005781053
459	1242972	23305	0.69306844246174981183372665327624
462	1251096	23440	0.69306836208444921876292710294365
465	1259220	23589	0.6930669893786869373286663176259
468	1267344	23717	0.69306692700735417211888034216827
471	1275468	23844	0.69306692160510774414206025539897
474	1283592	23991	0.69306662785100736634547047287924
477	1291716	24125	0.69306655045185616703662390136742
480	1299840	24271	0.69306520210142419369248045768472
483	1307964	24451	0.69306514236820782048908995420788
486	1316088	24604	0.69306513911605471811583356611663
489	1324212	24730	0.69306485212015567221044420875842
492	1332336	24879	0.69306477761855622699016521437443
495	1340460	25007	0.69306345312569417327352994107059
498	1348584	25154	0.6930633959568570645615182002075
501	1356708	25286	0.69306339478579348511999569382169
504	1364832	25413	0.69306311439172652022477905120468
507	1372956	25559	0.69306304270917706844556960277259
510	1381080	25692	0.69306174159017974734098288536188
513	1389204	25840	0.69306168691552738625460960975033
516	1397328	25971	0.69306168775814736005003169339034
519	1405452	26123	0.69306141381331975992452498758212
522	1413576	26251	0.69306134487307213820628248868161
525	1421700	26400	0.69306006665184405335367046063766
528	1429824	26527	0.69306001439949160847220355208265
531	1437948	26672	0.69306001719045406961328126271837
534	1446072	26807	0.69305974954576232693881365776178
537	1454196	26958	0.69305968327320499611232662573457
540	1462320	27090	0.69305842748733015312723182432819
543	1470444	27241	0.69305837759090493932490062434226
546	1478568	27443	0.6930583822663719528733849983837
549	1486692	27625	0.69305812489065032888646555875312
552	1494816	27773	0.69305806167697836528418520174455
555	1502940	27903	0.69305682779941646387555920227896
558	1511064	28049	0.69305678018883998259269674235838
561	1519188	28176	0.69305678668319237178963021506206
564	1527312	28325	0.69305653118757015729300974271609
567	1535436	28452	0.6930564700288298629615724166797
570	1543560	28598	0.69305525769143105918601577286609
573	1551684	28726	0.69305521230561251133650557676447
576	1559808	28871	0.69305522056212964798760367557406
579	1567932	28999	0.69305497094064316687678228845471
582	1576056	29148	0.69305491234933647159976999319042
585	1584180	29280	0.69305372162009981629182675533229
588	1592304	29424	0.6930536783898999519948347369791
591	1600428	29555	0.69305368834858205318028012698051
594	1608552	29701	0.69305344513025279873374984163092
597	1616676	29830	0.69305338881083355939694001790485
600	1624800	29976	0.69305221823656038004912716132822
603	1632924	30181	0.69305217709726529839997510862304
606	1641048	30354	0.69305218870250173690550354876905
609	1649172	30500	0.69305195042092093693497645290336
612	1657296	30631	0.69305189642363385083001503517153
615	1665420	30778	0.69305074653974796383693046664121
618	1673544	30906	0.69305070743017904710825405345531
621	1681668	31057	0.69305072062615213912550871100393
624	1689792	31186	0.69305048782007971919227884427528
627	1697916	31331	0.69305043607965433061224302946357
630	1706040	31458	0.69304930561372179997903231196688
633	1714164	31586	0.69304926847693504310399248424801
636	1722288	31731	0.69304928321074621422326345054898
639	1730412	31858	0.6930490557549383590085767536948
642	1738536	32005	0.693049006210930129689984369179
645	1746660	32183	0.69304789519720233492705574462889
648	1754784	32329	0.6930478599762331937128578829288
651	1762908	32459	0.69304787619554009125977245275863
654	1771032	32588	0.6930476539667818070000748775783
657	1779156	32745	0.69304760655868125063250317907659
660	1787280	32915	0.69304651460713617705522437972832
663	1795404	33061	0.69304648124651357932179962517694
666	1803528	33190	0.69304649890040859183670818310929
669	1811652	33336	0.69304628177819926904135172662791
672	1819776	33465	0.69304623644695773077017975083436
675	1827900	33609	0.69304516317602882224946370115504
678	1836024	33742	0.69304513173931303615660226569162
681	1844148	33871	0.69304515077802808509233045697329
684	1852272	34026	0.69304493891393614823925872769905
687	1860396	34154	0.6930448956009589434046347378171
690	1868520	34303	0.69304384063547641581237712671282
693	1876644	34432	0.69304381083363797433349873244879
696	1884768	34583	0.69304383120875756585377303053974
699	1892892	34711	0.69304362394824825521766342717456
702	1901016	34863	0.69304358269127153135968910646625
705	1909140	35073	0.69304254566806522408484170227894
708	1917264	35243	0.69304251756824775121401671640342
711	1925388	35391	0.69304253844632857095575673156418
714	1933512	35520	0.69304233595089115294030079894583
717	1941636	35667	0.69304229651027826619724692136515
720	1949760	35801	0.69304127709908924792614470788976
723	1957884	35947	0.69304125065202792921326135910931
726	1966008	36075	0.69304127356169720197698325137026
729	1974132	36220	0.69304107592893571254677453907789
732	1982256	36348	0.69304103834311536758150396053679
735	1990380	36498	0.69304003615497000723166820534971
738	1998504	36627	0.69304001131104453481412974724662
741	2006628	36774	0.69304003542039238627836539308191
744	2014752	36901	0.69303984212236502404635984930792
747	2022876	37051	0.69303980634025041940304845411447
750	2031000	37180	0.69303882104729686020050394290593
753	2039124	37326	0.69303879775984522648712982118013
756	2047248	37454	0.6930388230261335102966313570505
759	2055372	37603	0.69303863416946887010539057882852
762	2063496	37732	0.69303860014062046435157071755384
765	2071620	37887	0.6930376313876331906271843763534
768	2079744	38092	0.69303760961067806256608037074329
771	2087868	38262	0.69303763599203505041401740527363
774	2095992	38409	0.69303745147471806919980963357375
777	2104116	38537	0.69303741914989114292211525025778
780	2112240	38682	0.69303646665332174769957873650128
783	2120364	38886	0.69303644657329788181243657163577
786	2128488	39055	0.69303647402842394331656805661623
789	2136612	39201	0.69303629375018294123123041572399
792	2144736	39330	0.69303626308060906069385964656249
795	2152860	39477	0.69303532649850607683106318290811
798	2160984	39615	0.69303530760784004538521685390151
801	2169108	39761	0.69303533609748635413438933028374
804	2177232	39892	0.69303515996199527293697428831365
807	2185356	40039	0.69303513090158208598268174682744
810	2193480	40168	0.69303420992277420253913078340702
813	2201604	40311	0.69303419241116848148465123813367
816	2209728	40435	0.69303422189677921227968226958183
819	2217852	40577	0.69303404980911087474026999188936
822	2225976	40706	0.69303402298727645458598090044688
825	2234100	40839	0.6930331178822038973308394815831
828	2242224	40994	0.69303310170434984094356423156569
831	2250348	41121	0.69303313214609008063860073889373
834	2258472	41266	0.69303296400999558901645514197298
837	2266596	41395	0.69303293802840815196475432458101
840	2274720	41540	0.69303204733883960741991359100211
843	2282844	41669	0.69303203245817956990038055664627
846	2290968	41813	0.69303206382191429035799501434667
849	2299092	41942	0.69303189955062394211893206374953
852	2307216	42090	0.69303187504496288617872323811753
855	2315340	42224	0.69303102960818430133826950623188
858	2323464	42370	0.69303101598247640602323826897191
861	2331588	42500	0.69303104822824201924902354221558
864	2339712	42647	0.69303088760997477724146165201091
867	2347836	42852	0.69303086453084439266802974088932
870	2355960	43025	0.6930300024079275589272697288834
873	2364084	43171	0.69302999000254594808012598150526
876	2372208	43299	0.69303002310119088402728948494769
879	2380332	43445	0.69302986617619743991980385544593
882	2388456	43572	0.69302984449056925786436522685108
885	2396580	43725	0.69302899651988014717574060341576
888	2404704	43853	0.69302898529747680722579161738395
891	2412828	44000	0.69302901921544457497503799459082
894	2420952	44129	0.69302886589935952521557283034781
897	2429076	44275	0.69302884556712951447110526714823
900	2437200	44422	0.69302801147488568567212041671155
