0	0	0	0.69314718055895352399886633065762
3	7944	63	0.69314697802398883563768094973057
6	15888	136	0.69314685190032943040705504245125
9	23832	201	0.69314624617263231876052032021107
12	31776	274	0.6931460265382393126643023606448
15	39720	339	0.69314362794303474579749035910936
18	47664	413	0.69314344031894847830699291080236
21	55608	478	0.69314332702924030815694322882337
24	63552	552	0.69314273576870366611046847538091
27	71496	620	0.69314252290855915550338295361144
30	79440	694	0.69314016970726410882264190149726
33	87384	759	0.6931399881241376847995638854627
36	95328	823	0.69313988018010996849938010200276
39	103272	897	0.69313930257453670868983408581698
42	111216	961	0.69313909616281077497035312262597
45	119160	1035	0.69313678773509734831748119177064
48	127104	1100	0.69313661203174947722516208159504
51	135048	1177	0.69313650928258185857089301862288
54	142992	1242	0.69313594501611974774135660481988
57	150936	1316	0.69313574488765294923098281287821
60	158880	1419	0.69313348181447242968289401687798
63	166824	1505	0.69313331182179283018740534316748
66	174768	1580	0.69313321412177442137902971808217
69	182712	1666	0.6931326628811267376306659571128
72	190656	1739	0.69313246886912971422844975677435
75	198600	1804	0.69313024717267868179959577901172
78	206544	1879	0.69313008273611254050905472468003
81	214488	1943	0.69312998995565122672957159011276
84	222432	2018	0.69312945144379800588296802743571
87	230376	2121	0.69312926339689695520718260013382
90	238320	2206	0.69312708370511655342482981723151
93	246264	2280	0.69312692467800351980855566580431
96	254208	2343	0.6931268366713184692073923542921
99	262152	2416	0.6931263105934679646935592245427
102	270096	2481	0.69312612835810416545001544363913
105	278040	2555	0.69312398978752631784061577491229
108	285984	2623	0.69312383602666183257667853467865
111	293928	2697	0.69312375265533077151047791630845
114	301872	2801	0.69312323874048586969109919664334
117	309816	2888	0.69312306191851269510095789883053
120	317760	2964	0.69312096360044517240339700947516
123	325704	3050	0.69312081496798394475433724437607
126	333648	3123	0.6931207360944545703418384618999
129	341592	3188	0.69312023406524403412731771823019
132	349536	3264	0.69312006301954920406416249534232
135	357480	3329	0.69311800409298496283838630915852
138	365424	3406	0.69311786045427115077188773284433
141	373368	3470	0.69311778594442996492830388888251
144	381312	3545	0.69311729549785439097320249857148
147	389256	3610	0.69311712983040618674124289100291
150	397200	3684	0.6931151153274898168987760982418
153	405144	3749	0.69311497654276177371457379194908
156	413088	3814	0.69311490626379801405221314780647
159	421032	3888	0.6931144271065886597327221352316
162	428976	3973	0.69311426666897291148927706672112
165	436920	4046	0.69311228397161894765332590395701
168	444864	4112	0.69311214991750402791836904725642
171	452808	4181	0.69311208375306621043421273498097
174	460752	4255	0.69311161564799117495994096316281
177	468696	4339	0.69311146108937227161561622779118
180	476640	4417	0.69310951535713360982526864972897
183	484584	4482	0.69310938590470083653372057597153
186	492528	4556	0.69310932373277844842363037969335
189	500472	4666	0.69310886642115454581158928704099
192	508416	4751	0.69310871604779966670406565754092
195	516360	4825	0.69310680651080003311648169983528
198	524304	4891	0.69310668153849874784100393299013
201	532248	4969	0.69310662357760899343617211343371
204	540192	5035	0.69310617681041175597300707522663
207	548136	5110	0.69310603127271674939180456931354
210	556080	5214	0.69310415717262185975044985752902
213	564024	5299	0.69310403655870644890057974407682
216	571968	5373	0.69310398202757594887657432991546
219	579912	5438	0.69310354556096243072715878952295
222	587856	5512	0.69310340473295029006806089455495
225	595800	5576	0.69310156533176614512825608471758
228	603744	5650	0.69310144895972092271563269605394
231	611688	5723	0.69310139808140946993120223851292
234	619632	5788	0.69310097167655104755112915881909
237	627576	5861	0.69310083543457245980334846535698
240	635520	5949	0.69309903000886585733297806655173
243	643464	6024	0.69309891776381959971331525593996
246	651408	6088	0.69309887043002860185225699751754
249	659352	6153	0.69309845385343005208511613091105
252	667296	6226	0.6930983220773817565785179795057
255	675240	6290	0.69309654991927238665283539376105
258	683184	6364	0.69309644168928108420857370219892
261	691128	6429	0.69309639779457443697907592650154
264	699072	6503	0.69309599081815953525165241444483
267	707016	6608	0.69309586339094853002507079509087
270	714960	6694	0.6930941238078711652548236088478
273	722904	6767	0.69309401958458860537604095952702
276	730848	6834	0.69309397902605873742487574418192
279	738792	6907	0.69309358142674371006108913206845
282	746736	6972	0.69309345823370727135426250242745
285	754680	7045	0.69309175054808080940205172737478
288	762624	7148	0.69309165002302763891606218749075
291	770568	7235	0.69309161270083130546026950469241
294	778512	7310	0.69309122426123992433133480517427
297	786456	7374	0.69309110519157446361759866704233
300	794400	7448	0.69308942874196977079748194228159
303	802344	7514	0.69308933191245447602568674483337
306	810288	7587	0.69308929772902660992883738799719
309	818232	7690	0.6930889182366085643494102441764
312	826176	7775	0.69308880318182908286672727626865
315	834120	7849	0.69308715732047299074025659137988
318	842064	7935	0.69308706408523890196704542177031
321	850008	8008	0.69308703294639961711709474911913
324	857952	8094	0.69308666219890691095883994421456
327	865896	8168	0.69308655105233474280623795493739
330	873840	8233	0.69308493515182245658934334642254
333	881784	8306	0.69308484541075765505979688896332
336	889728	8410	0.69308481722390991031090834439965
339	897672	8489	0.69308445502201088128657602283056
342	905616	8553	0.69308434767892634909003390930593
345	913560	8618	0.69308276120324374680592427466763
348	921504	8695	0.69308267485837193877529216479161
351	929448	8760	0.69308264953229925531275057437597
354	937392	8833	0.69308229567726942210725837867358
357	945336	8899	0.69308219203551302278754064900568
360	953280	8976	0.69308063422607379955309170327382
363	961224	9040	0.69308055118325617716124042999581
366	969168	9114	0.69308052863105951146849292854313
369	977112	9217	0.69308018292676354388248682880658
372	985056	9304	0.69308008288742140035054717372986
375	993000	9378	0.69307855322903255679278800016618
378	1000944	9442	0.6930784733968531341474772489164
381	1008888	9516	0.69307845353287267364805757097201
384	1016832	9581	0.69307811579019684700142533984035
387	1024776	9654	0.69307801925725276426248910865979
390	1032720	9757	0.69307651716829832277966261244728
393	1040664	9842	0.69307644045789496001219731624587
396	1048608	9915	0.69307642320042117667355796584161
399	1056552	9980	0.69307609323458330141676242419635
402	1064496	10056	0.69307600011429792985495623725001
405	1072440	10159	0.69307452502798783111614966401248
408	1080384	10244	0.69307445135251632972739344040747
411	1088328	10318	0.69307443662220447055943850500626
414	1096272	10384	0.69307411425325660125906779285287
417	1104216	10460	0.69307402445419696856987457067589
420	1112160	10563	0.6930725758174292039370811835397
423	1120104	10649	0.69307250437189815706062745448435
426	1128048	10723	0.6930724920899509200467036862392
429	1135992	10788	0.69307217714470392699865897156997
432	1143936	10862	0.69307209057821872466575996440952
435	1151880	10927	0.69307066785980886436391301685944
438	1159824	11000	0.69307060038717005490127576194936
441	1167768	11068	0.69307059047661290218655949502136
444	1175712	11141	0.69307028277949056516149539675098
447	1183656	11245	0.69307019935620262085507192750811
450	1191600	11331	0.69306880201313325606804482958978
453	1199544	11403	0.69306873694166426513874057491194
456	1207488	11468	0.69306872932984342483564432768617
459	1215432	11541	0.69306842871363627534009310693364
462	1223376	11605	0.69306834835058395150042542809388
465	1231320	11678	0.69306697586440302316646011604462
468	1239264	11745	0.69306691350637128490319582851953
471	1247208	11818	0.69306690811510629490754809012287
474	1255152	11883	0.69306661441587424921095816898742
477	1263096	11956	0.69306653703044618364259576992481
480	1271040	12058	0.69306518889510893011163261689944
483	1278984	12144	0.69306512917472273827002027246635
486	1286928	12217	0.69306512593303870595207172300434
489	1294872	12281	0.69306483899075865817707153837546
492	1302816	12356	0.6930647645023322311885749513749
495	1310760	12420	0.69306344022011101557723122823518
498	1318704	12494	0.69306338306359438483639223704813
501	1326648	12599	0.69306338190249516806318297312828
504	1334592	12684	0.69306310156065653593771003215807
507	1342536	12758	0.69306302989075807552410424250411
510	1350480	12843	0.69306172897801088250702150617144
513	1358424	12918	0.69306167431516974009042542093084
516	1366368	13018	0.69306167516731598254864366026595
519	1374312	13091	0.69306140127350779334136632314767
522	1382256	13156	0.6930613323454364316233977660886
525	1390200	13229	0.69306005432626771600723714072956
528	1398144	13340	0.69306000208527662742596930911532
531	1406088	13425	0.6930600048852958439127291967452
534	1414032	13499	0.6930597372903587460868379821477
537	1421976	13563	0.69305967102952092950829410256119
540	1429920	13636	0.69305841544154356270723837951664
543	1437864	13700	0.69305836555603184123697246832307
546	1445808	13773	0.69305837024016048175667492614593
549	1453752	13838	0.69305810879865670237620633997722
552	1461696	13911	0.69305804513210456097027645228081
555	1469640	14012	0.69305681152215015128348341022502
558	1477584	14097	0.69305676392352821846287724838476
561	1485528	14170	0.69305677042973135026926456703222
564	1493472	14257	0.69305651499945430948912417079555
567	1501416	14330	0.69305645385633007915515690910979
570	1509360	14421	0.69305524177865551749277983617503
573	1517304	14494	0.69305519640430879313441892008996
576	1525248	14560	0.69305520467225545377942808045191
579	1533192	14633	0.69305495511454273671603232287453
582	1541136	14698	0.69305489642552531304176000048756
585	1549080	14771	0.69305370599256144181765648681903
588	1557024	14874	0.69305366277569713240325199876679
591	1564968	14965	0.69305367274544693589888311180403
594	1572912	15039	0.69305342892309773628056746019865
597	1580856	15103	0.69305337261864952136392048487323
600	1588800	15178	0.69305220230730546493447263856069
603	1596744	15247	0.69305216118108559086863351694774
606	1604688	15320	0.69305217279715436440312714694301
609	1612632	15423	0.69305193457932212641736668956582
612	1620576	15509	0.69305188068790213318237647399656
615	1628520	15582	0.69305073062980127041043942881515
618	1636464	15646	0.69305069153395559844454965059413
621	1644408	15719	0.69305070474089802701200824230909
624	1652352	15821	0.6930504719979191374790161717101
627	1660296	15906	0.69305042062168364935814679483883
630	1668240	15979	0.69304929040725771205444516454008
633	1676184	16069	0.69304925386392768338339465117315
636	1684128	16143	0.69304926860638815799831036201795
639	1692072	16210	0.6930490412097994878948270525143
642	1700016	16283	0.69304899167708855500791287340689
645	1707960	16384	0.69304791532209886195659009899828
648	1715904	16469	0.6930478800950299334004967022338
651	1723848	16543	0.69304789630569052505393301544245
654	1731792	16628	0.69304767399279165740466623901739
657	1739736	16701	0.69304762657548668602913721770165
660	1747680	16786	0.69304653426038920205343174529844
663	1755624	16859	0.69304650089432118242882552294759
666	1763568	16926	0.69304651854022703005853145441506
669	1771512	16998	0.69304630133599787189524477071245
672	1779456	17100	0.69304625599630353960378670308273
675	1787400	17185	0.69304518261726411054723939741962
678	1795344	17259	0.69304515105743957903428054123651
681	1803288	17344	0.6930451700884705523719730990706
684	1811232	17417	0.69304495787448350263559859740781
687	1819176	17481	0.69304491455382188913603158653132
690	1827120	17554	0.69304385924008171659949084641994
693	1835064	17618	0.69304382943458153754079376085429
696	1843008	17692	0.69304384980315136832729194793501
699	1850952	17793	0.69304364246527760951011032375391
702	1858896	17878	0.6930436011086824610316625694395
705	1866840	17951	0.69304256374463069079183696885593
708	1874784	18036	0.69304253564214401972520818162593
711	1882728	18109	0.69304255730133601520748243274284
714	1890672	18194	0.6930423547272894779780472163111
717	1898616	18268	0.69304231528014648144875309299096
720	1906560	18353	0.69304129550863124986648244885146
723	1914504	18426	0.69304126905916252354700191062875
726	1922448	18511	0.69304129196335850782162424366106
729	1930392	18584	0.69304109404371783131892925666762
732	1938336	18649	0.69304105645274272085032407630933
735	1946280	18723	0.69304005392471534907627983557177
738	1954224	18824	0.69304002907966111290960498081404
741	1962168	18909	0.69304005318452122086370081888163
744	1970112	18982	0.69303985981245197489641896027024
747	1978056	19046	0.69303982402578723220898382351152
750	1986000	19119	0.69303883824586742790074822551105
753	1993944	19221	0.69303881495886388020011281696497
756	2001888	19306	0.69303884022166772904682829903322
759	2009832	19378	0.69303865129292785418613220826956
762	2017776	19463	0.69303861739298644462081711026258
765	2025720	19536	0.69303764833495229424897843273357
768	2033664	19621	0.69303762655789968860631233837921
771	2041608	19694	0.69303765293582730855348472687183
774	2049552	19758	0.6930374683480137187885361527151
777	2057496	19832	0.69303743601968348375663708793581
780	2065440	19934	0.69303648320310917707587350378162
783	2073384	20018	0.69303646289195963703377856290899
786	2081328	20091	0.69303649034458780775480590818916
789	2089272	20155	0.6930363099983315455787646897079
792	2097216	20228	0.69303627932645039955161792022409
795	2105160	20292	0.69303534243180153762153850038885
798	2113104	20364	0.69303532358322750273060819381499
801	2121048	20466	0.6930353520707888126395346262143
804	2128992	20551	0.69303517586883645051898383826483
807	2136936	20624	0.69303514680649369594789277471136
810	2144880	20688	0.69303422552117377453129165587598
813	2152824	20762	0.6930342080115077241231347215944
816	2160768	20862	0.69303423749546488874528904489125
819	2168712	20946	0.6930340653430226982578687966452
822	2176656	21019	0.69303403784472916715486690009129
825	2184600	21084	0.69303313186334591922133085972746
828	2192544	21157	0.69303311569160508387454910916858
831	2200488	21225	0.69303314613443678382509460789151
834	2208432	21299	0.69303297793883122945857166996575
837	2216376	21395	0.69303295196011949208525493304478
840	2224320	21480	0.69303206098366898491036636187346
843	2232264	21553	0.69303204610948498931577432813356
846	2240208	21637	0.69303207747467931998386347913765
849	2248152	21710	0.69303191314542933465503438128508
852	2256096	21773	0.69303188864302334160072405211395
855	2264040	21848	0.69303101237907738241261768052937
858	2271984	21913	0.6930309987630551837867187714437
861	2279928	21976	0.69303103101515706185864473809488
864	2287872	22049	0.69303087046383182734388128665159
867	2295816	22144	0.69303084739547171633233801912866
870	2303760	22217	0.69302998555811901049139578390168
873	2311704	22289	0.69302997316186520926351022353629
876	2319648	22353	0.69303000626631927616472239606082
879	2327592	22426	0.69302984940679279723951822234085
882	2335536	22528	0.69302982773139998329270383692347
885	2343480	22614	0.69302898004073809623548640956869
888	2351424	22687	0.69302896882693654223572821138077
891	2359368	22754	0.69302900275020895559663358653779
894	2367312	22827	0.69302884949814858028815933721489
897	2375256	22891	0.69302882956705380568251939621405
900	2383200	22955	0.69302799574756612788206666664337
