0	0	0	0.6931471805595997848215006342798
3	8748	123	0.66443397292101524787000244032242
6	17496	242	0.6407692318744599990765209440724
9	26244	354	0.62117691942117569947612309988472
12	34993	465	0.6048596097335809940176432064618
15	43741	576	0.59114931186367059012809477280825
18	52489	689	0.57952826954643876788964007573668
21	61237	801	0.56960126598039717560340022828314
24	69986	913	0.56104053765822758936820946473745
27	78734	1027	0.55358653133038127069909251076751
30	87482	1140	0.54703753225162576878659592694021
33	96230	1252	0.54122863478120941671534183115
36	104979	1367	0.53603052869577305639126052483334
39	113727	1484	0.53134290676591822144558818763471
42	122475	1598	0.52707364140784407346984608011553
45	131223	1711	0.52316261689279897062476720748236
48	139972	1825	0.51954765988271778276441636990057
51	148720	1940	0.51618871498052765200981184534612
54	157468	2053	0.51304822499505042809886390386964
57	166216	2167	0.51009510328084239905166441531037
60	174970	2285	0.50730165792121950651960560207954
63	183719	2397	0.5046506376269362936781703865563
66	192467	2509	0.50212149701505892629427307838341
69	201215	2621	0.49970144278906181156685306632426
72	209963	2734	0.49737826668323686929440441417682
75	218712	2845	0.49514245641018900245811096283433
78	227460	2958	0.49298513717291381208696066096309
81	236208	3071	0.49089855522386982578098013618728
84	244956	3183	0.48887688850811999996537338120106
87	253705	3294	0.48691502501777361722190562431933
90	262453	3407	0.48500825795205321222525185476115
93	271201	3522	0.48315298091827341142590057643247
96	279949	3634	0.48134560500358414270039020266267
99	288698	3746	0.47958383948443938926686769264052
102	297446	3858	0.47786475671144323928984931626474
105	306194	3970	0.47618558985254283433263822189474
108	314942	4082	0.4745454659786753071060161346395
111	323691	4194	0.47294200066364633361359892660403
114	332439	4309	0.47137315570055626778867008397356
117	341187	4420	0.4698374188095666981190845490346
120	349935	4532	0.46833446490853908317220088974864
123	358684	4645	0.46686266685390714892278651859669
126	367432	4757	0.46542089024980903833039747041767
129	376180	4870	0.46400769309987238697701172895904
132	384928	4982	0.46262275538326669277466862695292
135	393677	5095	0.46126480891737292600041087098361
138	402425	5207	0.45993326211186696950150576412852
141	411173	5319	0.45862747654996727231235809085774
144	419922	5430	0.45734618589958109247106676775729
147	428670	5542	0.45608905988389158991935801168438
150	437418	5655	0.4548554252938167286046677872946
153	446166	5766	0.45364473998574261770500015700236
156	454915	5885	0.45245628453656888678935388270475
159	463669	5997	0.45128956182124035922953453336959
162	472417	6110	0.45014419066557259663241552516411
165	481165	6223	0.44901958081386617038788244826719
168	489913	6336	0.44791502317937520460944256228686
171	498662	6448	0.44683021639832570803818612148461
174	507410	6560	0.44576448772384841268134891834052
177	516158	6672	0.44471766982705718262991467781831
180	524906	6784	0.44368893507374712603663624577166
183	533655	6895	0.44267815954037575965074324813031
186	542403	7009	0.44168495125732670780749344885407
189	551151	7120	0.44070861871898936446001471267664
192	559899	7233	0.43974899779128151511287114772131
195	568648	7344	0.4388058607607450700704987411882
198	577396	7456	0.43787854958236877012112131524191
201	586144	7569	0.43696660988297952865622164608794
204	594892	7680	0.43607009139347868709180033874873
207	603641	7792	0.43518828075476756467310224252287
210	612389	7904	0.43432106591248270666127950789814
213	621137	8017	0.43346821332810414606484528121655
216	629885	8129	0.43262909043988373447575668251375
219	638634	8241	0.43180358110760902468072686133382
222	647382	8353	0.43099147981799118545254145828949
225	656130	8466	0.43019238769383721932015873790078
228	664878	8578	0.42940591535870981099165533123596
231	673627	8690	0.42863203416116846256045391783118
234	682375	8803	0.42787037634946095687737965818087
237	691123	8915	0.42712048313681749700521095292061
240	699877	9027	0.42638233403416891942327993092476
243	708626	9139	0.42565536849890078796576631248172
246	717374	9251	0.42493975005923773080596106410667
249	726122	9364	0.42423522062855634207068078467273
252	734870	9476	0.42354131196702121675556895752379
255	743619	9588	0.42285785673384745919634042365942
258	752367	9701	0.42218458713648782110183788063296
261	761115	9816	0.42152138510805492455091325609828
264	769863	9927	0.4208680276915267581827606591105
267	778612	10039	0.42022430814624067707541144045535
270	787360	10151	0.41959007786905688774936606932897
273	796108	10264	0.41896513760056697250888646522071
276	804856	10376	0.41834925837539160831113349559018
279	813605	10489	0.4177423653140054926602431351057
282	822353	10602	0.41714417586840063512099163745006
285	831101	10714	0.41655445466796264808451155658986
288	839849	10826	0.41597312080538045853117523620313
291	848598	10938	0.41540006882524738163198207985261
294	857346	11049	0.41483495464306519018293784029083
297	866094	11165	0.41427777693818534920922047604108
300	874842	11277	0.41372841728569770269885452762537
303	883591	11389	0.41318662969512248706038803902629
306	892339	11502	0.41265227055722830673545331592322
309	901087	11614	0.41212510991001483073858935313183
312	909835	11727	0.41160515218105586665586770322989
315	918584	11838	0.41109227902364386952882568948553
318	927332	11951	0.41058622931594940252963965576782
321	936080	12064	0.41008686985065667673922007452347
324	944828	12176	0.40959416093128420133240297218435
327	953577	12288	0.40910788401654779589122767902154
330	962325	12400	0.40862798565487451485367387249426
333	971073	12512	0.40815431680240626954869753717503
336	979821	12627	0.40768682514872844890874148404691
339	988570	12739	0.4072253205476550896868559448194
342	997318	12851	0.40676978781419587116729985609709
345	1006066	12970	0.40632008186671580984850038475997
348	1014814	13082	0.40587599630337112266431631724117
351	1023563	13194	0.40543754367409351457851585109893
354	1032311	13307	0.40500466253573913499863579090743
357	1041059	13422	0.40457703414222767612784537050175
360	1049807	13535	0.40415470888645516067683161054447
363	1058556	13647	0.40373770995939273209529574160115
366	1067304	13760	0.40332574918625435644869980933436
369	1076052	13873	0.40291881209920843431859793781769
372	1084800	13984	0.4025167115780070581365635007387
375	1093549	14097	0.40211947567954703375292524469842
378	1102297	14209	0.40172703004423571115921731689014
381	1111045	14321	0.40133928517063233165629299037391
384	1119793	14433	0.40095610686362137542460004624445
387	1128542	14545	0.40057741727937523634750505152624
390	1137290	14658	0.40020315172809872716896961719613
393	1146038	14773	0.39983326847313155338881074385426
396	1154786	14887	0.3994677222417558626332834137429
399	1163535	14998	0.39910633552554231062714507061173
402	1172283	15111	0.3987490515725161666082954070589
405	1181031	15226	0.39839589254290097564137340668822
408	1189779	15344	0.3980466929048788182754492481763
411	1198528	15456	0.39770141767433847546087122282188
414	1207276	15568	0.3973600842056858595263690858701
417	1216024	15683	0.39702250981167519494619000397506
420	1224772	15795	0.39668870784511434113284167324309
423	1233521	15910	0.39635858024944603528183506568894
426	1242269	16022	0.39603202471834103581826980189362
429	1251023	16140	0.39570909551417315919152883907373
432	1259771	16252	0.39538962454795789636108338527265
435	1268520	16364	0.39507360158830856500244976814429
438	1277268	16476	0.39476097262949261246234300415381
441	1286016	16588	0.39445170352338693176008632690355
444	1294764	16700	0.39414569695591883391472265429911
447	1303513	16812	0.39384291181963781980357452994213
450	1312261	16927	0.39354335727213995976825344769168
453	1321009	17039	0.39324690803458883792131928203162
456	1329757	17152	0.3929535689309165968907677779498
459	1338506	17264	0.39266325189566825271114680617757
462	1347254	17375	0.39237592160396211893313989094167
465	1356002	17487	0.39209150195825148710326857326436
468	1364750	17599	0.39181001850655627904984612541739
471	1373499	17711	0.39153135884747058970134503397276
474	1382247	17823	0.3912555479092614252323301116121
477	1390995	17934	0.39098248005041680297466655247263
480	1399743	18049	0.39071220956623409215069386846153
483	1408492	18161	0.390444580039502109336524426908
486	1417240	18273	0.39017957043029166674941166093049
489	1425988	18385	0.38991715106885593833396796981106
492	1434736	18498	0.38965733250500744766497973614605
495	1443485	18610	0.38940003319339727694270436586521
498	1452233	18723	0.38914521240122951217799140977149
501	1460981	18837	0.38889284159318465716737023285532
504	1469729	18950	0.38864287324014346047817980434047
507	1478478	19065	0.3883953005279993098142199414724
510	1487226	19177	0.38815006347450298207490959612187
513	1495974	19290	0.38790712506990560060060602154408
516	1504722	19402	0.3876664704033684349937516344653
519	1513471	19521	0.3874280710223577672834949225944
522	1522219	19635	0.38719190409493448035149754105078
525	1530967	19747	0.3869579147701853183427544990991
528	1539715	19859	0.38672607050775692494326563064533
531	1548464	19971	0.38649636209349991222694598036469
534	1557212	20085	0.38626870871370966309399364035926
537	1565960	20198	0.38604316003131261547665076250269
540	1574708	20313	0.38581964252370593015939448378049
543	1583457	20427	0.38559811381362413262863242380263
546	1592205	20540	0.385378596860965816350841350868
549	1600953	20651	0.38516099003419174140461223032617
552	1609701	20763	0.38494534294076870883927199429309
555	1618450	20875	0.38473157187482309726789253545576
558	1627198	20987	0.38451966230381939837457139219623
561	1635946	21101	0.38430960272849185033194885363628
564	1644694	21214	0.38410137456984921877634064912854
567	1653443	21326	0.38389493718332273752835703817254
570	1662191	21438	0.38369027926079884993626478717488
573	1670939	21550	0.38348737052028725180718993215123
576	1679688	21664	0.38328618512094653203448046951962
579	1688436	21776	0.3830867214895067318636279196653
582	1697190	21888	0.38288894401008932710794852027902
585	1705938	22002	0.3826928323346397986526312706701
588	1714686	22116	0.38249832053694526878828696681012
591	1723435	22228	0.38230544692285711727564034845273
594	1732183	22340	0.38211416134436010372255054790003
597	1740931	22452	0.38192444856449370149675814900547
600	1749679	22565	0.38173629326792657412426024166052
603	1758434	22676	0.38154966484248564739800713141449
606	1767182	22788	0.38136455437137622981325080218085
609	1775930	22901	0.38118096771416709600543981650844
612	1784678	23015	0.38099885046871839744397902904893
615	1793427	23135	0.38081816676888824435565084058908
618	1802175	23254	0.3806389316815110834824054109049
621	1810923	23366	0.3804611322436637910193724110286
624	1819671	23478	0.38028473909866511437627423219965
627	1828420	23598	0.3801097300358189379210216429783
630	1837168	23710	0.37993608422737801255664180644089
633	1845916	23826	0.37976378336440441696453262920841
636	1854664	23938	0.37959281759889829110932168987347
639	1863413	24052	0.37942317769515987446737881327863
642	1872161	24164	0.37925485491104388158234428374271
645	1880909	24281	0.37908779362558381320624789623253
648	1889657	24393	0.37892201854101897895432671248273
651	1898406	24504	0.37875750364355814658878784939589
654	1907154	24616	0.37859422934866454601987584283052
657	1915902	24736	0.37843216916259625470786431833403
660	1924650	24860	0.37827134773120763000520128116477
663	1933399	24983	0.37811172788920904830334279722592
666	1942147	25108	0.37795325335792240295518240600359
669	1950895	25225	0.37779596349386279641180408361834
672	1959643	25336	0.37763983666732697797030482433911
675	1968392	25451	0.37748486086128546501683445058006
678	1977146	25564	0.37733101349820541425827968851081
681	1985894	25682	0.37717827974202683405380298609089
684	1994642	25794	0.37702664464039131742012500581041
687	2003391	25905	0.37687610280161193410108921852952
690	2012139	26017	0.3767266480919068127874993479054
693	2020887	26129	0.3765782575185924185845465217426
696	2029635	26242	0.37643091919756910268546334918938
699	2038389	26357	0.37628460828911702851229392763344
702	2047138	26469	0.37613932784922532448490528622642
705	2055886	26581	0.37599507405256143988125927535293
708	2064634	26693	0.37585183299506003118395369710925
711	2073382	26806	0.37570958633518647395987954951124
714	2082137	26918	0.37556833133374090127887257040129
717	2090885	27030	0.37542805215314672961923747607216
720	2099633	27142	0.37528873533838036369303381434293
723	2108381	27256	0.37515036614359326128109728415438
726	2117130	27368	0.37501293523156997711254234673106
729	2125878	27480	0.37487644228099681331656256588758
732	2134626	27597	0.37474086914449622476297463435913
735	2143374	27710	0.374606207649574474150000469308
738	2152123	27823	0.37447244781799576829328657368023
741	2160871	27935	0.37433958129451333496362508412858
744	2169619	28051	0.37420760001142544526331334964198
747	2178367	28163	0.37407649313054253115140568297647
750	2187116	28276	0.3739462482078749760994185180607
753	2195864	28389	0.37381686069714759046433982803137
756	2204612	28501	0.37368832709381616385968527538353
759	2213360	28614	0.37356062952349894379366901375761
762	2222109	28726	0.37343375254696969944845363897912
765	2230857	28840	0.3733077056159955775527237165079
768	2239605	28952	0.37318245924253995449149101659714
771	2248353	29065	0.3730580152179789887867400466348
774	2257108	29177	0.37293436631573312345366844056116
777	2265856	29292	0.37281150538981355779810655803885
780	2274604	29404	0.37268941424227841618943557477905
783	2283358	29516	0.37256810125448108772516775388794
786	2292106	29628	0.37244755560719727816021418220771
789	2300855	29740	0.37232776304434134218013241479639
792	2309603	29851	0.37220872447562558527067722025095
795	2318351	29963	0.37209042389440044606985225073004
798	2327099	30075	0.37197286009144703289308608873398
801	2335848	30188	0.37185601585408578628744180605281
804	2344602	30307	0.37173988810392100123891623297823
807	2353350	30419	0.37162447498501749443278185935924
810	2362098	30531	0.37150975443551575994050040208094
813	2370847	30642	0.37139573279430265762002250085061
816	2379595	30754	0.3712824072021788102127004549402
819	2388343	30866	0.37116976008446334045487446928746
822	2397091	30978	0.37105779248039810758186263228708
825	2405840	31090	0.37094649672297624887207234678499
828	2414588	31203	0.3708358642078077860304574642214
831	2423342	31318	0.37072588813436274657320268488547
834	2432090	31430	0.3706165633836596695616094621073
837	2440839	31542	0.37050788078910623646322619606508
840	2449587	31655	0.37039984272252818309212329950242
843	2458341	31767	0.37029243738716755007800429666531
846	2467089	31879	0.37018564547258475672109057086345
849	2475837	31992	0.37007948544819668779126686786185
852	2484586	32105	0.36997393725643212825104910734808
855	2493334	32216	0.36986899696351960287188376241829
858	2502082	32330	0.36976466541360636375301851330732
861	2510830	32442	0.36966093003453470711150430361158
864	2519579	32555	0.3695577904200297303383138114441
867	2528327	32667	0.36945522358594184986202435538871
870	2537075	32779	0.36935325012617487017152484440885
873	2545823	32891	0.36925185186729270192529384075897
876	2554572	33003	0.36915102412411376908707438815327
879	2563320	33116	0.36905076351568094628063931850193
882	2572068	33229	0.36895105674176181809187369253777
885	2580816	33347	0.36885191480644741179872880820767
888	2589565	33460	0.3687533106776599289844398299465
891	2598313	33571	0.36865526166660012030718007736141
894	2607061	33684	0.36855774387115330936737223055388
897	2615810	33796	0.3684607670371253806962386079249
900	2624558	33909	0.36836431756700566131357277299685
