0	0	0	0.6931471805595997848215006342798
3	17458	3580	0.533128414246261783659974753391
6	34574	7593	0.49570333409790079404189100387157
9	51350	11173	0.47304850790699282114815105160233
12	68467	15216	0.45548684310830761523547494107333
15	85583	18881	0.44206396852670842845256515829533
18	102700	22837	0.43133304320756055139085560767853
21	119817	26677	0.42221933167519087870545035912073
24	137275	30451	0.41463594166939737872823457109916
27	154051	34266	0.40817209933184789294458028052759
30	171167	37997	0.40291459745359209376758258258633
33	187943	41762	0.39848533131183316857715226433356
36	204718	45605	0.3943926985063193613179066687735
39	222176	49643	0.39081081821583335544900705826876
42	239634	53304	0.38758965146591412009868804489088
45	256751	57257	0.38486328287938781356203321593057
48	273526	60921	0.38251912653282432730250661734317
51	290985	65045	0.38022099424988448079787417555053
54	308101	68628	0.37813608656978192623654422277468
57	325218	72688	0.37619365419964423402632291981718
60	342335	76241	0.37450269782378059479910348272824
63	359110	80392	0.37305200022475265564381174954178
66	376910	84134	0.37156501420736415264300944727438
69	394027	88036	0.37018152231281009623131694752374
72	411144	91739	0.36886167649873158325135591439903
75	427919	95495	0.36768744174107531597073261764308
78	444694	99355	0.36669069241691626404033854669251
81	461811	103042	0.36563852712965499991426554515783
84	478586	106977	0.3646405587488377175731102397549
87	495703	110588	0.36367241067168731838421535940142
90	512479	114585	0.36279475784319981102044039289467
93	529595	118239	0.36206272940190153963868624487077
96	546712	122211	0.36127423229796346015874064505624
99	563487	125878	0.36051435349914795480685825168621
102	580946	129912	0.3597691740942385862922492378857
105	597721	133410	0.35908123154640508856161318362865
108	614496	137406	0.35851862958490882116180387129134
111	631271	140941	0.35790721424867860678276088037819
114	648047	145203	0.35730677943181088362933905955288
117	666188	148868	0.35670993687783719705564067226078
120	682963	152687	0.35615273569006505871570311683172
123	699739	156395	0.35570721208690658787787697292515
126	716514	160157	0.35521717606936387134908272855682
129	733289	163924	0.35472720434452487126009145868011
132	750065	167651	0.35423864382794750804706040980818
135	766840	171560	0.35377898473512053856282477681816
138	783957	175222	0.35341629511552818954100985138211
141	800732	179203	0.35301624410634113715445892012212
144	817849	182779	0.35261182990208439491652825381607
147	834624	186736	0.35220562508831726455937882747094
150	851400	190509	0.35181844851277105368225761594658
153	869199	194568	0.3515184589477269860857688854594
156	885974	198348	0.35118505986613390845718640775885
159	903774	202304	0.35084258176714883115110410471971
162	920550	205984	0.35049928697454618697904038526758
165	937666	209969	0.35017173811681245876314960696618
168	954783	213724	0.34992044139435629634959923350834
171	971900	217552	0.34964048953922538531813302142837
174	988675	221285	0.34934837094906434629137947922572
177	1005451	225132	0.34905504818510729725389296618232
180	1022567	229224	0.348773624033069606920065552913
183	1040367	232859	0.34856179023272076955564102718199
186	1057142	236859	0.34832441624037602245778089127271
189	1074259	240436	0.34807252357708168277738991491788
192	1091035	244593	0.34781850000260083888292683695909
195	1108493	248103	0.34757472492011026732328105026681
198	1125268	252147	0.34739282776059798862888783332892
201	1142043	255658	0.34718985195764079376701261026028
204	1158818	259750	0.34697073668123684653252780663024
207	1175936	263478	0.34674986357801396152922279725317
210	1193394	267476	0.34653726187206757014536151473294
213	1210510	271122	0.34638053713986988180195680797624
216	1227286	275051	0.34620577340860980708470151512302
219	1244402	278773	0.34601377055811821659148108665249
222	1261178	282538	0.34582020125899609608310925068508
225	1277953	286598	0.34563354039537763640055345604196
228	1295753	290366	0.34549760960026648648479863368266
231	1312870	294338	0.34534731362888260175481036640122
234	1329986	298118	0.34517771382296863480476645236195
237	1347445	302292	0.34500712900450758446879717666889
240	1364903	305813	0.3448433332587958477510881039052
243	1381678	310370	0.34472481624292722335312078030256
246	1400502	314145	0.34459298501243412760075557343953
249	1417960	318050	0.34444231828282101393057246241369
252	1434736	321918	0.34429110971388321438269031204982
255	1452194	325906	0.34414486018410606060768941460992
258	1469652	329808	0.34404184075932936481834190090012
261	1486769	333508	0.34392653734056793934925622124865
264	1503544	337576	0.34379091278352880145519065990811
267	1521003	341204	0.34365621957691921961597358858853
270	1537778	345257	0.34352578736054234509467164571106
273	1554895	348885	0.34343415020068862597568681849225
276	1572011	353023	0.34333288236387160541340790587128
279	1589128	356542	0.34321181696135699690231035674515
282	1605904	360653	0.3430913102191581742772541474551
285	1623020	364227	0.34297448952391623722135705065739
288	1639796	368178	0.3428934166896626112297497002146
291	1656571	371917	0.34280410306815412013747845776379
294	1673688	375953	0.3426956828387096587462679053715
297	1691146	379701	0.34258741735202846712127211503685
300	1707921	383465	0.34248336402010592927069865254452
303	1724697	387458	0.34241132580492650294701206803438
306	1742155	391159	0.34233226121280874165719865231949
309	1758930	395032	0.34223307075386605324851529985608
312	1775706	398925	0.34213533476705942915074842858303
315	1793505	403001	0.34204050719613626752035884237557
318	1810622	406688	0.34197622524937781873788367192901
321	1828080	410826	0.34190607152657437328713285751292
324	1845197	414527	0.34181572935491427722709545378166
327	1862655	418567	0.34172721907685138509336297829577
330	1879772	422207	0.34164131119193619223750602031942
333	1896547	426172	0.34158377987497057226562446885509
336	1913664	429976	0.34152139796134428628704426955665
339	1930781	433845	0.3414387314021826713705820566247
342	1947898	437831	0.34135934463558526008597482359619
345	1965356	441710	0.34128125360355143769197638903279
348	1982814	445600	0.34122966577607971583319113051402
351	1999589	449305	0.34117403244715044374757439982204
354	2016706	453551	0.3410981493506360373579866518412
357	2034506	457156	0.34102581621354433050186116815894
360	2051623	460252	0.34095464008022680069132093194639
363	2068398	463693	0.34090908320904378392413036635844
366	2085173	468420	0.34085936881664063990982072027691
369	2102290	472408	0.34078961248883521406582985946443
372	2119066	475979	0.34072256698142411313057209554245
375	2135841	479994	0.34065744926054664087899936930626
378	2152958	483639	0.34061548729426832649025413957133
381	2169733	487496	0.34057102869735711436760539072566
384	2186508	491403	0.34050647797649952197573952616949
387	2203967	495256	0.34044598907085882322220982132421
390	2221083	499084	0.34038627372648305735580720465805
393	2237859	502864	0.34034731417946001430507863005914
396	2254975	506753	0.34030850985543631415097820536175
399	2271750	510384	0.34024865770336448766997250459099
402	2288526	514417	0.34019314231584790730877898567996
405	2305643	518058	0.34013823521423475204628061874246
408	2322760	522097	0.34010387275947273622023203643039
411	2339535	526028	0.34006917295839539372437343445199
414	2358017	530260	0.34001246937554113758395146760449
417	2375817	534264	0.33996043786865054459056523228355
420	2393958	538185	0.33990985133825907249516262709221
423	2411075	541949	0.33987961615953538041523529500409
426	2427850	545782	0.33984759053546964580050371296238
429	2444967	549713	0.33979571477469189266784610481409
432	2462084	553396	0.33974761827609945008532577048754
435	2478859	557305	0.33970088483557947522939457485336
438	2495635	560918	0.33967348834890381814588522502163
441	2512410	565065	0.33964478069826326001034999535477
444	2529868	568607	0.33959624058828996595593707752414
447	2546644	572679	0.33955171565774322495201431593159
450	2563419	576283	0.33950744005807975689492650417378
453	2580536	580468	0.33948157109993803981495830157655
456	2597994	584065	0.33945582563731785397109774748969
459	2614769	587999	0.33941030815869738246348674692854
462	2631545	591672	0.33936902302985599844120656598534
465	2648320	595613	0.33932886220142655098186423856532
468	2665437	599361	0.33930620188757615318664306869323
471	2682212	603242	0.33928306714501804686179298187199
474	2699328	607243	0.33924051041904046410735418248805
477	2716787	610936	0.3392030272855732220271818277979
480	2733562	614845	0.33916565818570398871401039286866
483	2750338	618632	0.33914405086135673839109472282871
486	2767796	622656	0.3391233296319047241240696166642
489	2784571	626259	0.33908323522538169614293224185531
492	2801688	630501	0.33904739301746289470429474022239
495	2819146	634054	0.33901257345295343625934947340284
498	2835921	638126	0.33899280104497447885236738329695
501	2853038	642039	0.3389743390570749137502559733548
504	2870838	645912	0.33893736932092266567195792958955
507	2887613	649648	0.33890398235543628402410831768066
510	2904389	653457	0.33887151766605194680437307397369
513	2921164	657237	0.33885338081606858340322219191876
516	2937939	661070	0.33883689017416990241216012691439
519	2955056	665032	0.33880102278382151492763796341023
522	2972173	668772	0.33876981485306278951696867807186
525	2989290	672830	0.33873947419593186669573015024071
528	3006406	676552	0.33872281676248033877030252369877
531	3023864	680620	0.33870810881187352059384920721641
534	3040640	684147	0.33867410548370296963227588094014
537	3057415	688340	0.33864493095470904471255835233023
540	3074874	691932	0.33861651369249523568782933580223
543	3091649	695951	0.33860121268807269467870924017916
546	3108765	699725	0.33858815944020481669696209792164
549	3125882	703586	0.3385559280372271717673982038832
552	3142658	707320	0.33852853385061337787576007940515
555	3159433	711282	0.33850188496184130393373834522208
558	3176891	715213	0.33848788171132943025654071789177
561	3194008	719065	0.33847631612938006151480863081815
564	3211466	723388	0.33844565655888236843651384333498
567	3229608	726923	0.33841988679135076578674556913029
570	3246383	730976	0.33839485490188708771697179145121
573	3263158	734585	0.33838196374399176491465368599165
576	3280275	738612	0.33837176446601863188945458205126
579	3297050	742285	0.3383435628695947716693126494647
582	3314167	746224	0.33831935538359614312753365084063
585	3330942	749863	0.33829581753887477679754169912485
588	3347718	753921	0.33828397565538054214684393627977
591	3365176	757821	0.33827499170805791495197922813531
594	3382634	761855	0.33824713246574716896120094133948
597	3400434	765729	0.33822432451034556422087007376831
600	3417209	769485	0.33820217305214445024930114414019
603	3434326	773524	0.33819129195948666177784502906434
606	3451442	777095	0.33818347715874630399213174314355
609	3468218	781395	0.33815687435297892005081621391582
612	3486018	785173	0.3381353530441604804401833916927
615	3503817	789252	0.33811447215482876016423574583314
618	3520934	792957	0.33810539877427098209849987142661
621	3538051	797049	0.33809866812875355446266212311457
624	3555509	800770	0.3380731819926928727326753687521
627	3572285	804606	0.33805286278968349478191157686524
630	3589060	808560	0.33803315320087629070044954460172
633	3606518	812305	0.33802384665431950416802919789916
636	3623293	816177	0.33801809791918951964007078458962
639	3640068	819938	0.33799374607468868347837087640073
642	3657186	824070	0.33797446923697410658959938700718
645	3674644	827706	0.3379558533469430581241965683148
648	3691760	831834	0.33794728205581164859339082795486
651	3708877	835354	0.33794246896806195978868458951183
654	3725652	839388	0.33792006228216114882556553311588
657	3742428	842936	0.33790181516830580799037875294744
660	3759203	846984	0.33788417697928069260981942534272
663	3776320	850699	0.33787528429516200390025915112346
666	3793437	854845	0.33787230707891896530625785999291
669	3811236	858654	0.33784977551017209007611086235556
672	3828353	862602	0.33783249298779405300763301056577
675	3845811	866808	0.3378157965771618198580483749538
678	3863952	870450	0.33780748259625931195770931481093
681	3880728	874592	0.33780529362751687827426394505892
684	3898186	878302	0.33778364336224625530391563188459
687	3915644	882363	0.3377672206244752839410239175777
690	3932420	886046	0.33775236989994800174130773484649
693	3949878	890118	0.33774468264037793563403511143406
696	3966995	893714	0.33774223025853639112980886238802
699	3983770	897707	0.33772132816096828156204878723656
702	4000887	901659	0.33770669267373970567902574657637
705	4018686	905813	0.33769068247451033970563116781705
708	4036828	909708	0.33768447995791639471008238615468
711	4053944	913404	0.33768264921671137246406146914524
714	4070719	917378	0.33766358356698861209466144828184
717	4087837	921083	0.33764868446073492691539286170155
720	4104953	925055	0.33763440566750280158458963342127
723	4121729	928672	0.33762863604955373197924473060993
726	4138845	932719	0.33762750801099206121591578266816
729	4155620	936243	0.33760805840718310921744205188588
732	4172396	940362	0.33759387948243113619639643729897
735	4189513	944112	0.33758029243758319593027295013599
738	4206971	948120	0.33757502780811421416728990152478
741	4224088	951873	0.33757446263506635242279685371614
744	4241204	955727	0.33755553674473470771033589699073
747	4257980	959543	0.33754206352505489174831154741696
750	4275097	963324	0.33752916266503407705101835745154
753	4291872	967315	0.33752437106268373678830130302231
756	4309330	971093	0.33752434041452256119342223428248
759	4326447	975191	0.33750599097469108356150968575093
762	4343905	978941	0.33749312734218189779866747812775
765	4361364	983147	0.33748082381104527183168784176814
768	4378822	986832	0.33747639260344070022412665821321
771	4396280	990839	0.33747693795960220786156469330308
774	4413055	994598	0.33745922167621528187098078888084
777	4430514	998518	0.33744685250205208593143879625131
780	4447289	1002451	0.337435091808564457949159987038
783	4465088	1006289	0.33743096329935962085500023022178
786	4481864	1010217	0.3374319381465689104970806511119
789	4499322	1013978	0.33741473482956335638860423387086
792	4516098	1017817	0.33740296842407746513714528191485
795	4532873	1021591	0.33739175914679880863289440640074
798	4549989	1025501	0.33738901123770265177981286797149
801	4566765	1029181	0.33739045072016521364943741900788
804	4583881	1033260	0.33737362922013258703657356818439
807	4600999	1037039	0.33736237904921734243046671508637
810	4618798	1041408	0.33735168602007348237492578846286
813	4636939	1044990	0.3373482358135636016704950179701
816	4653714	1048994	0.33735011048212792950096172717167
819	4670831	1052656	0.33733378391576218646719098614994
822	4687607	1056528	0.33732296291449193059719391385443
825	4704382	1060335	0.33731275094965362804089181736344
828	4721499	1064291	0.33730957831835373106343922700034
831	4738957	1068110	0.33731182888668170827273229406273
834	4755732	1071814	0.33729597714012110598602589561779
837	4772508	1075984	0.33728557933842912008870484896761
840	4790307	1079660	0.3372748139001471301412493630778
843	4807424	1083667	0.3372728724136536682109976936772
846	4824199	1087444	0.33727552485662820602740907816042
849	4841999	1091574	0.33726007637315341680661617829173
852	4859116	1095121	0.33725007238256810015997189111658
855	4875891	1099081	0.33723972320009187875200495909667
858	4892666	1102686	0.33723805671486439816675328984275
861	4909442	1106689	0.33724100174255083883778638664808
864	4926558	1110447	0.33722491694718381705087040245417
867	4943676	1114284	0.33721632180968530434483909630217
870	4960451	1118037	0.33720638326075352830812903448532
873	4977226	1122047	0.33720392753419392573022150827455
876	4995026	1125896	0.33720922340363101987747995735845
879	5011801	1129557	0.33719350804069198046519773015461
882	5028577	1133560	0.33718427501281161839941091784567
885	5045693	1137159	0.33717567130516490347957869744278
888	5062468	1141229	0.3371734945044416176251900196803
891	5079585	1144761	0.33717712227760132659426517420798
894	5096360	1148918	0.3371627111626443462633062608802
897	5113478	1152617	0.33715378992303945970832046441501
900	5130936	1156315	0.33714554383554395933231262461049
