0	0	0	0.6931471805595997848215006342798
3	1616	4	0.53888512474194483203859817876946
6	3233	8	0.49843277752053521956199233500229
9	4850	12	0.47497913230647731408495815230708
12	6467	16	0.45675513842676085385363649038482
15	8084	20	0.44278476891422818839672004287422
18	9700	24	0.43169782765326841778019684170431
21	11317	27	0.4224153816408953709959916977823
24	12934	31	0.41487557719442796910769288842857
27	14551	34	0.40837912730617004219979548906849
30	16168	38	0.40304101003970516092778098027338
33	17784	42	0.39854323118411688620099653235229
36	19401	45	0.39438966726543805974003475967038
39	21018	49	0.3907587728809422400466644376138
42	22635	53	0.38750562318821724083761637302814
45	24252	57	0.38475642874436477569588532787748
48	25868	61	0.38240106568692011634880145720672
51	27485	65	0.38008142354843188481794413746684
54	29102	70	0.37797807113755182983894087556109
57	30719	74	0.37603992443515354970884345675586
60	32336	78	0.37435420786966605577461564280384
63	33952	82	0.37290446591910803020297748844314
66	35569	86	0.37140915662215773229704041114019
69	37186	90	0.370030545314115666410970106881
72	38803	94	0.3687176545477026112784812994505
75	40420	97	0.36755821156593532217371489423385
78	42036	101	0.36656669309505213183442151603231
81	43653	105	0.36552283226236520485841197114496
84	45270	109	0.36454161536150131439626420615241
87	46887	112	0.36358011935795592206588366934739
90	48504	116	0.36270765683281336322352217393927
93	50121	119	0.36198061443056689379105250736757
96	51737	123	0.36119051666721208038168811071955
99	53354	127	0.36043116906006927857575306006765
102	54971	131	0.35968529666181070503228056622902
105	56588	136	0.35900959279774891097503086712095
108	58205	140	0.358452998880736561915227866848
111	59821	143	0.35783821088196532400615978986025
114	61438	148	0.35724833011818585282171056860534
117	63055	152	0.35665483108413931212510306067998
120	64672	156	0.35610414573344623123674068665423
123	66289	160	0.35565808514623326042070061703271
126	67905	163	0.35516513155256390632530383300036
129	69522	167	0.35467354349004537317213703317975
132	71139	170	0.354186156624776149470790187479
135	72756	174	0.3537307145321541002047638357908
138	74373	177	0.35336732517976421341643344931072
141	75989	181	0.35296765826565801305036984558683
144	77606	185	0.35256701821550046060949057391554
147	79223	188	0.35216585647336473563484560145298
150	80840	192	0.35178103328073834221711990721815
153	82457	196	0.35148273282742076295548372399935
156	84073	200	0.35115147952340414194694062643975
159	85690	204	0.35080678212815508132393915730063
162	87307	208	0.35046386152615760511963571843808
165	88924	213	0.35013969063400030012900288056699
168	90541	217	0.34988614674336732113246739572787
171	92157	221	0.34960915273616088860819672845537
174	93774	225	0.34931591325549421478413592012657
177	95391	229	0.34902544335983309853332912098267
180	97008	232	0.34874664492921947367420898444834
183	98625	236	0.34853369310917470258459616161417
186	100242	239	0.34829783067912317706671387895767
189	101858	243	0.34804794727777821350400699884631
192	103475	246	0.34779383135770630675054349012498
195	105092	250	0.34755036920921655863025989674497
198	106709	253	0.3473688373734474810206052097783
201	108326	257	0.34716860981533825825096073458553
204	109942	261	0.34694610853712781750601834573899
207	111560	265	0.34672794045206850599427639281203
210	113176	270	0.34651751663961527505364301759982
213	114793	274	0.34636214640428436561947478367074
216	116410	278	0.34618990129525362142715039226459
219	118026	282	0.34599851534264380870098420928116
222	119644	286	0.34580513415841668267702857519907
225	121260	290	0.34561855100457244960310276837845
228	122877	294	0.34548411597222677960061787416635
231	124494	298	0.34533297681592267647232574745431
234	126110	301	0.34516409110854273656343593756901
237	127728	305	0.34499538260472001338641234724491
240	129344	308	0.34483233615902164626021431104164
243	130961	312	0.34471206442354229704250201393734
246	132578	316	0.34458009184191168428057494566019
249	134194	319	0.34443207918514545662347359211708
252	135812	323	0.34428074235641054068324251602462
255	137428	327	0.34413503559132868625525247807673
258	139045	331	0.34403051343871021705567159187922
261	140662	335	0.34391611009665040699090354792133
264	142279	339	0.34378643192467178701932084550208
267	143896	343	0.34364940872944504945962762576528
270	145512	347	0.34351925655815235272072527550336
273	147129	351	0.34342654470377859121654751106689
276	148746	355	0.3433255127804200057539674162399
279	150363	359	0.34320143403358654987655995682871
282	151980	363	0.34308323899238701848446453368524
285	153596	366	0.34296786862637085313565421529347
288	155213	370	0.34288643116119515985573684702103
291	156830	373	0.34279653469464255177712175282068
294	158447	377	0.34269098094234390350365515587328
297	160064	380	0.34258204388029528386638844494883
300	161681	384	0.34247976730543189249900137838267
303	163297	387	0.34240767173433211967292777444527
306	164914	391	0.34232706211069752200160110078286
309	166531	394	0.34223177344562921708970293366292
312	168148	399	0.34213254183229613314409789381898
315	169765	403	0.34203880135618025537524999890593
318	171381	407	0.34197425686448723602950394706568
321	172998	411	0.34190470641213732694296822955948
324	174615	415	0.34181536681523649878755577447009
327	176232	419	0.34172613909533433584897466062102
330	177849	423	0.34164023500033924296559462163714
333	179465	427	0.3415827307446838156934632024786
336	181082	431	0.34152072535351418736127016018145
339	182699	434	0.34144069878355909342104723691591
342	184316	438	0.34135936262028332421891718695406
345	185933	441	0.34128110469065975340896557099768
348	187549	445	0.34122913483913047683060426606971
351	189166	448	0.34117379294082345042582460337144
354	190783	452	0.34109738005253759096646604120906
357	192400	455	0.34102700495092902466254258797562
360	194017	459	0.34095510898517056297407634701813
363	195633	462	0.3409087692101340216765947843669
366	197250	466	0.34085878641915795528305466177699
369	198867	470	0.34079020045559338392138215567684
372	200484	474	0.34072317865458007224432890325261
375	202101	478	0.34066014170380454206821241314174
378	203718	482	0.3406186245922698252464044799126
381	205334	487	0.34057477516753387192238733405247
384	206951	491	0.34050968555020466599358996973024
387	208568	495	0.34044918697070791768766184759443
390	210185	498	0.3403885881971011606594856857555
393	211802	502	0.34034975028993325052439899991441
396	213418	505	0.34031145888062808158025518423528
399	215035	509	0.34025202989068359382685002856306
402	216652	512	0.34019644395373349610167679202277
405	218269	516	0.34014117940362897929418295461801
408	219886	519	0.34010851679973930217215638549533
411	221502	523	0.34007203494715138036852408731647
414	223119	526	0.34001630188385717490362480930344
417	224736	530	0.33996450147748663583868733439886
420	226353	534	0.33991346936844824000445441924967
423	227970	538	0.3398814094220978243576780641888
426	229586	542	0.33984962235519466933197918478982
429	231203	546	0.33979741132255314450816285898327
432	232820	550	0.33974960429268341588482371662394
435	234437	554	0.33970286102390651050697556456726
438	236054	559	0.33967364505489916481906220724341
441	237670	563	0.33964661451001582070929885048827
444	239287	566	0.33959996688080884563731842717971
447	240904	569	0.3395538984620826705729257355415
450	242521	573	0.33951051254366249043670222818037
453	244138	577	0.33948548410783224715814299088379
456	245754	580	0.33945952050265543187279604353535
459	247371	584	0.33941171046471052541448898409726
462	248988	587	0.33937205702955491881667171583103
465	250605	591	0.33933279766652651998626311069529
468	252222	594	0.3393111658755985637903052065667
471	253839	598	0.33928838154182405784098364165402
474	255455	602	0.33924225479292080542847998003708
477	257072	606	0.33920551166417245436690564019955
480	258689	610	0.33916886308512972370010629674653
483	260306	614	0.33914767044152255293099074151542
486	261923	618	0.33912783556692066566640164637647
489	263539	622	0.33908489144782355539931018029165
492	265157	627	0.33905025362692975399170336459065
495	266773	631	0.33901616195042960644201457398594
498	268390	634	0.33899549196246459015213758902973
501	270007	638	0.33897618903971410420083998360496
504	271623	641	0.33893975045693708336713712014898
507	273241	645	0.3389069514919927916807296242041
510	274857	648	0.33887378498791703718140411183413
513	276474	652	0.3388563938656062868304275070841
516	278091	655	0.33884043312475042863951557592372
519	279707	659	0.33880627883669839350844199543644
522	281325	662	0.33877346233508032202763615714503
525	282941	666	0.33874273150087719219669679660001
528	284558	669	0.33872482663304942507309647226066
531	286175	672	0.33870999593682854511556001853023
534	287791	675	0.33867662017806615670778569437971
537	289409	678	0.33864706684527950963925491123518
540	291025	681	0.33861860079091971043041553457442
543	292642	684	0.33860364436377504704367424892553
546	294259	687	0.33859165684496156378813225273916
549	295876	690	0.33855828738313670234205687847862
552	297493	693	0.33853122423353765313436269934755
555	299109	696	0.33850440402080206325763356289826
558	300726	700	0.33849066158798724046619099681266
561	302343	704	0.33847922934391472260529099003179
564	303960	707	0.3384484149762332916289153672551
567	305577	711	0.3384223645999266949502271017991
570	307193	714	0.33839674953192283579639365598268
573	308810	717	0.3383839234331507128672456019558
576	310427	721	0.3383753820252049515637793319911
579	312044	724	0.33834438512875003590707478906552
582	313661	728	0.33832157289468217653549686474435
585	315278	731	0.33829823840243450350229181822215
588	316894	736	0.33828607756775502801716015710554
591	318511	741	0.3382754433519161718635359648033
594	320128	746	0.33825467717920199017811455632909
597	321745	751	0.33822800806749486746127786318539
600	323362	756	0.33820509330938386405307483073557
603	324978	761	0.33819194719908773905103771539871
606	326595	766	0.33818309386387257475803380657453
609	328212	770	0.33815959904652820311454775037419
612	329829	774	0.3381376707912585599657973034482
615	331446	779	0.33811662077767151712848203715112
618	333062	783	0.33810543244571150678368098851934
621	334679	787	0.33809934253497664347065665424452
624	336296	791	0.33807293387356768255003203194065
627	337913	795	0.33805383104325043008842044400808
630	339530	799	0.33803430181944615906530771098915
633	341146	803	0.33802377484857187850408877238806
636	342763	806	0.33801647270540807754812817620405
639	344380	810	0.33799840040704043353514407499461
642	345997	813	0.33797615858258545085135438057478
645	347614	817	0.33795698654684314110596687896759
648	349230	820	0.33794725098901695625741581352486
651	350847	824	0.33794299055911192208867532826844
654	352464	827	0.33791933985712635513110058127495
657	354081	831	0.3379023830190961974473395912355
660	355698	835	0.33788467091228813199421665558475
663	357315	839	0.3378768502304558829507641348755
666	358931	843	0.33787410410250551251465367386118
669	360548	847	0.3378529556758065321986350681982
672	362165	851	0.33783461954795135362417113356059
675	363782	855	0.3378168451949477568696522666869
678	365399	859	0.33780828448368888095032502860704
681	367015	863	0.337805583412722432168351360815
684	368632	867	0.33778837396264443926341414226044
687	370249	871	0.33776938293589914286130237996986
690	371866	875	0.33775276560459271957270743769186
693	373483	878	0.33774592184696528018861272357753
696	375099	882	0.33774300446099292383195233924198
699	376716	885	0.33771975037687002041408845798287
702	378333	889	0.337707406361736905964221477916
705	379950	892	0.33769169048238900643355009378865
708	381567	896	0.33768679521582900537879368130234
711	383183	899	0.33768627228455239119853104057256
714	384800	903	0.3376622181849908699291518132668
717	386417	907	0.33764866137056664951998641299724
720	388034	911	0.33763539147174420618213730449497
723	389651	915	0.33763055537376368553381666970381
726	391267	919	0.3376297584020622188916149752913
729	392884	923	0.33761133133037213305271961871767
732	394501	927	0.33759569721270726860851141282183
735	396118	931	0.33758267050663320896219943278993
738	397735	935	0.33757741515322592373848920033197
741	399351	940	0.33757607655071103502919527272752
744	400968	943	0.33755603928904986954506739493809
747	402585	947	0.33754333401290670391148296403117
750	404202	950	0.33753141165934530398828883335227
753	405819	954	0.33752515908622532370131352763565
756	407436	957	0.33752561029510624868166246415058
759	409052	961	0.33750793432696879481369478526176
762	410669	964	0.33749398944373870667945425338985
765	412286	968	0.33748176991250611322925578861032
768	413903	971	0.33747741524501584375883567190613
771	415520	975	0.33747774221584264653372997599945
774	417136	979	0.3374613448274812466110006425879
777	418753	984	0.33744793789578214626700969347439
780	420370	988	0.33743663550629604541697403874423
783	421987	992	0.33743172509733504460527342416754
786	423604	996	0.33743198536096841166909143794328
789	425220	1000	0.33741326346588695894723741730559
792	426838	1004	0.33740333616463374921679019280418
795	428454	1008	0.33739308265444040157987615202728
798	430071	1011	0.33738966955359522836843666482309
801	431688	1015	0.33739147001187169694347289805592
804	433304	1018	0.33737288541423554599774092821463
807	434922	1022	0.33736213550305249597727197397035
810	436538	1025	0.33735181269451774976886326840031
813	438155	1029	0.33734896855556545380849797766132
816	439772	1032	0.33735143166734149478003246258595
819	441388	1036	0.33733490670619031837063062084781
822	443006	1039	0.33732374400676679027100135499495
825	444622	1043	0.33731365857276096598127423931146
828	446239	1048	0.3373096092981664462229218770517
831	447856	1052	0.33731023117112363118863527233771
834	449472	1056	0.3372981919468369116366091020609
837	451090	1060	0.33728637199616823272307897241262
840	452706	1064	0.33727545649885232181830474473827
843	454323	1068	0.33727228539027587217447035072837
846	455940	1072	0.33727437677308791386110442545032
849	457557	1076	0.33725992029311496755994426166581
852	459174	1079	0.33725018025641911867396061097679
855	460790	1083	0.33724040182529874121186708180176
858	462407	1086	0.33723799066211851416241529477702
861	464024	1090	0.33724057795332401665788779610011
864	465641	1093	0.33722687255488176250040055492718
867	467258	1097	0.33721607020825283829168483862304
870	468875	1100	0.33720714599123913224332227400737
873	470491	1104	0.33720450552668546073675770458067
876	472108	1107	0.33720770758440399283983879286097
879	473725	1111	0.33719368261423293686718238859612
882	475342	1115	0.33718348957041682778523750130262
885	476959	1119	0.33717501632661678323543696933484
888	478575	1124	0.33717271519946095947872777287557
891	480192	1128	0.33717735897464790051358818345761
894	481809	1132	0.33716383533331178989911336429941
897	483426	1136	0.33715430559899339790774774883175
900	485043	1141	0.33714611108563885544242566538742
