0	0	0	0.6931471805595997848215006342798
3	15567	1830	0.53412334644867454080952029471518
6	31134	4000	0.49595217912644973257130232013878
9	46852	5848	0.47305628822061124294506839760288
12	62721	7903	0.45578211990420774979426710160624
15	78288	9715	0.44211299519017860371050687717798
18	94006	11766	0.43108763264622684818760944835958
21	109573	13540	0.42206629635773063036197072506184
24	125141	15623	0.41456389036994545360670372247114
27	140859	17386	0.40824927034307523232570247273543
30	156426	19410	0.40287708997155979862014874015586
33	171993	21180	0.39825705023863244846893394424114
36	187561	23182	0.39423870273972483335711558538605
39	203128	24964	0.39071340905922413710982254997361
42	218695	26942	0.38759520445019679524278899407363
45	234263	28790	0.38481929803196796013864400265447
48	249981	30767	0.38232898112094343412437069673615
51	265699	32623	0.3800808587265656623976894934458
54	281266	34575	0.37803961786700696068308502617583
57	296984	36498	0.37617678054933884057575710357924
60	312702	38401	0.37446900613482325681502516090404
63	328420	40318	0.37289888336461235462948593522015
66	343987	42205	0.37144425794825813857968910269847
69	359705	44157	0.37009436524278621627459529008775
72	375273	45969	0.36883768788183252107515386342129
75	390840	47952	0.36766515235004537665020052372711
78	406407	49736	0.36656646093877981451569780801947
81	421975	51743	0.3655343952541121876897989295685
84	437542	53514	0.36456323988218869436295221930777
87	453109	55551	0.36364718891294095515220874403894
90	468677	57360	0.36278162044953010667569515135256
93	484395	59448	0.36196198231861792526942167569359
96	500113	61224	0.36118549786698322945355243973609
99	515680	63277	0.36044693133593497247346704170923
102	531247	65045	0.35974514808124763431962378490425
105	546815	67137	0.35907544300752658461561850344879
108	562533	68914	0.35843661019752531826654262658849
111	578100	70969	0.35782751569518173040407305052213
114	593667	72740	0.35724606652155543873305987290223
117	609235	74794	0.35668764014349207958076704017003
120	624802	76567	0.35615243836917509501205358901643
123	640369	78623	0.35564010791099298636197545420146
126	655937	80389	0.35514744277159260299470133759314
129	671504	82530	0.35467422004056731177357164597197
132	687373	84342	0.35421920398567002807865833347023
135	703091	86404	0.35378238258990191145159087682259
138	718658	88176	0.35336081532065877208736992542981
141	734225	90241	0.35295672705828712301112659588398
144	749943	92070	0.3525652206283884648740922784782
147	765661	94052	0.35218861503327475448443806271825
150	781229	95874	0.35182412535572543665907119248004
153	796796	97902	0.35147219647025135236262372018246
156	812664	99806	0.35113219265305606331395438246545
159	828382	101738	0.35080354027788263060472218057839
162	844100	103643	0.35048666650409959766321321694704
165	859668	105510	0.35017911305662413612438399468374
168	875235	107454	0.3498814393901214514492892249109
171	890802	109294	0.34959319848764597304935364263656
174	906370	111264	0.34931400075947927064135001273826
177	921937	113079	0.34904437091522760860939911253809
180	937505	115079	0.34878204992890493585377953422721
183	953072	116862	0.34852860962885601203709029505262
186	968639	118938	0.34828176538934002559599889536912
189	984357	120713	0.34804219675277436873983560872148
192	999925	122768	0.34780964764806288069820539021748
195	1015492	124580	0.34758381324976012072269782038347
198	1031210	126642	0.34736441238219117888519349435228
201	1046777	128415	0.34715121004251342506918831531948
204	1062345	130478	0.34694396762138512979589677343029
207	1077912	133445	0.34674246118910889702391386890667
210	1093479	135640	0.34654649408052234926813639503962
213	1109047	137487	0.34635580930550374789689271892712
216	1124765	139489	0.34617028993778214962517836283951
219	1140332	141340	0.34598973477045597002543786402384
222	1156200	143393	0.34581397496501631305676482952549
225	1171768	145160	0.34564278335857956392374035203829
228	1187335	147223	0.34547601243304765228359087814169
231	1202903	149000	0.34531357240731064273120409779949
234	1218470	151059	0.34515623019438462781849352722929
237	1234037	152867	0.34500188799514464044193573499797
240	1249755	154928	0.34485242958231004939406716403028
243	1265323	156707	0.34470570085077312239008051619749
246	1280890	158762	0.3445625868688882431634112890606
249	1296457	160537	0.34442294479492518988195115525741
252	1312025	162636	0.34428669564396230384772934485227
255	1327743	164452	0.3441537161470877848046256985981
258	1343461	166511	0.34402489553724197035577958558861
261	1359028	168291	0.34389813018353770912582945129543
264	1374595	170354	0.34377336611672498767333649993816
267	1390163	172137	0.34365246026690576819362377136713
270	1405730	174226	0.34353433998777954672121381918259
273	1421448	176049	0.34341893761780906135783197896671
276	1437166	178047	0.34330616265836966238822469676961
279	1452733	179936	0.34319592371892182480763722196571
282	1468602	181885	0.34308813750866784531012854131404
285	1484169	183753	0.34298274461648853295159256049374
288	1499737	185710	0.3428796719358115363540662201558
291	1515454	187610	0.34277885745575592535416831196926
294	1531022	189493	0.34268123016950691184234756292426
297	1546589	191474	0.34258473080624834983254345388559
300	1562307	193324	0.34249129826827945377587525399576
303	1577874	195302	0.34239887270398339236265883300803
306	1593442	197148	0.34230838698120918950351665444032
309	1609160	199156	0.3422197969038584530743207778869
312	1624727	200959	0.34213305013978684288034060045902
315	1640445	203056	0.34204809208886721716424972328241
318	1656163	204835	0.3419648816820528569593307111063
321	1671730	206981	0.34188336491390375337928730914427
324	1687599	208762	0.34180350731046421630665577140462
327	1703166	210825	0.34172524524632186260220123585896
330	1718734	212602	0.34164855845288133462389623673516
333	1734301	214712	0.34157338760508076935806798246631
336	1750019	216493	0.34149970355442960112668515648693
339	1765586	218556	0.34142746183691163874840412972844
342	1781154	220332	0.34135762482930720462803719783551
345	1796721	222385	0.34128815724881034210369534775964
348	1812288	224201	0.34122002174478227587428591505159
351	1828006	226304	0.34115319347607825362089783993724
354	1843724	228119	0.34108763294904048679612174055364
357	1859442	230166	0.34102430805082128983940492616966
360	1875010	231985	0.34096118665338837061540289141703
363	1890727	233994	0.3409002389078609751571491415234
366	1906295	235892	0.34083943835691937751519731136796
369	1922163	237887	0.34077976257442305074718547075463
372	1937881	239758	0.34072118516354821249336737309932
375	1953449	241744	0.34066366376335588395107834003284
378	1969317	243646	0.34060718969100867159482959323213
381	1984884	245519	0.34055172761016183624604991564411
384	2000452	247465	0.34049725767971589229787809927075
387	2016019	249302	0.34044475318622480219943327028886
390	2031587	251277	0.34039220067926129198454532343021
393	2047154	253117	0.34034057246718363298754184143036
396	2062872	255172	0.34028984238862419742233100805606
399	2078590	256978	0.34023999556445688741135313648556
402	2094308	259036	0.34019201336566295967855921844603
405	2109875	260857	0.34014386976121929739846905249578
408	2125593	262923	0.34009655064227717335967327016988
411	2141160	264698	0.3400500410320902444638591077819
414	2156728	266807	0.34000431492700888824742833094206
417	2172446	268620	0.33996035578884742367478111191303
420	2188164	270725	0.33991615329609725648651874507777
423	2203882	272500	0.3398726856670944429517078333447
426	2219449	274562	0.339829940487644033275671517913
429	2235016	276343	0.3397878987732512179320565337548
432	2250584	278440	0.33974655554936356027795341105957
435	2266302	280251	0.33970588768507919974481978897529
438	2282019	282309	0.33966687910313980713894466134661
441	2297587	284090	0.33962751741878072220259809910203
444	2313154	286138	0.33958878926492758187904996702855
447	2328722	287910	0.33955068245839942209229889158451
450	2344289	289919	0.33951217992119264721395666128956
453	2359856	291730	0.33947527370212404740357214905089
456	2375424	293704	0.33943894649627365245336818588839
459	2390991	295600	0.33940318941366770522094498119259
462	2406709	297572	0.33936799038446091580922825414746
465	2422427	299478	0.3393333387253721911136494782113
468	2437994	301370	0.3393002228881787374348277808167
471	2453562	303334	0.33926663350829688869936262562987
474	2469129	305167	0.33923355883697281498712072789203
477	2484696	307158	0.33920098883245541898645569744986
480	2500264	308985	0.33916991369682364387827533391828
483	2515982	311030	0.33913832643281294210169107827824
486	2531549	312811	0.33910721062060233954582599835703
489	2547116	314882	0.33907656225864152288451691674709
492	2562684	316655	0.33904637169061468959796457056655
495	2578251	318713	0.33901662720606173806459082697984
498	2593819	320517	0.33898732501231110258999024154036
501	2609537	322579	0.33895945237625646484502794919536
504	2625104	324390	0.33893100456329816605460791834048
507	2640822	326610	0.33890297234510341484181594751135
510	2656991	328383	0.33887534812504715997505400082446
513	2672559	330446	0.33884812407130504574581664201105
516	2688126	332259	0.3388212904199450759001877031551
519	2703844	334328	0.33879484419606870071461912630184
522	2719411	336136	0.33876877626600732096306956009357
525	2735129	338231	0.33874307869368058820924716201262
528	2750847	340008	0.33871774612746635702009712076688
531	2766415	342059	0.33869277086541654808726775627292
534	2782133	343857	0.33866814626311941838210373134643
537	2797700	345836	0.33864386843014210315416789853771
540	2813267	347715	0.33861992639634069801601867766294
543	2828985	349659	0.33859631976212001269743723241845
546	2844553	351575	0.33857303996421411751427399394743
549	2860271	353514	0.33855008106090345165739563526586
552	2875988	355433	0.33852743829220505178412281566125
555	2891556	357300	0.33850510642217057633018839624128
558	2907123	359247	0.33848307881564326793366603851609
561	2922691	361075	0.33846135067725113820813476195326
564	2938258	363093	0.33843991680038654212836490842164
567	2953976	364889	0.33841877011980731060347693528456
570	2969543	366910	0.33839790792339047298398213570181
573	2985111	368685	0.33837732560927868963318587702815
576	3000678	370736	0.33835701722396444024454353893816
579	3016245	372516	0.3383379787766930824055577886611
582	3031813	374578	0.33831820552762248421885260540876
585	3047380	376356	0.33829869239113968815146904489666
588	3062947	378416	0.33827943608257404761729958408978
591	3078515	380232	0.33826043184826526388775391751551
594	3094233	382290	0.33824167649956271564093412962393
597	3109800	384058	0.33822316378486888543974941967463
600	3125368	386119	0.33820489131249936720635673736979
603	3140935	387938	0.33818685340371884562316040501173
606	3156653	389993	0.3381690472176344663957081593253
609	3172220	391771	0.33815147078024665461271069943905
612	3187788	393833	0.33813411813506749625801717229479
615	3203355	395606	0.33811698698074260649448774529446
618	3218922	397704	0.33810107329291938516035997963627
621	3234640	399477	0.33808437215398068342864235091838
624	3250208	401523	0.33806788317228908535838627358316
627	3265775	403340	0.33805159930156492009700741618872
630	3281493	405340	0.33803552027335015406350748889963
633	3297060	407186	0.33801964208287238466965618499671
636	3312778	409573	0.33800396135731458624462675288669
639	3328346	412035	0.33798847450682922843867572737508
642	3343913	414129	0.33797317970931795017008880677167
645	3359631	415913	0.33795807318406301256175083835842
648	3375198	417971	0.33794315215006687225240966654383
651	3390766	419742	0.33792841370007797863195264653768
654	3406333	421807	0.33791485498000067844159843843954
657	3421900	423624	0.33790047363536857005783531349152
660	3437618	425661	0.33788626688193601488308104308089
663	3453186	427426	0.33787223139287786422002568542666
666	3468753	429433	0.33785836561519067000602944972343
669	3484320	431282	0.33784466578543637105269681342179
672	3500038	433241	0.33783113006714660109253145492403
675	3515606	435086	0.3378177562034419545433650000632
678	3531173	437062	0.33780453989267555936493181434344
681	3546891	438946	0.33779148102031647526999336150766
684	3562458	440914	0.33777857674379413444043507297465
687	3578327	442850	0.33776582506889368806568541003799
690	3593894	444696	0.33775322374783933732089735713089
693	3609462	446662	0.33774076923058693466828117379919
696	3625029	448469	0.33772846028655068018053952982882
699	3640596	450466	0.33771629526177454616586715019366
702	3656164	452287	0.33770427185798990166176736238413
705	3671882	454366	0.33769238722726008239405359745433
708	3687600	456154	0.33768064034578160192978657505591
711	3703167	458217	0.33767002911343102500296708967653
714	3718734	459990	0.33765855056844928938630800985266
717	3734302	462045	0.33764720301431472293529623129871
720	3749869	463854	0.33763598603268230036178465525154
723	3765587	465919	0.33762489685153079799206921052246
726	3781154	467737	0.33761393257549554558494264711044
729	3796872	469832	0.33760309346538258656877928842732
732	3812590	471648	0.33759237679211229199438548675971
735	3828308	473716	0.33758178123102267065291925973725
738	3843875	475491	0.33757130427259579574794656764425
741	3859443	477555	0.33756094451243101595139251003275
744	3875010	479335	0.3375507003628456237365185188537
747	3890578	481478	0.3375405714977332549686650509102
750	3906446	483246	0.3375305549285281259130897524301
753	3922013	485271	0.33752064932947622999392933706986
756	3937581	487115	0.33751085293230803641151283045474
759	3953299	489130	0.33750116451396061645340296308859
762	3969017	491013	0.33749158341487983658879556969623
765	3984735	492955	0.33748210691844265918248879643215
768	4000302	494852	0.33747273455216919568755429281737
771	4015869	496743	0.33746346409658645182361169645446
774	4031437	498665	0.33745429495433654221159258668195
777	4047004	500563	0.3374452247234571156120352952712
780	4062722	502525	0.33743625336183646901133670326089
783	4078289	504335	0.33742737874744038739649454328173
786	4093857	506338	0.33741859952246550102827882255951
789	4109424	508123	0.33740991497220385042510315543041
792	4124991	510212	0.33740132390320781707870878562971
795	4140709	511999	0.33739282429574035671038245709497
798	4156277	514075	0.33738541530975363347266693381243
801	4171844	515884	0.33737709603638071920173047146818
804	4187412	517943	0.33736886460040010904393170676485
807	4202979	519798	0.33736072056731503110427183855791
810	4218847	521862	0.33735266274282210696711103992129
813	4234415	523639	0.33734468968855968462605687818723
816	4249982	525703	0.33733680062466070426197006781877
819	4265549	527484	0.33732899431899648901023169855762
822	4281117	529635	0.33732126956736729894714699184988
825	4296985	531456	0.33731362498115996517711323576805
828	4312703	533527	0.33730606060571544091430951084476
831	4328271	535342	0.33729857510672417442165738066251
834	4343989	537420	0.337291166970067390895593462119
837	4359706	539204	0.33728383515076515442032700775599
840	4375274	541236	0.33727657936786326065004004703951
843	4390992	543114	0.33726939795705407343362480787619
846	4406710	545093	0.33726229065330676215594962741307
849	4422428	546975	0.33725525558556262994969188184768
852	4437995	548884	0.3372482934709012392104909849877
855	4453562	550814	0.33724140151121939634748514436069
858	4469130	552714	0.3372345798903533808932309057127
861	4484848	554724	0.33722682764375061514883213931171
864	4500566	556578	0.33722014362755131644533435064659
867	4516283	558635	0.33721352752984118383849931888108
870	4532001	560400	0.33720697772220697974177028299891
873	4547569	562466	0.33720049391940609684326091155526
876	4563136	564245	0.33719407511205778948948363904492
879	4578704	566315	0.33718872076429645678885549386905
882	4594271	568105	0.33718242987240004682192306972865
885	4609838	570207	0.33717620179573309924236923507124
888	4625556	571990	0.33717003575858328634495819642325
891	4641124	574141	0.33716393106779318777910248172702
894	4656992	575923	0.33715788684924846707602341666643
897	4672559	578029	0.33715190247888299213130380849179
900	4688277	580135	0.33714597719255318120090691991209
