0	0	0	0.6931471805595997848215006342798
3	1838	61	0.53413583478313053642949626009795
6	3676	114	0.49678829851872363665421516998322
9	5514	166	0.47373428371577136486436643281195
12	7352	219	0.45601246763075126144926230153942
15	9191	272	0.44251169245824201192718305719609
18	11029	326	0.4316609362211382694418659866642
21	12867	379	0.42244899550615072625348034307535
24	14705	432	0.41484122820242685936165116800112
27	16543	485	0.40834302168949487832350087046507
30	18382	532	0.40307128062771918619588973342616
33	20220	579	0.39863509156987086967660616210196
36	22058	626	0.39452545220007995130373501524446
39	23896	673	0.39093261086586678088039548129018
42	25735	720	0.38770119594627222570082381025713
45	27573	766	0.38496420236534112380155647770152
48	29411	813	0.38261346874667195860908464055683
51	31249	859	0.38030888926040218311896978775621
54	33087	905	0.37821741210756432138850868795998
57	34926	952	0.37627095040649355395245834188245
60	36764	1005	0.37457620153298926135576607521216
63	38602	1057	0.37312071749362890615842047736805
66	40440	1111	0.37163229398855390783751317940187
69	42278	1165	0.37024831326968993261417040230299
72	44117	1218	0.36892399057127928108101855286804
75	45955	1272	0.36774466271527356253656648732431
78	47793	1323	0.36674464693538494364233315536694
81	49631	1375	0.36569005976536228530449079698883
84	51469	1449	0.36469171715589704385607205949782
87	53308	1524	0.36372214535218649889003472708282
90	55146	1598	0.36284275405802857150661111518275
93	56984	1671	0.36210984566578358068156262561388
96	58822	1746	0.36132021100989525352886744258285
99	60660	1819	0.36055772014212100762264867626072
102	62499	1894	0.35981193438483516366943604225526
105	64337	1956	0.35912178752825074656840342868236
108	66175	2017	0.35855861325227478264565661447705
111	68013	2078	0.35794380540555825742643492048956
114	69851	2139	0.35734416297561533149007573229028
117	71690	2201	0.3567466002568095984059937109123
120	73528	2263	0.35618862309082777173330214282032
123	75366	2325	0.35574258012375697957097031576268
126	77204	2387	0.35525067471398030782836485741427
129	79042	2440	0.35475996778616208926493413855496
132	80881	2494	0.35427030139898935123810019831581
135	82719	2548	0.35380974265652143095906012604246
138	84557	2601	0.35344650372537994575949937825499
141	86395	2655	0.35304520076691331409435292698618
144	88234	2708	0.35263985487156979115042076955433
147	90073	2761	0.3522327250504947993015036900033
150	91911	2814	0.35184437541348489997261594908196
153	93749	2876	0.35154351932987842888067575586319
156	95587	2939	0.35120996432694528976981018786319
159	97425	3001	0.35086659588626195604987856313528
162	99264	3064	0.35052307160725437729098530326155
165	101102	3125	0.35019513146502506684143440907064
168	102940	3187	0.34994391842292721372942310154031
171	104778	3249	0.3496632008769883781518217347184
174	106616	3311	0.3493700132043160988537522371189
177	108455	3365	0.34907695583987391474423134241079
180	110293	3418	0.34879520440290223692869631122448
183	112131	3471	0.34858320585243002254216548863042
186	113969	3524	0.34834540863950391731407307815971
189	115807	3576	0.3480926181499836569166461686109
192	117646	3630	0.34783825456481332061287048418308
195	119484	3683	0.34759414384039433176809552605846
198	121322	3736	0.34741249571467225365495323785581
201	123160	3797	0.34720936361259863156547567086818
204	124998	3859	0.34698988899774907412876245871303
207	126837	3921	0.34676850423566013548182240811002
210	128675	3983	0.3465558673125921917979042063962
213	130513	4044	0.34639850221329210322451785941666
216	132351	4106	0.34622338450378886687275326039526
219	134190	4167	0.34603169281409379420821892381355
222	136028	4228	0.34583756988816777289130754979851
225	137866	4282	0.34565056905381058571791186295741
228	139704	4335	0.34551427060346778796784406040388
231	141542	4389	0.34536264838476143923529093626712
234	143381	4442	0.3451942915152567681325024295802
237	145219	4496	0.34502317413490468656078746789717
240	147057	4549	0.34485890817975789479632453549129
243	148895	4602	0.34474029627219565652396227051213
246	150734	4656	0.34460830880856374580645251626265
249	152572	4709	0.34445750353924353692747217792203
252	154410	4771	0.34430629001347595741222562537587
255	156248	4834	0.34415981829026187632791788928444
258	158086	4896	0.3440567521326824973471047997009
261	159925	4957	0.34394099429911767495937624516955
264	161763	5019	0.34380557009945805768680315850361
267	163601	5082	0.34367052736903891396735843954957
270	165439	5144	0.34353974733272074626455605539377
273	167278	5197	0.34344869975758313129787779871549
276	169116	5250	0.34334693203658844806724914633378
279	170954	5304	0.34322508812384627807645642860734
282	172792	5357	0.34310422794290812431583503894217
285	174630	5411	0.34298716416836139142532147161546
288	176469	5463	0.34290541958691189705632496043108
291	178307	5516	0.34281606750967713592714858350519
294	180145	5569	0.342708691072422577672540455751
297	181983	5622	0.3425994896231451813939372641471
300	183822	5684	0.34249498846616810432408328779275
303	185660	5746	0.34242282830540177185341121912643
306	187498	5808	0.34234320899013259698051570012467
309	189336	5872	0.34224472534257160960535770755087
312	191174	5934	0.34214658085415311505883551035367
315	193013	5996	0.34205143400621862426191910344642
318	194851	6058	0.34198724443951655782569787334069
321	196689	6112	0.34191666317922386753025421057828
324	198527	6164	0.34182565883244392379580745000567
327	200366	6219	0.34173736744435495582550288418133
330	202204	6272	0.34165130975373886323964711664303
333	204042	6325	0.34159399926615546805308554212388
336	205880	6378	0.34153139809207033739113512638141
339	207718	6432	0.34144873943330333876389204306179
342	209557	6485	0.34136892124399154102576403602143
345	211395	6539	0.34129084310252438827504306573246
348	213233	6600	0.34123866115323953085436414767173
351	215071	6662	0.34118299061781603986887034807296
354	216909	6724	0.3411074925837655480442833777488
357	218748	6785	0.34103483242185972379445502156159
360	220586	6845	0.34096357185341830131619644816965
363	222424	6907	0.34091786966033060801706255915633
366	224262	6969	0.34086785875643466070528120326344
369	226100	7031	0.34079826213488229047499089574558
372	227939	7084	0.34073112692645807220159781536495
375	229777	7137	0.34066602369719600762465461230022
378	231615	7190	0.34062366779650476988905438702204
381	233453	7243	0.34057902695089381506221570816706
384	235291	7296	0.34051473491027151041521392471623
387	237130	7349	0.34045395841944753323460304272885
390	238968	7402	0.34039404289010660731307211790408
393	240806	7456	0.34035505792935055735526361786469
396	242644	7517	0.34031576008884784068087014929915
399	244482	7579	0.3402566295636641480193418374256
402	246321	7640	0.34020055453287134650253165091272
405	248159	7702	0.34014548088802365466420951634063
408	249997	7764	0.34011044981817634136334049799189
411	251835	7826	0.34007568283341516046647257098812
414	253673	7888	0.34001904572047420005631579442706
417	255512	7950	0.33996695036441021420259289698151
420	257350	8004	0.33991632662320553359691643890983
423	259188	8057	0.33988633764597625530612390321039
426	261026	8108	0.33985410652256337060705959629558
429	262864	8160	0.33980178727827314855147733396734
432	264703	8213	0.33975363269918168462879748403793
435	266541	8266	0.33970667232724710560276548676484
438	268379	8320	0.33967954661263893845202233023883
441	270217	8372	0.33965054537026961867240970605053
444	272055	8434	0.33960231147926750461252254353894
447	273894	8496	0.33955758696362309256855382955109
450	275732	8557	0.33951320280242497373635046642448
453	277570	8620	0.33948672854132577736407938573393
456	279408	8682	0.33946131568069015660427112379693
459	281246	8743	0.33941581540852278076059178602009
462	283085	8805	0.33937425541170390674849954848469
465	284923	8866	0.33933410547112508037770339797135
468	286761	8920	0.3393110960746388848896515355591
471	288599	8973	0.33928787481323369190633343350783
474	290437	9026	0.33924581658765368130659112466674
477	292276	9079	0.33920795156738520192973851408169
480	294114	9132	0.33917035677291018647139253516798
483	295952	9185	0.3391488873711699381097162131482
486	297790	9238	0.33912801860514379947986185470654
489	299628	9292	0.33908751384302160403194648097269
492	301467	9345	0.33905182810811740345968701149104
495	303305	9406	0.33901698820588538341169737577729
498	305143	9467	0.33899732591325482111699329834664
501	306981	9529	0.33897972498172923572212766885059
504	308820	9591	0.33894169666706713828219221795734
507	310658	9653	0.3389080843221302097312275236618
510	312496	9715	0.33887559982363668620308772005956
513	314334	9777	0.3388575437437097437332056415471
516	316172	9831	0.33884078162382186283352325517626
519	318011	9884	0.33880475071763832550786332831194
522	319849	9938	0.33877378826730292216140583150263
525	321687	9991	0.33874350016130333473896030227479
528	323525	10045	0.33872681467168447300153388823674
531	325364	10098	0.33871210750232016994942796372925
534	327202	10151	0.33867815576116422349173262773547
537	329040	10203	0.33864890232053485030760953122808
540	330878	10257	0.33862048306964620536518850713037
543	332716	10319	0.33860500762269291064043841288367
546	334555	10381	0.33859189142711387798811983884661
549	336393	10443	0.33856013970379694733026099129347
552	338231	10506	0.33853216977693117994974159046251
555	340069	10568	0.33850536827466470857217473167111
558	341908	10629	0.33849143452522861830189526699542
561	343746	10692	0.33847944248254790977625816594809
564	345584	10745	0.33844915762942179293659705763275
567	347422	10797	0.33842304482210583405077386487392
570	349260	10851	0.33839801126348301174573407479329
573	351099	10904	0.33838498630537727773770484418492
576	352937	10957	0.33837438477796583091716797753179
579	354775	11011	0.33834665762731797045148596225772
582	356613	11065	0.33832230352770475967361107905162
585	358452	11118	0.33829873275052724235223422510899
588	360290	11172	0.3382864105956552291942784904677
591	362128	11234	0.33827715508108130437747718133323
594	363966	11295	0.33825019636833825176225332143076
597	365804	11357	0.33822722043068614850014341755013
600	367643	11419	0.33820493333942924785162631451385
603	369481	11481	0.33819379357523732254620085768693
606	371319	11544	0.33818584569396770156401998974616
609	373157	11605	0.33815899485342898467266081752314
612	374996	11667	0.33813770577352175727980920783011
615	376834	11720	0.33811703160267475576361562161765
618	378673	11773	0.3381078391416328932095325399132
621	380511	11827	0.3381006572516799257854813731683
624	382349	11880	0.33807591284467419789905306970468
627	384188	11933	0.33805536308016720381530717531859
630	386026	11987	0.33803563981097989321611407831369
633	387864	12040	0.33802638994046574349994216390769
636	389702	12092	0.3380205178688633904648952466232
639	391540	12155	0.33799650019772553566355099974317
642	393379	12218	0.33797718121172437566457347202231
645	395217	12279	0.33795834003812502688290919650171
648	397055	12341	0.3379496772311430530244535930251
651	398894	12403	0.33794470237351381669554939435329
654	400732	12465	0.33792151492488359254551255617116
657	402571	12527	0.33790423427846993931211727613118
660	404409	12589	0.33788671015557114607474886724958
663	406247	12643	0.33787779433168463327774588833563
666	408085	12696	0.33787440158273807089273077508551
669	409923	12749	0.33785271772555092173462298887898
672	411762	12802	0.33783496728922279839224529496278
675	413600	12855	0.3378181665511522657752152554167
678	415438	12909	0.33780964131135882144718607378309
681	417276	12963	0.33780726845225994559029913943959
684	419114	13017	0.33778609841000079017092616595619
687	420953	13079	0.33776952533921544841177819762379
690	422791	13141	0.33775379797347487853542702396226
693	424630	13202	0.33774678962045118213453065436624
696	426468	13264	0.33774411451930524963316315734119
699	428306	13325	0.33772328623771241673523491044762
702	430145	13387	0.3377088082395419132986091881321
705	431983	13448	0.33769280119901262660064844567387
708	433821	13510	0.33768700719193067705248267884599
711	435659	13563	0.33768535691160828093870804877952
714	437498	13616	0.337665383933037466235305146256
717	439337	13670	0.33765073241248771962474961583212
720	441175	13724	0.33763648586997235812035000890319
723	443013	13777	0.33763073320231323792839361885854
726	444851	13830	0.33762950834857169413183441974979
729	446689	13883	0.33761074428919279899474759076838
732	448528	13937	0.33759602758365825359021528129233
735	450366	13990	0.33758237577930044759355610040075
738	452204	14051	0.33757682671699223986294668975461
741	454042	14113	0.33757600287152444984428711904911
744	455880	14175	0.33755781494718950508371335672564
747	457719	14237	0.33754422395590605310289333829132
750	459557	14299	0.33753110308641243175742374660331
753	461395	14362	0.33752607913235599390588959067827
756	463233	14423	0.3375260170587643937523125714506
759	465071	14477	0.3375080719167962151061601616675
762	466910	14530	0.33749514550884773811390004993882
765	468748	14584	0.33748276256195314237729121487064
768	470586	14637	0.33747811295622121008364047156647
771	472424	14690	0.33747865731178300352510746051848
774	474262	14743	0.33746079726817668209548628510674
777	476101	14797	0.3374486039123812952666980891081
780	477939	14850	0.33743678109637814666044164368941
783	479777	14903	0.33743306663222011332337046951579
786	481615	14964	0.33743428055628715833691444458964
789	483453	15026	0.3374167493907082593374013868015
792	485292	15087	0.33740472679597693916875300601532
795	487130	15150	0.33739339568330672936014025253826
798	488968	15213	0.33738990696086440523870919605542
801	490806	15274	0.33739233800431528420560312042653
804	492645	15336	0.33737578650315819261962246855546
807	494483	15390	0.33736424979875251350946996353741
810	496321	15443	0.33735345906690017425688665753114
813	498159	15497	0.33734985252703170166554969000572
816	499997	15550	0.33735176140002681721696831118606
819	501836	15603	0.33733533368533707985648106841836
822	503674	15656	0.33732460620130655382098439076799
825	505512	15710	0.33731448655926626889467456749117
828	507350	15763	0.33731109127177177908762928382203
831	509189	15816	0.33731321933356323006236721084861
834	511027	15878	0.33729719211069419948501035833033
837	512865	15940	0.33728700443039177914172910277557
840	514703	16002	0.33727622835554149638426224555587
843	516541	16064	0.33727495519093608766780789665063
846	518380	16126	0.33727760447042026692443528190779
849	520218	16188	0.33726019284565073030890403060766
852	522056	16251	0.33725156711378784235577654726512
855	523894	16304	0.33724123470573208471989801182644
858	525732	16357	0.3372395274853727253905333327566
861	527571	16411	0.33724237217079700013044885054114
864	529409	16464	0.33722673523666563122347383796296
867	531247	16517	0.33721699811801481017070614143449
870	533086	16571	0.3372080868934986819240862132574
873	534925	16623	0.33720577163998438630088116951811
876	536763	16677	0.33721006546014253846266228720197
879	538601	16729	0.33719514412843482054071841957921
882	540439	16791	0.33718588307688768246350718982285
885	542277	16854	0.33717711612086670447396841154841
888	544116	16916	0.33717505617462972811182453369838
891	545954	16978	0.33717882044020297538367003653548
894	547792	17040	0.33716444229937952981046578315727
897	549630	17102	0.33715527814028684039371341896185
900	551469	17165	0.33714698299943501869080364485853
