0	0	0	0.6931471805595997848215006342798
3	8246	62	0.53366379221748638794764474369003
6	16492	123	0.49625403052376176882276581636688
9	24739	177	0.47316196150998474090343393072544
12	32985	231	0.45581361234259482051456302542647
15	41232	280	0.4421431189362255431696269170061
18	49478	326	0.43111807310104494073144110188878
21	57724	381	0.42205033154709925558023542180308
24	65971	435	0.41452189377937015413166932376043
27	74217	512	0.40821434745776946639850280007522
30	82464	574	0.40283423923549155354351114510791
33	90710	636	0.39819842936380578368726901317132
36	98956	689	0.39418837876860557400959805818275
39	107203	742	0.39066748936163042671410039474722
42	115449	805	0.38754834471897725567401948865154
45	123696	868	0.38477514897813364092016286122089
48	131942	922	0.38228887072314537975969983563118
51	140189	976	0.38004425036748851196577447808522
54	148435	1038	0.37800897000017774640667767016566
57	156681	1091	0.37614675854632251272846588108223
60	164928	1143	0.37444316624843521079668562379084
63	173174	1206	0.37287164860195382010132902905752
66	181421	1267	0.37141944862098169588549012587464
69	189667	1321	0.37007215312567703913160244155733
72	197913	1374	0.36881695748478315888263523447677
75	206160	1436	0.36764621243932732452819323043514
78	214406	1493	0.36654823036649814005372149949835
81	222653	1546	0.3655172089717358407945368981018
84	230899	1608	0.36454809093863871360952089162311
87	239145	1672	0.36363238277941423159944633880514
90	247392	1725	0.36276714644929297648445754020941
93	255638	1778	0.36194853235530355384241829597158
96	263885	1840	0.36117205678525737821971119956288
99	272131	1902	0.36043444745436048481934676601668
102	280378	1955	0.35973438303157090345507640449796
105	288624	2008	0.35906628242181715116032592050033
108	296870	2070	0.35842838748959959804807340333355
111	305117	2123	0.35781909573418091419227948790649
114	313363	2177	0.35723675533490262257174663318438
117	321610	2224	0.35667924094753211683439531043405
120	329856	2270	0.35614437376277963132054082961986
123	338102	2323	0.35563245495396289541645273857284
126	346349	2377	0.35513993470021754106369371584151
129	354595	2452	0.35466657570810850019782378694799
132	362842	2528	0.35421185639380164955625218681234
135	371088	2591	0.35377550762113468829639373325335
138	379334	2644	0.35335458771521449650165891398501
141	387581	2696	0.3529506669723649903147588702268
144	395827	2758	0.35255963383010568978903620518395
147	404074	2820	0.35218339431599671174311083632347
150	412320	2874	0.35181927055495532119522295033676
153	420567	2930	0.35146765077668923327181005333841
156	428814	2976	0.35112794543419850734622400523222
159	437060	3024	0.35079914256634620040031791177171
162	445307	3084	0.35048261524089718843555374405696
165	453553	3138	0.35017524924512294370870790771733
168	461800	3212	0.34987773911100189527800807809399
171	470046	3274	0.34958946132670487561000527421129
174	478292	3336	0.34931041052055905593576312639925
177	486539	3389	0.34904083511275080242697299581778
180	494785	3442	0.34877879562852887040946825436549
183	503032	3504	0.34852546671269757361244501225883
186	511278	3558	0.34827891086135565057446683567832
189	519524	3613	0.34803948241126952956037143849244
192	527771	3675	0.34780702254604672907234430567769
195	536017	3740	0.34758123576580979285921557675465
198	544264	3793	0.34736204935615772049217753192352
201	552510	3846	0.34714882661422197251965826580999
204	560757	3895	0.34694168206839570700594777008519
207	569003	3945	0.34674038677569490873864310742647
210	577249	3999	0.34654444075695800542291635792935
213	585496	4053	0.34635387918200172263638592085044
216	593742	4132	0.34616857714927307121399735478917
219	601989	4195	0.34598820070332647613753351834021
222	610235	4261	0.34581248423616256504331545329478
225	618481	4315	0.34564137396966171378309695683129
228	626728	4369	0.34547480315960193975044489889115
231	634974	4431	0.34531235359931167216984704282368
234	643221	4484	0.34515518454781946022791316863731
237	651467	4537	0.34500095276084774553737588576041
240	659713	4600	0.34485161920832507753686968499096
243	667960	4661	0.34470498196218679609614810033236
246	676206	4714	0.344561883627226561710443775155
249	684453	4768	0.34442230858573852358972544607241
252	692699	4829	0.34428617670569883202347227779683
255	700946	4892	0.34415332046354318862313448335044
258	709192	4947	0.34402452141068323721029287298734
261	717438	5001	0.34389774246478455044240263305255
264	725685	5063	0.34377403448594162638229931872047
267	733931	5117	0.34365221442226795423025009768025
270	742178	5170	0.34353420760658509580665054272686
273	750424	5233	0.3434188535742775938430781934585
276	758670	5295	0.34330606840901489729134254957899
279	766917	5350	0.34319596339329794254524585994659
282	775163	5404	0.34308819708033960749204993589956
285	783410	5466	0.34298287692679751970104007341433
288	791656	5519	0.3428798492151576837727589008864
291	799902	5573	0.34277900930845284221959445858374
294	808149	5635	0.34268148674517889817892069004301
297	816395	5696	0.34258506062166110828215437322797
300	824642	5750	0.34249164006435717233500781730982
303	832888	5803	0.34239918280156694807558892534871
306	841135	5866	0.34230872599033657088796189782443
309	849381	5928	0.34222013641086329593932191528438
312	857627	5982	0.34213343008431412739511756626598
315	865874	6035	0.34204851478727299474158485281805
318	874120	6097	0.34196536438777985766890310515009
321	882367	6151	0.34188386144073745764870864149998
324	890613	6204	0.34180403347364085586690407581045
327	898859	6266	0.34172578971782480161678563490568
330	907106	6329	0.34164909487642441954236005585699
333	915352	6381	0.34157391685814336712567751419556
336	923599	6436	0.34150025367594383229885579567053
339	931845	6499	0.34142802613042738668625020181935
342	940091	6560	0.34135821533287402651524189423071
345	948338	6613	0.34128875639804651109798783181759
348	956585	6667	0.34122061136148684745705850218656
351	964832	6729	0.34115376906848454696685735143546
354	973078	6783	0.34108821566512026457473893970018
357	981324	6836	0.3410249227183102527227731570747
360	989571	6899	0.34096179082206712340763488100492
363	997817	6961	0.34089984454938598856799103486992
366	1006064	7014	0.34084006488848728189111625397345
369	1014310	7067	0.34078039765932860438724105733854
372	1022557	7129	0.34072180884790276289564303624502
375	1030803	7183	0.34066429363861477908059782748751
378	1039049	7236	0.3406078101582176165251780730614
381	1047296	7299	0.34055234518386617859064813274017
384	1055542	7361	0.3404978675995429249212520517176
387	1063789	7414	0.34044535883736082304551473498577
390	1072035	7468	0.34039281624252404334640687011415
393	1080281	7531	0.34034116233882127922072413639398
396	1088528	7593	0.3402904450154200510780810873257
399	1096774	7646	0.34024058218710245826699178905983
402	1105021	7699	0.34019259075806157488486292095331
405	1113267	7761	0.34014444952896483176374431423028
408	1121514	7815	0.34009712523463686562052998851868
411	1129760	7867	0.34005062532779645190217365779972
414	1138006	7930	0.34000490321981574615151089346909
417	1146254	7992	0.3399609747113165880705309973564
420	1154500	8045	0.33991676349207872176449996004521
423	1162747	8098	0.33987328707349351297750672529219
426	1170993	8161	0.33983055675517842564303805374948
429	1179239	8223	0.33978851852137165190370637901651
432	1187486	8277	0.3397471751092921987691397589515
435	1195733	8335	0.33970648960464716603624424351437
438	1203980	8397	0.3396674807294762787890363142651
441	1212226	8450	0.33962811831238620685624596262642
444	1220472	8504	0.33958937602310246273162874786067
447	1228719	8566	0.33955125981197997742100369578111
450	1236965	8629	0.33951275150096210664329987594101
453	1245212	8683	0.33947586061012885449983400576457
456	1253458	8736	0.33943955042240675501474811426306
459	1261704	8798	0.33940379675392540193001877923962
462	1269951	8854	0.33936859003568486947699511802057
465	1278197	8907	0.33933394650856185670306786050787
468	1286444	8969	0.33930082340349465575002341211075
471	1294690	9032	0.33926723358549698561503760174674
474	1302937	9085	0.33923416664356587091333494754508
477	1311183	9139	0.33920158881013295903983362222789
480	1319429	9201	0.33917050630998507587676726870995
483	1327676	9267	0.33913891881558694274545473490434
486	1335922	9322	0.33910780874866930378885854224791
489	1344169	9386	0.33907716670026377681068652236718
492	1352415	9449	0.33904697944125089525968519410526
495	1360661	9502	0.33901723405927075560839512036182
498	1368908	9555	0.33898791582300175084796478586213
501	1377154	9617	0.33896003860845236310694872372551
504	1385401	9680	0.33893159553082907731180739574484
507	1393647	9735	0.33890355981480391189819556529983
510	1401893	9789	0.33887593166441343228711957635824
513	1410140	9838	0.33884868954598146295609240041813
516	1418386	9885	0.33882186012452519818793916783761
519	1426633	9939	0.33879541073969987596825603759498
522	1434879	9992	0.33876934212972148463549615371448
525	1443126	10067	0.33874364312855076430963663369766
528	1451372	10129	0.33871831017759496118557649424474
531	1459618	10191	0.33869333145813040886196176870726
534	1467865	10244	0.33866870847345798001271077737329
537	1476111	10297	0.33864443746480071828486302365491
540	1484358	10361	0.33862049897469237436098410398699
543	1492604	10416	0.33859688901883494560607346102188
546	1500850	10471	0.33857361613944436662393400183646
549	1509097	10535	0.33855065565604158805967927037273
552	1517343	10598	0.33852800914622777073148540694092
555	1525590	10653	0.33850567843418488678253197576851
558	1533836	10708	0.3384836600386050831090756219055
561	1542082	10771	0.33846192833308269554137837076269
564	1550329	10825	0.33844049565661948886230447897105
567	1558575	10879	0.33841934303823756335916073112458
570	1566822	10942	0.33839847511138326785484764513967
573	1575068	11006	0.33837788930622259009339813928818
576	1583315	11060	0.33835757299661239905219645152101
579	1591561	11123	0.33833853282864234657267843431327
582	1599807	11187	0.33831875445387749046233238914283
585	1608054	11241	0.33829924139925326986855225186446
588	1616300	11295	0.33827998123884717163178947885172
591	1624547	11358	0.33826097711368285914090847654734
594	1632793	11414	0.33824222213974119988222355459584
597	1641039	11469	0.3382237047953639552666516010504
600	1649286	11535	0.33820542757299337788268189797236
603	1657532	11599	0.338187383039774414061895413397
606	1665779	11656	0.33816957479765652472281090012984
609	1674025	11710	0.33815198941645779884268563364458
612	1682271	11773	0.33813463223262790746659334217838
615	1690518	11828	0.33811749757006043237694825620565
618	1698764	11882	0.33810158735372730642865235495265
621	1707011	11946	0.33808488489150750888612151356938
624	1715257	12009	0.33806839194699594974835576977057
627	1723504	12064	0.33805210478066721746515099766839
630	1731750	12118	0.3380360293343562250178990780114
633	1739996	12181	0.33802014934985485927754211843421
636	1748243	12236	0.33800446224788627258561746202759
639	1756489	12291	0.33798896925604499097417487973871
642	1764736	12354	0.33797367135617745192988081726071
645	1772982	12417	0.33795856084682418529752112590359
648	1781228	12472	0.33794363260339693733058652469481
651	1789475	12526	0.33792889239896911623972641791624
654	1797721	12589	0.33791533817326413480230939967441
657	1805968	12644	0.33790095750264792506811772909714
660	1814214	12698	0.33788674397828061257698095687374
663	1822460	12761	0.33787270197533691984403958485927
666	1830707	12825	0.33785882951132883977862775282119
669	1838953	12879	0.33784512594013810238280370867869
672	1847200	12934	0.337831585320984062459359620334
675	1855446	12998	0.33781820907216092431113452221325
678	1863693	13053	0.33780498820204479804019115363189
681	1871939	13108	0.33779192031570354215475049386441
684	1880185	13171	0.33777900982488739956011158938054
687	1888432	13235	0.33776625343944183255118218767166
690	1896678	13290	0.33775364654285688903456730258767
693	1904925	13354	0.33774118668998598380426301446278
696	1913171	13417	0.33772887813878416096713408478536
699	1921417	13471	0.3377167082301502087915423544473
702	1929664	13526	0.33770468092702260465287622537289
705	1937910	13589	0.33769279362288984192019825059106
708	1946157	13652	0.33768104626553474556516221127822
711	1954403	13706	0.33767042742608754934963144478388
714	1962649	13768	0.33765894277941777001927903256728
717	1970896	13831	0.33764759410441635978372687532101
720	1979142	13885	0.33763637110877131597419520403491
723	1987389	13940	0.33762527850876916657441029201436
726	1995635	14004	0.337614306340651593174584377266
729	2003882	14067	0.33760346476306007934553576887993
732	2012128	14121	0.33759274432683145095168697480403
735	2020374	14184	0.33758214443499268142545588489156
738	2028621	14248	0.3375716684760719510371984597441
741	2036867	14302	0.33756130560864477940796746224805
744	2045114	14357	0.33755105707911520207531452797411
747	2053360	14420	0.33754092348001801804358024128305
750	2061606	14475	0.33753090000669266901311971196264
753	2069853	14529	0.33752099135513630168148324628419
756	2078099	14592	0.33751119290746722789720024593407
759	2086346	14655	0.33750149964112230449586604663637
762	2094592	14710	0.33749191329041672293698184148525
765	2102839	14765	0.33748243542858386012639471118746
768	2111086	14828	0.33747306164671425632306522857107
771	2119332	14882	0.33746378924908132512783254242095
774	2127579	14936	0.33745461391730496858443189012178
777	2135825	15000	0.33744553888933864760346637012844
780	2144072	15064	0.33743656358563262065430876646133
783	2152318	15119	0.33742768635722752978978178362013
786	2160564	15173	0.33741890728818668687694071195438
789	2168811	15236	0.33741021941311749587910640002519
792	2177057	15290	0.33740162717676247527975874618278
795	2185304	15345	0.33739312597290949113926217250992
798	2193550	15409	0.33738471484888088447462450858438
801	2201796	15472	0.33737739102536806745646913441306
804	2210043	15527	0.33736916059223792663246399570198
807	2218289	15581	0.33736101274477853229072366048058
810	2226536	15645	0.33735295550523580754287422678317
813	2234782	15699	0.33734498292296621890784535935381
816	2243028	15754	0.33733709247784343654430472270178
819	2251275	15817	0.33732928400143374902953041782894
822	2259521	15881	0.33732155628150839454804099659668
825	2267768	15936	0.33731391035826296942445878812578
828	2276014	15999	0.33730634382515817248915368509188
831	2284261	16064	0.33729885570764001068155835127982
834	2292507	16119	0.3372914487096799751597586691787
837	2300753	16173	0.33728411291238397096137191510934
840	2309000	16237	0.33727685355255454524581182340626
843	2317246	16292	0.33726966914733697011641311291896
846	2325493	16346	0.3372625592216432210967980154237
849	2333739	16409	0.33725552275162018478482650607475
852	2341985	16472	0.33724855956040411530949540974689
855	2350232	16526	0.33724166584026893378478462182102
858	2358478	16580	0.33723484358571981234220515943889
861	2366725	16643	0.33722708999918415972985030748532
864	2374971	16698	0.33722040624326615754213776199322
867	2383217	16753	0.3372137866568479247497691630997
870	2391464	16817	0.33720723238321353987245743155654
873	2399710	16879	0.33720074671371341734626980723988
876	2407957	16935	0.3371943246390422532776653952169
879	2416203	16989	0.33718896883127214003650351514807
882	2424450	17052	0.33718267594546180720982420098153
885	2432696	17106	0.33717644534338819806151832381147
888	2440942	17161	0.33717027636366903031728270434542
891	2449189	17224	0.33716416938559296001542975318443
894	2457435	17288	0.33715812384586341110548346478026
897	2465682	17343	0.33715213764870810564389103092253
900	2473928	17398	0.33714620863623750990356597867503
