0	0	0	0.6931471805595997848215006342798
3	8025	3	0.53528137821719135036602210675483
6	16050	8	0.496444252159994825479572000404
9	24075	11	0.47281268258143843707941300635866
12	32100	15	0.45519501071404522285490656940965
15	40125	18	0.44135132525834713801415887246549
18	48150	21	0.43039396137552482501931194747158
21	56175	24	0.4213398834948454130255868221866
24	64200	27	0.41392747370401056228317315799359
27	72225	31	0.40766996182793741043681734481652
30	80250	36	0.40230813522967473483404887701909
33	88275	40	0.39768780628301941826308052441163
36	96300	44	0.39366938146069457848952310996538
39	104325	47	0.39018722847336179126997990351811
42	112350	51	0.38709188999938132225153708532162
45	120375	55	0.3843185285028442033095075203164
48	128400	60	0.38183916463914574501714582765999
51	136425	63	0.37960245101820133672987367390306
54	144450	67	0.37760958512854120305846095106972
57	152475	71	0.3757663953789617261591615715588
60	160500	74	0.37406764479746668072834836493712
63	168525	78	0.37251195510273360511632745328825
66	176550	82	0.37106259154096660202171165110485
69	184575	86	0.36972632678351041723985304088274
72	192600	89	0.36848404702361226004114769239095
75	200625	93	0.36732449494302904513531871089072
78	208650	97	0.36623828289037202443623186809418
81	216675	101	0.36521972947193431791035322930838
84	224700	104	0.36425982880004864616907411800639
87	232725	108	0.36335473053349537364553611951123
90	240750	111	0.36249910182278360926133586872311
93	248775	116	0.36168533517614170902376713456761
96	256800	119	0.36091683586010081530304205443827
99	264825	123	0.36018558159557229059188898645516
102	272850	127	0.35949252891955080224661855936574
105	280875	131	0.35883294916316704759040590033692
108	288900	134	0.35820499661990684581169830380531
111	296925	137	0.35760472715436092405738577326701
114	304950	141	0.35702866216984158187486286806234
117	312975	145	0.35647567292605075728317842731485
120	321000	148	0.35594701606706335983432154534967
123	329025	152	0.35544305408213339170231392927235
126	337050	156	0.35495602113837482205482842800848
129	345075	160	0.35448781704917714518998650419235
132	353100	163	0.35403802355636887488898878473265
135	361125	167	0.35360805896535979497841140073433
138	369150	171	0.35319231633070774512006551049126
141	377175	175	0.35279123773601722691140025744971
144	385200	178	0.35240406681891822682217707551899
147	393225	182	0.35203181503387620532308233123331
150	401250	186	0.35167132161075043139675244674436
153	409275	190	0.35132636762100999394675682196976
156	417300	193	0.35099037836691637792796427675057
159	425325	197	0.35066601438398969925458459329093
162	433350	201	0.35035261848635529391415843747382
165	441375	205	0.35005209158130184965429521071201
168	449400	208	0.34975722884316973182450283275102
171	457425	211	0.34947219573957499783034563733963
174	465450	214	0.34919770615691431148164269870904
177	473475	218	0.34893022677439050616143845218176
180	481500	221	0.34867263548660865080108806068893
183	489525	226	0.34842071670365298841076651115145
186	497550	230	0.34817693628752982570873086842766
189	505575	234	0.34793981104405263815593229992373
192	513600	238	0.34770932996524422931017284099653
195	521625	241	0.34748587572222167096924749785103
198	529650	246	0.34726869071406346600738856977841
201	537675	250	0.34705773966487962756133356378996
204	545700	253	0.34685269279577513046319836576004
207	553725	257	0.34665329257515897776187330237008
210	561750	261	0.34645973827879955608821660462127
213	569775	265	0.34627101682625377465640781338152
216	577800	269	0.34608792020274214973341031509335
219	585825	272	0.34590938267777671111247173030279
222	593850	276	0.34573569800352899061834932581405
225	601875	280	0.34556656902502036476931834840798
228	609900	283	0.34540146593776360761651744724077
231	617925	288	0.34524109307851508221531844355923
234	625950	291	0.34508422174438108109839618009573
237	633975	295	0.34493244976569847892733378103003
240	642000	298	0.34478567136184168351320522560854
243	650025	301	0.34464041972163961258246445140685
246	658050	304	0.34449865734705331643539238939411
249	666075	308	0.34436065113249436642206546821399
252	674101	311	0.34422554926155779497776165953837
255	682126	316	0.34409484666396100704943705750338
258	690151	321	0.34396651226930929912128931391635
261	698176	325	0.34384087215743025511827113405161
264	706201	329	0.3437182431762636491967555230076
267	714226	332	0.34359854687048840826690820904332
270	722251	336	0.34348161466046683854003163105517
273	730276	340	0.34336626442859174979105318925576
276	738301	343	0.34325446556931982211580134389806
279	746326	346	0.34314522579551537395659011053795
282	754351	351	0.34303852445759480671583219191234
285	762376	355	0.34293413986835408202580310899066
288	770401	358	0.34283200617397130427477236480627
291	778426	362	0.34273210958379030088849503954407
294	786451	366	0.34263531233468225156713060641778
297	794476	370	0.34254017433366490408275240042713
300	802501	373	0.34244762490562852264019966241904
303	810526	377	0.3423561231640184221447498202906
306	818551	381	0.34226672628743159965125641974737
309	826576	385	0.34217899101615645296448064982542
312	834601	389	0.34209337395360617239958855861914
315	842626	392	0.34200953728653038510287842655089
318	850651	396	0.34192711356312327497519731878128
321	858676	400	0.34184644263369357020110328448936
324	866701	403	0.34176742569108847780157134366164
327	874726	407	0.3416898331842423974791245200322
330	882751	411	0.34161395211952777506425604769902
333	890776	415	0.34153955260042639929807251064631
336	898801	419	0.34146652793565979155943068690249
339	906826	423	0.3413959312459903250314141587296
342	914851	427	0.34132572427497576139643342685304
345	922876	430	0.34125683883363944204347717459314
348	930901	434	0.34118940111343776244723358104238
351	938926	438	0.34112418492085955223913629197341
354	946951	442	0.34106022372202227099791116415872
357	954976	446	0.340996470932564188505153879305
360	963001	449	0.34093383635864571434836989283212
363	971026	453	0.34087258314856438978779351600679
366	979051	456	0.34081228417086262272306385057163
369	987076	460	0.34075309590708746654286187549587
372	995101	464	0.34069498627580102612100176884269
375	1003126	468	0.34063806428547782623184048134135
378	1011151	472	0.34058216568713878258378713326238
381	1019176	475	0.34052706716708969203466494946042
384	1027201	479	0.34047309954110382967940040543908
387	1035226	483	0.34042107402658694503827518929029
390	1043251	487	0.34036905030097691637891443861008
393	1051276	491	0.34031788405967616784053575429425
396	1059301	494	0.34026761012105899428803468254046
399	1067326	497	0.34021824843462195042675944023358
402	1075351	500	0.34017067532813166641503244136402
405	1083376	504	0.34012290296839908787518425015151
408	1091401	508	0.34007589663554721459703955588338
411	1099426	513	0.34002975787411315877761808224022
414	1107451	517	0.33998443464889238629922374457237
417	1115476	521	0.33994080216544814154744358347671
420	1123501	524	0.33989692335098570241669335700863
423	1131526	528	0.33985375348833224418143572620465
426	1139551	532	0.3398114210360002052091488167207
429	1147576	536	0.33976979108436206056254036411701
432	1155601	539	0.33972877413278090852344348604674
435	1163626	543	0.33968840367126934554065087468189
438	1171651	547	0.33964971479165700918301240562869
441	1179676	551	0.33961069456878584249537311734457
444	1187701	555	0.33957224898576732208255180012202
447	1195726	559	0.33953338968612833959070940181846
450	1203751	563	0.33949626669314902915886023038183
453	1211776	566	0.33945959448265772273600759945111
456	1219801	570	0.33942353320109364123169370941469
459	1227826	574	0.33938798500533123858602380096272
462	1235851	578	0.33935313928892985035901119772461
465	1243876	582	0.33931969158462177427182382416504
468	1251901	586	0.3392858910230468483248955635645
471	1259926	590	0.33925357078456369608332465759304
474	1267951	594	0.33922070117222152818570179988455
477	1275976	598	0.33918839999132754936539413392893
480	1284001	602	0.33915653169866988303482457922655
483	1292026	606	0.33912518055490337154367352923146
486	1300051	609	0.33909426925648422646020208048867
489	1308076	613	0.33906383466419731664842629470513
492	1316101	617	0.33903389050850568642303528577031
495	1324126	620	0.33900534123588249579839271063975
498	1332151	624	0.3389761924897720102300979760912
501	1340177	628	0.33894754238856389383371947587875
504	1348202	632	0.3389192620207246986474558525515
507	1356227	635	0.338891469343450713047616318363
510	1364252	639	0.33886402623756384233644212145009
513	1372277	643	0.33883701776697028318352522546775
516	1380302	647	0.33881036460318597614005398099835
519	1388327	650	0.33878409527802005873908797184413
522	1396352	655	0.33875819103012566602117772163183
525	1404377	658	0.33873262958285593748897213117743
528	1412402	661	0.33870745997691809048291133876774
531	1420427	665	0.33868270751320117550875465894933
534	1428452	669	0.33865824698892127431193443953816
537	1436477	673	0.33863410712421637693836373728118
540	1444502	676	0.33861034232768316698525268293452
543	1452527	680	0.33858691944135588247632995262393
546	1460552	684	0.338563779886139892827401354225
549	1468577	688	0.33854095646370407912684186158003
552	1476602	691	0.33851843946708659593980428326176
555	1484627	696	0.33849623882750129455487808627367
558	1492652	699	0.33847433840806268046108584712783
561	1500677	703	0.33845274442744471832256181187404
564	1508702	707	0.33843144864538055038849506672705
567	1516727	711	0.33841042685731725914166645452497
570	1524752	714	0.33838969122647455378682934679091
573	1532777	718	0.3383692082949539825520446356677
576	1540802	722	0.33835001956592547500690670858603
579	1548827	726	0.33833013877718293160867801816494
582	1556852	730	0.33831048641297301049490897639771
585	1564877	733	0.33829111126299332701350408569851
588	1572902	737	0.33827195524914455138087987506879
591	1580927	741	0.33825309394930203055196216155309
594	1588952	744	0.33823445189450485059978745994158
597	1596977	748	0.33821613179233361856645956322609
600	1605002	752	0.33819797211413515913847049887409
603	1613027	755	0.33818003029783033630550903581025
606	1621052	759	0.33816232418684177840617621768615
609	1629077	763	0.33814483563188690862233443112927
612	1637102	767	0.33812757984631441887657388178923
615	1645127	770	0.33811055267754963615800534171285
618	1653152	774	0.33809373681611043505057523361756
621	1661177	778	0.33807713916246623364614265483397
624	1669202	782	0.33806174172786890297359718715597
627	1677227	785	0.33804553950455140665098952013068
630	1685252	789	0.33802957110262249473819906597782
633	1693277	793	0.33801378431217349307402741942497
636	1701302	797	0.33799824194954891654063544592645
639	1709327	800	0.33798285534430239085423863798496
642	1717352	804	0.33796765220799701578968665671709
645	1725377	808	0.33795363308596421125784559080785
648	1733402	811	0.33793878980069552708798141793523
651	1741427	815	0.33792411814531603253541902631696
654	1749452	819	0.33790966048081216843712581976433
657	1757477	823	0.33789534717462532675824604666559
660	1765502	827	0.33788121038521845562740963941906
663	1773527	830	0.33786723832531612154994604679814
666	1781552	835	0.33785346377850988819346866876003
669	1789577	839	0.33783984663311128482376943793497
672	1797602	843	0.33782637545114302390913962881314
675	1805627	847	0.33781306327998023020242612801667
678	1813652	851	0.33779991185236774020594907597115
681	1821677	854	0.3377869357828932606047089848289
684	1829702	858	0.3377741074935921572475194807339
687	1837727	862	0.33776143033374389501588552775502
690	1845752	866	0.33774888314103562736434582802758
693	1853777	869	0.3377365075190389420711767343164
696	1861802	873	0.33772427322180914588400924003508
699	1869827	877	0.33771218255257828833038047378068
702	1877852	881	0.33770022941549132644567521310819
705	1885877	884	0.33768840453702103632238618047268
708	1893902	888	0.33767671109842634091791069295141
711	1901927	892	0.33766615034266139749874469089264
714	1909952	896	0.33765472646257538302805301100307
717	1917977	899	0.33764343747027925068948661646573
720	1926002	903	0.33763226638812088298280400522344
723	1934027	907	0.33762122743927241996786392519425
726	1942052	910	0.33761031651207523696101020505012
729	1950077	914	0.33759953157118077760046048751974
732	1958102	918	0.33758886854171621383358115053852
735	1966127	922	0.33757831994806042352763597591547
738	1974152	925	0.33756789387181379558100502435991
741	1982177	929	0.33755758694191756452696040469164
744	1990202	933	0.3375473870684357891036597720813
747	1998227	937	0.33753729935967169417665445507737
750	2006253	940	0.33752732923116735008761679637246
753	2014278	944	0.33751746069896593205328372278018
756	2022303	948	0.33750770254288431360123468039092
759	2030328	952	0.33749806098551382582684254884953
762	2038353	955	0.33748852696619169311276209555217
765	2046378	959	0.33747909503579148760010752994276
768	2054403	963	0.33746977242823589238085446595505
771	2062428	967	0.33746055243449640803632405550161
774	2070453	970	0.33745142097924057944524633967376
777	2078478	974	0.33744240033445127568967336628702
780	2086503	978	0.33743346950524472083188243232144
783	2094528	981	0.33742463568665526096879148099106
786	2102553	984	0.33741589191656090607196460950945
789	2110578	989	0.33740725202335275501042133328156
792	2118603	993	0.33739869932463623092289140004141
795	2126628	996	0.33739023419752905974533518929093
798	2134653	1000	0.33738185938411063835573600044881
801	2142678	1004	0.33737356945659141560511784518894
804	2150703	1008	0.33736537114951614668711954436731
807	2158728	1011	0.33735725823431556014142529420496
810	2166753	1015	0.33735023893479348933155392842309
813	2174778	1019	0.33734230110870822016977399471216
816	2182803	1023	0.33733446057407556750717958493624
819	2190828	1026	0.33732668421593459129326220136136
822	2198853	1030	0.3373189965298306614016610183171
825	2206878	1033	0.33731138147334915888819750762195
828	2214903	1036	0.33730385387604960856222646725655
831	2222928	1040	0.33729639081924184251803922052204
834	2230953	1043	0.33728900786928361910099738452118
837	2238978	1048	0.33728169914427846842741587352066
840	2247003	1052	0.33727447299957658000124638419948
843	2255028	1056	0.33726731720403380077044630525052
846	2263053	1059	0.33726024212690436376860247946752
849	2271078	1063	0.33725323360283576690221707394812
852	2279103	1067	0.33724629374490183719714764265518
855	2287128	1071	0.3372394238996758164539357949252
858	2295153	1074	0.33723262911243956363449569835211
861	2303178	1078	0.33722490997035231563572210689017
864	2311203	1082	0.33721825575027497556845901272027
867	2319228	1086	0.33721166696303450649452315701637
870	2327253	1089	0.33720513861332845895191212548525
873	2335278	1093	0.33719967942950929140621951773937
876	2343303	1097	0.33719329377439277717343202311895
879	2351328	1100	0.33718695655820535295177364787378
882	2359353	1104	0.33718068694629499404413763841148
885	2367378	1108	0.33717447799545163800161162725999
888	2375403	1112	0.33716833528998702007584142847918
891	2383428	1116	0.33716225167243357718760421448678
894	2391453	1119	0.33715623124207311223088368024037
897	2399478	1123	0.33715026522735314085110758242081
900	2407503	1127	0.33714436918709739243737999458972
