0	0	0	0.69314718055895352399886633065762
3	90	26	0.69314718055895352399886633065762
6	180	52	0.69314718055895352399886633065762
9	270	78	0.69314718055895352399886633065762
12	360	105	0.69314718055895352399886633065762
15	450	132	0.69314718055895352399886633065762
18	540	158	0.69314718055895352399886633065762
21	630	183	0.69314718055895352399886633065762
24	720	209	0.69314718055895352399886633065762
27	810	235	0.69314717542449477694077586420462
30	900	261	0.69314717542985526677057350752875
33	990	287	0.69314717543521553455576622582157
36	1080	313	0.69314717544057524722944663153612
39	1170	339	0.69314717544593595910384919989156
42	1260	365	0.69314717545129655995594930573134
45	1350	391	0.69314717545665571751811739886762
48	1440	417	0.69314717546201642939251996722305
51	1530	443	0.69314716290026601175355835948722
54	1620	469	0.69314716292301759015259676743881
57	1710	494	0.69314716294577050081926472557825
60	1800	520	0.69314716296852207921830313352984
63	1890	546	0.6931471629912739906842489290284
66	1980	572	0.6931471630140257911278922620113
69	2070	598	0.69314716303677725850462820744724
72	2160	624	0.69314716305953172348353064080584
75	2250	650	0.69314716308228285779335919869482
78	2340	675	0.69314716310503432517009514413076
81	2430	701	0.69314715606389643021145730017452
84	2520	727	0.69314715608850441252997143237735
87	2610	754	0.69314715611311183973697325200192
90	2700	779	0.69314715613771937796627753414214
93	2790	806	0.69314715616232858153011875401717
96	2880	833	0.69314714440791980187839271820849
99	2970	859	0.6931471444412211635466292136698
102	3060	884	0.69314714447452174805874847152154
105	3150	910	0.69314714450782211052626280434197
108	3240	937	0.69314714454112191788226482458413
111	3330	964	0.69314714457442194728287176985759
114	3420	990	0.69314714460772464121873781550676
117	3510	1017	0.69314714464102478164164722329588
120	3600	1043	0.693147144674324922064556631085
123	3690	1069	0.69314714470762428533134880126454
126	3780	1094	0.69314714474092387064274589647539
129	3870	1120	0.69314714477422312288723560413928
132	3960	1146	0.69314714480752281922093516186578
135	4050	1172	0.69314714484082373679996180726448
138	4140	1197	0.69314714487412321108905643995968
141	4230	1223	0.69314714490742235231124368510791
144	4320	1249	0.69314714494072082739961615516222
147	4410	1275	0.69314714497401885839877877515391
150	4500	1300	0.69314714500731822166557094533346
153	4590	1326	0.69314714504061836208848035312258
156	4680	1352	0.69314714507391694819915528569254
159	4770	1377	0.6931471451072153122652252932312
162	4860	1403	0.69314714514051256610827067561331
165	4950	1428	0.69314714517381059710743329560501
168	5040	1454	0.69314714520710962730731807823759
171	5130	1480	0.69314714524040843546259793583886
174	5220	1505	0.69314714527370768770708764350275
177	5310	1531	0.69314714530700471950552810085355
180	5400	1557	0.69314714534030175130396855820436
183	5490	1584	0.69314714537359956025852625316475
186	5580	1611	0.69314714540689881250301596082863
189	5670	1638	0.69314714544019606634606134321075
192	5760	1665	0.69314714547349198792147717540502
195	5850	1692	0.69314714550678890869761517024017
198	5940	1719	0.69314714554008605151835809010663
201	6030	1745	0.69314714557338408251752071009832
204	6120	1772	0.69314714560668033715984392983955
207	6210	1800	0.69314714563997648077986468706513
210	6300	1827	0.69314714567327195826607066919678
213	6390	1852	0.69314714570656876801990620151628
216	6480	1878	0.69314714573986591084064912138274
219	6570	1905	0.6931471457731630536613920412492
222	6660	1931	0.69314714580645830910299309834954
225	6750	1957	0.69314714583975456374531631809077
228	6840	1983	0.69314714587305015225382476273808
231	6930	2009	0.69314714590634607382924059493234
234	7020	2034	0.69314714593964155131544657706399
237	7110	2059	0.69314714597293636266783778410172
240	7200	2085	0.69314714600623106299792652862379
243	7290	2110	0.69314714603952576332801527314587
246	7380	2136	0.69314714607282235103724588043406
249	7470	2161	0.69314714610611660727812477489351
252	7560	2187	0.69314714613941241783123814457213
255	7650	2212	0.69314714617270645202751211400027
258	7740	2237	0.69314714620600059724608854594408
261	7830	2263	0.69314714623929563064308467801311
264	7920	2288	0.69314712083022367306028854727629
267	8010	2313	0.69314710628903619671348224073881
270	8100	2338	0.69314710633647613757801764222677
273	8190	2364	0.69314710638391852093320721905911
276	8280	2390	0.69314710643135779566392784545314
279	8370	2415	0.69314710647879829163997555951937
282	8460	2440	0.69314710652624078601746759886737
285	8550	2465	0.69314710657367961665897837519879
288	8640	2490	0.69314710662111833627818668901455
291	8730	2515	0.69314710666856049758877134081558
294	8820	2540	0.69314710671599888414107226708438
297	8910	2566	0.69314710676343760376028058090014
300	9000	2591	0.69314710681087732258021105735679
303	9090	2617	0.69314710685831792957856123393867
306	9180	2648	0.69314710690575609408625723517616
309	9270	2673	0.69314710695319503575007047402323
312	9360	2699	0.6931471070006339774138837128703
315	9450	2725	0.69314710704807336316690680177999
318	9540	2752	0.69314710709551108358539295295486
321	9630	2777	0.69314710714294747173624955394189
324	9720	2803	0.69314710719038763464538988046115
327	9810	2828	0.69314710723782424484085140647949
330	9900	2853	0.69314710728526218730394248268567
333	9990	2879	0.69314710733269946363321878379793
336	10080	2904	0.69314710738013740609630986000411
339	10170	2929	0.69314710742757490447019108614768
342	10260	2954	0.69314710747501118159874522461905
345	10350	2979	0.69314710752245001224025600095047
348	10440	3004	0.69314710756988562323499536432792
351	10530	3030	0.69314710761731967991750025248621
354	10620	3055	0.69314710766475795544749871623935
357	10710	3080	0.69314710771219445462065777974203
360	10800	3106	0.69314710775962840028086020538467
363	10890	3131	0.69314710780706578763243896901258
366	10980	3156	0.69314710785450028840415370723349
369	11070	3182	0.69314710084375452670002459854004
372	11160	3207	0.69314710089121400748979340278311
375	11250	3232	0.69314710093867504259179668224533
378	11340	3258	0.69314710098613840916215167453629
381	11430	3283	0.69314710103359677972889585362282
384	11520	3308	0.69314710108105870300931883321027
387	11610	3333	0.69314699045463978865910803506267
390	11700	3359	0.69314699052201855788979401040706
393	11790	3385	0.69314699058939543974133812298533
396	11880	3411	0.69314699065677365386051178575144
399	11970	3436	0.69314699072415064673435836084536
402	12060	3461	0.69314699079152597427366799820447
405	12150	3487	0.69314699085890529861586628612713
408	12240	3512	0.69314699092628040411057099845493
411	12330	3537	0.69314699099365695289520772348624
414	12420	3563	0.69314699106103438985826414864277
417	12510	3588	0.69314693627342605086738558384241
420	12600	3613	0.69314693634101309793749123855378
423	12690	3639	0.69314693640860003398529443074949
426	12780	3665	0.69314693647618574878777053527301
429	12870	3690	0.6931469365437705754118269396713
432	12960	3715	0.69314693661135740043732766935136
435	13050	3741	0.69314693667894178297217422368703
438	13140	3767	0.69314693674652572141781092796009
441	13230	3793	0.69314693681411254644331165764015
444	13320	3819	0.69314693688169659591125082442886
447	13410	3844	0.6931469369492800902676776786393
450	13500	3869	0.69314693701686558302554885813151
453	13590	3894	0.69314693708444996556039541246719
456	13680	3920	0.69314693715203146151537794139585
459	13770	3945	0.69314693721961462280489740805933
462	13860	3970	0.69314693728719922738434888742631
465	13950	3996	0.69314693735478016822781910377671
468	14040	4022	0.69314693742236488382957304565934
471	14130	4047	0.69314693748994538058383341194713
474	14220	4072	0.69314693755752776471723564100103
477	14310	4098	0.69314693762511081498445264514885
480	14400	4123	0.69314693769269142276101547395228
483	14490	4148	0.69314693776027180849297337772441
486	14580	4173	0.69314693782785286035874605659046
489	14670	4199	0.69314693789543457835833351055044
492	14760	4224	0.69314693796301629635792096451041
495	14850	4250	0.69314693803059623800066901821992
498	14940	4275	0.69314693809817462533118259671028
501	15030	4300	0.69314693816575634333077005067025
504	15120	4325	0.69314693823333606292891317934846
507	15210	4350	0.69314693830091433923712429532316
510	15300	4375	0.69314693836849328167915018639178
513	15390	4401	0.69314693110114566909629729707376
516	15480	4427	0.69314693116968761898988304892555
519	15570	4452	0.69314693123823112319570327599649
522	15660	4478	0.69314693130677373922310380294221
525	15750	4503	0.69314693137531813160734373013838
528	15840	4528	0.6931469314438595263894171694119
531	15930	4553	0.69314693151240280855063247145154
534	16020	4579	0.69314693158094342617658867311548
537	16110	4604	0.69314693164948393278024241226376
540	16200	4630	0.69314693171802554960692077656859
543	16290	4655	0.69314693178656539007675974062295
546	16380	4680	0.69314693185510689588113564241212
549	16470	4705	0.69314693192364751350709184407606
552	16560	4730	0.69314693199218835317765297077131
555	16650	4756	0.69314693206072675035755992212216
558	16740	4781	0.69314690670249656800905313502881
561	16830	4806	0.69314690677112900107914583713864
564	16920	4831	0.69314690683976387663989271459286
567	17010	4856	0.69314690690839431130854109142092
570	17100	4881	0.6931469069770292978915904313908
573	17190	4906	0.69314690704566161993938067098497
576	17280	4931	0.69314690711429416403177583561046
579	17370	4957	0.69314690718292504278963406250114
582	17460	4982	0.69314690725155847506044892725185
585	17550	5007	0.69314690732018879870679484156426
588	17640	5032	0.69314690738882134279919000618975
591	17730	5058	0.69314690745745199951244330804911
594	17820	5083	0.69314690752608332235951138500241
597	17910	5108	0.69314690759471475622888192447135
600	18000	5133	0.69314690766334519089753030129941
603	18090	5158	0.69314690773197384920933927787701
606	18180	5184	0.69314690780060528307870981734595
609	18270	5209	0.69314690786923327525670401882962
612	18360	5235	0.69314690793786215561311792043853
615	18450	5260	0.69314690800649414459400077248574
618	18540	5285	0.69314690807512224779429743648507
621	18630	5310	0.69314690814375190530682857570355
624	18720	5335	0.69314690821237834317258830196806
627	18810	5361	0.69314690828100844477432929124916
630	18900	5386	0.69314690834963488264008901751367
633	18990	5411	0.69314679786755539758758004609263
636	19080	5437	0.69314679793660649576025889473385
639	19170	5462	0.6931467980056594813120796061412
642	19260	5487	0.69314679807471213379699293000158
645	19350	5512	0.693146798143764453214998866315
648	19440	5538	0.69314679821281510729846786489361
651	19530	5563	0.69314679828186620547114671353484
654	19620	5589	0.69314679835091685955461571211345
657	19710	5614	0.69314679841996718057117732314509
660	19800	5639	0.69314679848901961101148572197417
663	19890	5665	0.69314679855806970998344240797451
666	19980	5690	0.69314679862711980895539909397485
669	20070	5716	0.69314678619915603974277473753318
672	20160	5741	0.69314678626901593538889301271411
675	20250	5766	0.69314678633887505387889405028545
678	20340	5791	0.69314678640873317316817292521591
681	20430	5817	0.69314678647859251370277888781857
684	20520	5842	0.69314678654845274241580455054645
687	20610	5868	0.69314678661830786410291693755426
690	20700	5894	0.69314678668816676054831305009429
693	20790	5919	0.69314678675802554597140670011868
696	20880	5945	0.69314678682788111174772893718909
699	20970	5971	0.69314678689774045228233489979175
702	21060	5996	0.6931467869675954629471448242839
705	21150	6022	0.6931467870374534712141212366987
708	21240	6047	0.69314678710730892596814101125346
711	21330	6072	0.69314678717716460276676571083954
714	21420	6098	0.69314678724702127876611257306649
717	21510	6123	0.69314678731687617840862003504299
720	21600	6148	0.69314678738673263236336197223864
723	21690	6174	0.69314678745658653280514727157424
726	21780	6199	0.69314678752644254267067935870728
729	21870	6224	0.69314678759629599902325480798027
732	21960	6249	0.69314678766615123173266965750372
735	22050	6274	0.69314678773600524319675741935498
738	22140	6299	0.69314678780585980977235749378451
741	22230	6325	0.69314678787571282203572309299489
744	22320	6350	0.69314678794556416896455175447045
747	22410	6375	0.69314678801541862451784936638433
750	22500	6401	0.69314678808527041553588787792251
753	22590	6426	0.69314678815512364984385840216419
756	22680	6451	0.69314678822497666210722400137456
759	22770	6477	0.69314678829482900823677482549101
762	22860	6501	0.69314677379141609314672223263187
765	22950	6526	0.69314677386132150793685013923096
768	23040	6551	0.69314677393122559045934849564219
771	23130	6577	0.69314677400112978400414931456908
774	23220	6602	0.69314677407103320039283289588639
777	23310	6627	0.69314677414093706087072632726631
780	23400	6653	0.6931467742108398111255951334897
783	23490	6678	0.69314677428074278342506886474439
786	23580	6703	0.69314677435064508959072782090516
789	23670	6728	0.69314677442054695166717692700331
792	23760	6754	0.69314677449044903578823095813277
795	23850	6779	0.69314677456035178604309976435616
798	23940	6804	0.69314677463025375914185133296996
801	24030	6830	0.69314677470015384486146103881765
804	24120	6855	0.69314677477005592898251506994711
807	24210	6880	0.69314677483995734696975432598265
810	24300	6905	0.69314677490985743268936403183034
813	24390	6931	0.6931467749797568522751589625841
816	24480	6956	0.69314676047944989711879770766245
819	24570	6981	0.69314676054940127514214509574231
822	24660	7006	0.69314676061935398543312203401001
825	24750	7032	0.69314676068930647367949404724641
828	24840	7057	0.6931467461921920758527448924724
831	24930	7082	0.69314674626219763275969398819143
834	25020	7107	0.69314674633220085819829137108172
837	25110	7132	0.6931467464022050828376109166129
840	25200	7158	0.69314674647220952952153538717539
843	25290	7183	0.69314674654221131167020075736218
846	25380	7208	0.69314673204820942409298822894925
849	25470	7233	0.69314673211826316467920605646214
852	25560	7258	0.69314673218832012491219529692899
855	25650	7284	0.69314673225837430958762297450448
858	25740	7309	0.69314673232842982653068020226783
861	25830	7334	0.69314673239848434427301526739029
864	25920	7359	0.69314673246853975019377003263799
867	26010	7385	0.69314673253859215851235830996302
870	26100	7410	0.6931465921143586950137205349165
873	26190	7435	0.69314659218520435768340348658967
876	26280	7461	0.69314659225604924319696920065326
879	26370	7486	0.69314659232689435075513983974815
882	26460	7511	0.69314659239773968035791540387436
885	26550	7536	0.69314659246858556507220328057883
888	26640	7561	0.69314659253943033956346653212677
891	26730	7586	0.69314659261027267156407560833031
894	26820	7611	0.6931464823195202518135715763492
897	26910	7636	0.69314648239078602287577268725727
900	27000	7662	0.69314648246205112780415902307141
