0	0	0	0.69314718055900481630260401288979
3	21980	3083	0.26715719729511999691595747208339
6	43960	6163	0.20795162946748396715079820751271
9	65940	9282	0.17461533631484926765153886663029
12	87920	12821	0.15161405340512057460244932372007
15	109900	15835	0.1361876473066313542048533236084
18	131880	18817	0.12457484194815238165432447203784
21	153860	21799	0.11574056481475805679970392247924
24	175840	24685	0.10922217164451140936076711795977
27	197820	27617	0.10371796392699232647327534095893
30	219800	30546	0.099267746462215825098418520155974
33	241780	33381	0.095509931103930315043903931382374
36	263760	36149	0.092254010437616523754300601467548
39	285740	38937	0.089655915616563122694238074927853
42	307720	41686	0.087302502553327651635406425612018
45	329700	44451	0.08525877942585716184886734936299
48	351680	47238	0.083441657526720933168995486539643
51	373660	50004	0.081777861301807558414012078173982
54	395640	52810	0.08040044193777996783811801151387
57	417620	55583	0.079117544494033728574855501847196
60	439600	58350	0.077954733895897604378788514623011
63	461580	61168	0.076893296627166887735604916542798
66	483560	64008	0.075884730381208242988577694632113
69	505540	66878	0.075037474168094836501907707315695
72	527520	69694	0.074237304631250777831041887111496
75	549500	72537	0.07349426739842819522596784054258
78	571480	75426	0.07280365840187921766535339429538
81	593460	78362	0.072135426453822315551178689929657
84	615440	81335	0.071565090541131928802975892267568
87	637420	84278	0.071027457797183141119390370477049
90	659400	87279	0.0705156869677517478267603223685
93	681380	90322	0.070035523613229275219360658866208
96	703360	93398	0.069561931123804543464217431392171
99	725340	96522	0.06915696358889539263614665287605
102	747320	99600	0.068774701205942714854479902442108
105	769300	102709	0.068403236819898002862849750727037
108	791280	105837	0.068053046963098648425294356911763
111	813260	108968	0.067703773588044954823139676136634
114	835240	112099	0.067401361885594174294666913738183
117	857220	115233	0.067120486355540839862321433884063
120	879200	118347	0.066843858377629211675596820896317
123	901180	121440	0.066579458668487634387389562107273
126	923160	124487	0.066312110217636305309341082647734
129	945140	127504	0.066080301419735296142299318944424
132	967120	130547	0.065868340329357413787114694514457
135	989100	133532	0.065652800204031427910855711616023
138	1011080	136488	0.065448179228651537364669366070302
141	1033060	139400	0.065238169482819796662909084261628
144	1055040	142244	0.065057686010177778745955379235966
147	1077020	145109	0.064891285225668934866227743896161
150	1099000	147931	0.064721073828010552975165126099455
153	1120980	150691	0.064559483734515532571407447903766
156	1142960	153439	0.064391789011427086331096347748826
159	1164940	156186	0.064245136683018733148031742530293
162	1186920	158935	0.064113671052498752422899030989356
165	1208900	161680	0.063977809206610822267968785581616
168	1230880	164446	0.063847983257982743321434782046708
171	1252860	167298	0.063713942792230610079329267136927
174	1274840	170195	0.063594101138632813663420506600232
177	1296820	173024	0.06348756906948352374264743502863
180	1318800	175916	0.063375885805824788699069927133678
183	1340780	178831	0.063269117426423826522352555912221
186	1362760	181777	0.063157376879804633107440281492018
189	1384740	184786	0.063058267725908598300144092263508
192	1406720	187701	0.062971482501833167533256130354857
195	1428700	190650	0.062879300118171610467499021979165
198	1450680	193666	0.062794040100515979840878344475641
201	1472660	196689	0.062701106297737840833406153251417
204	1494640	199739	0.062618025130918603116114695694705
207	1516620	202804	0.062546749731458725629629213926819
210	1538600	205919	0.062469443143349005775899485115588
213	1560580	209035	0.062397704582925463123732612302774
216	1582560	212172	0.062319820297400622954864246594298
219	1604540	215313	0.062249432967823030427023667243702
222	1626520	218417	0.062190212774555435337742181900467
225	1648500	221548	0.062124915075651938878298352619822
228	1670480	224685	0.062062869246116370014476615324384
231	1692460	227823	0.061997822411447876811418922216035
234	1714440	230960	0.061937347681836688040313276815141
237	1736420	234097	0.061887853788136749921822143960526
240	1758400	237230	0.061832311516803899198446714535748
243	1780380	240368	0.061779545012149154892266977867621
246	1802360	243482	0.061724265718130756630532829376534
249	1824340	246576	0.061673389684273473287934308473268
252	1846320	249697	0.061631691159141618885364266589022
255	1868300	252803	0.061583880531351498088810103581636
258	1890280	255876	0.061539726866196714505363729585952
261	1912260	258903	0.061492399436391974310023300631656
264	1934240	261863	0.061447178477020483744475143339514
267	1956220	264846	0.061411713771353557134169420805847
270	1978200	267780	0.061371331680865864877105764207954
273	2000180	270643	0.061332438657840340767712916658638
276	2022160	273449	0.061290672366120312053450192024684
279	2044140	276210	0.061250943507614646899028798543441
282	2066120	278956	0.061220685417186879173634395101544
285	2088100	281706	0.061184796303152530483338011890737
288	2110080	284457	0.061151118383972719039221033199283
291	2132060	287227	0.0611148862362168726614086722293
294	2154040	290055	0.061079737027090623413538850172699
297	2176020	292811	0.061053814436510742136299256799248
300	2198000	295619	0.061022349242151149861790315753751
303	2219980	298452	0.06099397349859821126916159528264
306	2241960	301312	0.060963224981301758487184372370393
309	2263940	304228	0.060933312573416692492500601474603
312	2285920	307137	0.060911919885257903573005933139939
315	2307900	310106	0.060885069669897116939605297147864
318	2329880	313143	0.060859349373910777425411566809998
321	2351860	316234	0.060831572247576230771937133567917
324	2373840	319351	0.060804051305764605928061428130604
327	2395820	322468	0.060785653279662801851124243057711
330	2417800	325606	0.0607609198867965771828636434293
333	2439780	328737	0.060738309921072416996956633283844
336	2461760	331803	0.060713807728258475937543892086978
339	2483740	334830	0.060688017505333327616945382487756
342	2505720	337859	0.060671098246049035007665395369258
345	2527700	340821	0.060649172773843414152583619625148
348	2549680	343761	0.060629183005161443875685733928549
351	2571660	346613	0.060607538855479183015351196672782
354	2593640	349410	0.060586174000787418325586486389511
357	2615620	352273	0.060572416980329418789708029180474
360	2637600	355041	0.060552765250420630127603516257295
363	2659580	357793	0.060536049991029960981592239477322
366	2681560	360799	0.060516808648807041137729356705677
369	2703540	363814	0.06049673447113226160132271047587
372	2725520	366838	0.060483805826006778461056967444165
375	2747500	369940	0.060466019266187567837711469564965
378	2769480	373033	0.060450233304929573696639977242739
381	2791460	376167	0.060433112955377975283877134415889
384	2813440	379315	0.060414759094325136412617638370648
387	2835420	382245	0.060403389081827560391779741166829
390	2857400	385097	0.060388432893651339261609223285632
393	2879380	387883	0.060374312192103131435860774445246
396	2901360	390635	0.060361021674326970076762677308579
399	2923340	393388	0.060345303953914672390190787609754
402	2945320	396159	0.060335301357081941309168371390115
405	2967300	398896	0.06032078930715333714429604583529
408	2989280	401637	0.060308129539791040241158981416447
411	3011260	404488	0.060294444767880629731937602855396
414	3033240	407352	0.060280132279009634999056288506836
417	3055220	410234	0.060271260611822988217944896405243
420	3077200	413217	0.060259097322862435752721665949139
423	3099180	416215	0.060247706255473647274367721138333
426	3121160	419287	0.060236389254756807221102832272663
429	3143140	422426	0.060223279301571681909610589400472
432	3165120	425469	0.060216408507464125321462233841885
435	3187100	428567	0.060204380331356444067125721630873
438	3209080	431703	0.060195116443779783654832726824679
441	3231060	434819	0.060183025394790465312233607164671
444	3253040	437942	0.060172051818751404184126840846147
447	3275020	441066	0.060165048461952100322669423348998
450	3297000	444158	0.060154018199462352955997346271033
453	3318980	447216	0.060144740537954197168168946063815
456	3340960	450214	0.060134748275776882253662591892862
459	3362940	453147	0.060123756923754739789345080680505
462	3384920	456103	0.06011653624361534831166409276193
465	3406900	459030	0.060106390921334823529420532395307
468	3428880	461933	0.060098970596207626493345799190138
471	3450860	464771	0.06008992549840529856508553052663
474	3472840	467565	0.060078759933511860502619583712658
477	3494820	470427	0.060073237666100030851534796738633
480	3516800	473225	0.060063901343591109827091401029975
483	3538780	475976	0.060056251939229643443951545123127
486	3560760	478743	0.060049084488380588542355553727248
489	3582740	481497	0.060038588918746790823455228292005
492	3604720	484248	0.06003362687138080744375656649936
495	3626700	487001	0.060025160772482218096701700460471
498	3648680	489814	0.060018189103925242977588538906275
501	3670660	492667	0.060010808500832360512511343131337
504	3692640	495569	0.060001049781016217721241190474757
507	3714620	498457	0.059996565533059542651983520045178
510	3736600	501400	0.059988673389036670235974213483132
513	3758580	504364	0.05998232177596814207465314439105
516	3780560	507382	0.059975602544493272771930492126558
519	3802540	510427	0.05996645538277801251725307452034
522	3824520	513444	0.059962495784726024816713163545501
525	3846500	516537	0.059955159405051264287500600858039
528	3868480	519650	0.059949355882489910318788872700679
531	3890460	522768	0.059943254094288786482103148500755
534	3912440	525887	0.059934807996024214160613041713077
537	3934420	529002	0.059931236893524642006525482429424
540	3956400	532121	0.059924304913171980158104190650192
543	3978380	535205	0.059918986516886221793676270408469
546	4000360	538251	0.059913424210386055646093694804222
549	4022340	541254	0.059904501879894503368895186667942
552	4044320	544261	0.059902241895328924015107219247511
555	4066300	547219	0.059894836925915233283301830624623
558	4088280	550138	0.059889956266103237803033465525004
561	4110260	552989	0.05988489857643185948488095959874
564	4132240	555787	0.059877353074919169306777888550641
567	4154220	558576	0.059874439478586047314045970324514
570	4176200	561325	0.059868484641797350964687041141588
573	4198180	564075	0.059864015245792774611022224462431
576	4220160	566825	0.059859408789095333580654312299885
579	4242140	569587	0.059852392959180045206579734440311
582	4264120	572338	0.05984976667464429744835996416441
585	4286100	575088	0.059844117875957517083129744150938
588	4308080	577912	0.059840001919648694306275160670339
591	4330060	580775	0.059836772301782623073584943540482
594	4352040	583668	0.059829104919265921336268831964844
597	4374020	586560	0.05982678909133496564232146397444
600	4396000	589493	0.059821521863104389071796873622588
603	4417980	592452	0.05981772951778148439405669023472
606	4439960	595916	0.05981490536947071251505647637714
609	4461940	598901	0.05980757250326390606076643052802
612	4483920	601939	0.059805405151858705148359973691186
615	4505900	604918	0.059800503236510649252011262433371
618	4527880	607815	0.059798005755652978987502166319246
621	4549860	610669	0.059794501113525938551518379426852
624	4571840	613461	0.059787568749449016003438828192884
627	4593820	616248	0.059785670498044209131283110991717
630	4615800	619025	0.059780952725656630319939210949087
633	4637780	621799	0.059778717649240004083921462552098
636	4659760	624553	0.059775501304570974325791610226588
639	4681740	627402	0.059768918819448749180089919263992
642	4703720	630198	0.05976721014455798480780046588734
645	4725700	633055	0.059762761136443770526582852653519
648	4747680	635984	0.059761770010477034686946495867232
651	4769660	638946	0.059758858916376215997257048684332
654	4791640	641967	0.059752519708011993249119342408449
657	4813620	644951	0.059750908265084140547074298410735
660	4835600	647967	0.059746754883954505954690716862387
663	4857580	651044	0.059744994101587844959055928484304
666	4879560	654175	0.059742326941189943800836203990912
669	4901540	657308	0.059736214408346435811303365426284
672	4923520	660441	0.059734788733016901118855201957558
675	4945500	663570	0.059730915363953876462410619296861
678	4967480	666691	0.059729359847963146845639670345918
681	4989460	669792	0.059726945800148242837757095458073
684	5011440	672822	0.059720992436629850852458645249499
687	5033420	675914	0.059719718377661067110206971619846
690	5055400	678658	0.059716076259930694902777759125456
693	5077380	681399	0.059713710784601956027550784256164
696	5099360	684142	0.059712492457950711033376478553691
699	5121340	686936	0.05970681321811156100354267550756
702	5143320	689746	0.059706691800607114561927346585435
705	5165300	692600	0.059703207602839848677778178398512
708	5187280	696391	0.05970000662028426829941452069761
711	5209260	699490	0.059699998439025091234721998034729
714	5231240	702573	0.059694597890306531906556841704514
717	5253220	705705	0.059695552297325885082734941988747
720	5275200	708762	0.059692170832949885406204515447826
723	5297180	711802	0.059690119817164939697295977794056
726	5319160	714770	0.059689249331121650710141324225333
729	5341140	717660	0.059684129655015231985526469316028
732	5363120	720583	0.059683214307122894881629804331169
735	5385100	723431	0.059679997814833775360288115052754
738	5407080	726198	0.059678100200690843701867294157637
741	5429060	729110	0.0596764221188272186990886325475
744	5451040	732082	0.059672417269128169570180375558266
747	5473020	735083	0.059671600151996094518747071333564
750	5495000	738119	0.059668576073185854158342777964208
753	5516980	741221	0.059666808282075260716492692836255
756	5538960	744345	0.059665332235807617966560911781926
759	5560940	747467	0.05966140300635000559559273369814
762	5582920	750571	0.059659672001717831135714220636146
765	5604900	753693	0.059656835947020835086984646977726
768	5626880	756813	0.059655195132815336256371097078954
771	5648860	759932	0.059653827502487641321060607424442
774	5670840	763022	0.059650141618933963383319962758833
777	5692820	766151	0.059650500698931047116602144342323
780	5714800	769282	0.059647720700521121572901250829091
783	5736780	772382	0.059646182262474291280174298890415
786	5758760	775474	0.059644941172196618006662305333521
789	5780740	778519	0.059641372242408667581070602636828
792	5802720	781613	0.059641832622114178408256890406847
795	5824700	784708	0.059638247427857060678491052385652
798	5846680	787763	0.059636816602954029198357943641895
801	5868660	790772	0.05963673873961038152113900423501
804	5890640	793765	0.059633319519559427335231305278285
807	5912620	796774	0.059632814502985367899334789854038
810	5934600	799748	0.059630286609706893707905095425303
813	5956580	802675	0.059628951665538720838810604618629
816	5978560	805543	0.059627958795287802629125906150875
819	6000540	808373	0.059624754910591964973676226691168
822	6022520	811206	0.059624308725193884972437530223033
825	6044500	813976	0.059621881164947945763721293133131
828	6066480	816741	0.059620635010613168280890761252522
831	6088460	819484	0.059619747844891664290134514203601
834	6110440	822231	0.059616580721568626644035759909457
837	6132420	825030	0.059616192773786456926554677693275
840	6154400	827863	0.059613940477438474851989980152212
843	6176380	830758	0.059612787551852945699959462899642
846	6198360	833703	0.059612031628166459173989721875841
849	6220340	836677	0.059608923748750895776904457079581
852	6242320	839609	0.059608615641908356541645019888165
855	6264300	842581	0.059606455260593708966876391741607
858	6286280	845573	0.059605385330704592494743820907388
861	6308260	848611	0.059604684305443363101506548673569
864	6330240	851678	0.059601869932356957293428934008261
867	6352220	854665	0.059601598609781952786690339962661
870	6374200	857710	0.059599362648994076707698042127959
873	6396180	860781	0.059598362816110042605721730524238
876	6418160	863874	0.059597745632397371162713994863225
879	6440140	867009	0.059595978449531968046404273309236
882	6462120	870127	0.059594792170422468402524174280188
885	6484100	873248	0.059592697746323294860637531655811
888	6506080	876367	0.059592756904066623846460970526095
891	6528060	879490	0.059592233972806170350100529731208
894	6550040	882591	0.059590583286143875008100678769551
897	6572020	885714	0.059591421706170530359081283222622
900	6594000	888837	0.059589374682346374356711748987436
