0	0	0	0.6931471805595997848215006342798
3	8084	16	0.53180106329583298752083919680445
6	16168	33	0.49441874947146852159463037423848
9	24252	53	0.47200330922460959071074171333748
12	32336	72	0.45489879132803401340368054661667
15	40420	89	0.4413624388601876669113721618487
18	48504	106	0.43058036836055962881530945196573
21	56588	125	0.42161873449850312267628282825171
24	64672	145	0.41419071331015877568404448538786
27	72756	162	0.4079336722332795317491616060579
30	80840	179	0.40258797322811679109122451336589
33	88924	193	0.39802895585876496564736726213596
36	97008	208	0.39404887677040539850636946539453
39	105092	225	0.39054416024928539918903425132157
42	113176	242	0.38746307205694952013885767883039
45	121260	265	0.38470534994461785816000087834254
48	129344	285	0.38223222439352372292731274683319
51	137428	304	0.3799958533995866361010484979488
54	145512	321	0.37795648218509636517836725033703
57	153596	338	0.37610627227028869956626522252918
60	161681	353	0.37440406147509797118999586018617
63	169765	367	0.37283786667042428941698517519399
66	177849	384	0.37138699534764779697226799726195
69	185933	401	0.37004167516295272122306414530613
72	194017	424	0.3687899146340232747753873354668
75	202101	444	0.36761988554717522914572214176587
78	210185	463	0.36652342772093277067924077528005
81	218269	480	0.36549419847048664200528378387389
84	226353	497	0.36452551748890954508297568281705
87	234437	516	0.36361312107392895764945706105209
90	242521	536	0.36274903778155398459404068489675
93	250605	553	0.3619315197843733233895591183682
96	258689	570	0.36115605131476113953681306156795
99	266773	589	0.3604185160579194691088389390643
102	274857	606	0.35971672031969736949008620285895
105	282941	623	0.35904828954370210380986350173771
108	291025	637	0.35841151160993162116952248652524
111	299109	652	0.35780298052869563552036424880498
114	307193	669	0.35722078246165533954581405851059
117	315278	685	0.35666500065872580593762108946976
120	323362	709	0.35613210625614277748951508328901
123	331446	732	0.35561994632064158894380057063245
126	339531	753	0.35512844783265096193503040922224
129	347615	772	0.35465514281240384519833241938613
132	355699	789	0.35420128639287223881737531883118
135	363783	809	0.35376449592795294885050338962174
138	371867	828	0.35334658816030056760482125355338
141	379951	844	0.35294099522216570985477801514207
144	388035	861	0.35254960510860272604460874390497
147	396119	881	0.35217292299908409258790698004304
150	404203	900	0.35180879228682765402780319163867
153	412287	917	0.35145808509143910969285684586794
156	420371	934	0.35111785430281061692880939517636
159	428455	948	0.35078990751763633459958668936451
162	436539	963	0.35047335717128269561015940780635
165	444623	980	0.35016608464843224091112006135518
168	452707	996	0.34986886813891965308798148726055
171	460791	1019	0.34958106025387242210555882593326
174	468876	1039	0.34930336031161490772944944183109
177	476960	1059	0.34903352966126949263880874241295
180	485044	1076	0.34877120260277399976800438707869
183	493128	1092	0.34851804825394555598094825654698
186	501212	1107	0.34827172753295182472399460493762
189	509296	1122	0.34803214832984741278210094606038
192	517380	1139	0.34779968327542037931365825897956
195	525464	1156	0.34757450584306537333389997002087
198	533548	1179	0.34735488286757382203617794402817
201	541632	1198	0.34714138341070743809524401513045
204	549716	1217	0.34693459271600946003388798999367
207	557800	1234	0.34673304433911600330731062058476
210	565884	1251	0.34653727391540795066404712088115
213	573968	1265	0.34634663460667208800813909874705
216	582052	1280	0.34616113605152171173173769602727
219	590136	1297	0.34598101738878284105993543562363
222	598220	1313	0.345805455722227039760952038705
225	606304	1337	0.34563419223114144607222897320753
228	614388	1357	0.34546755963614272921802239579847
231	622472	1376	0.34530624715366858845655428922328
234	630557	1393	0.34514799539522955651449365177541
237	638641	1410	0.34499385033493940033721969484759
240	646725	1424	0.3448447251072733199528386194288
243	654809	1439	0.34469809714002913603181355028937
246	662893	1456	0.34455496072281716068985701895144
249	670977	1473	0.34441547131737126896666723041562
252	679061	1496	0.34427944608522537128791896066105
255	687145	1519	0.34414645381578040650438765624131
258	695229	1539	0.34401779225317991040000720204262
261	703313	1555	0.34389108687999586644323812834045
264	711397	1573	0.34376646512747593975589666115411
267	719481	1592	0.34364555831110632500013934986782
270	727565	1611	0.34352746020762414680405072431313
273	735649	1628	0.34341206842806837329362679156475
276	743733	1645	0.34329936397954113891373140177166
279	751817	1659	0.34318926590438653123626977503591
282	759901	1674	0.34308149349476152467630640785501
285	767985	1691	0.34297621311096060381373717973474
288	776069	1708	0.34287309931683951358394324415713
291	784154	1722	0.34277237839609914216154606947384
294	792238	1737	0.34267476771305799276845505119127
297	800322	1754	0.34257837913327254808493194104813
300	808406	1770	0.34248505489566760662256683644955
303	816490	1794	0.34239270152249873246930178538605
306	824574	1813	0.34230224933063901904262138486956
309	832658	1833	0.34221375367012191182070068862231
312	840742	1849	0.3421270415812622256446218216297
315	848826	1866	0.34204210697523673712083791542682
318	856910	1886	0.34195895660589276099372568751278
321	864994	1906	0.34187746723692991057674817056977
324	873078	1922	0.3417977991626097167277009702957
327	881162	1939	0.34171957378869799448750654846663
330	889246	1953	0.34164298090792527551329271773284
333	897330	1968	0.34156794851443145200065032440762
336	905414	1985	0.34149429543137604925462369465095
339	913498	2002	0.34142204967967298978592793901043
342	921582	2025	0.34135227582374577659507508542447
345	929666	2045	0.34128293708209439527578865636315
348	937751	2065	0.34121485294941017452075016080926
351	945835	2081	0.34114811009390400009522181790089
354	953919	2098	0.34108259348130526289466502021241
357	962003	2117	0.34101925563720436596071294843568
360	970087	2134	0.34095615308190752035244486251031
363	978171	2151	0.34089425233826647909651796908292
366	986255	2170	0.34083355466648612708269183713128
369	994339	2190	0.34077492835644701552055835236388
372	1002423	2206	0.3407163734617081884969991278922
375	1010507	2223	0.34065887640681125070329926529666
378	1018591	2238	0.34060242735613310838260758828255
381	1026675	2252	0.34054699005999505834196838804928
384	1034759	2269	0.3404925317162233455725584008178
387	1042843	2286	0.34044008833407463088249755855941
390	1050927	2309	0.34038754695518780302165851026075
393	1059012	2329	0.34033595131958288559914649340499
396	1067096	2348	0.34028520041230186921055178572715
399	1075180	2365	0.34023540343708441602288417016098
402	1083264	2382	0.34018743666330164554523207698367
405	1091348	2397	0.34013932210288838620115825506218
408	1099433	2412	0.34009204584231855772458175124484
411	1107517	2429	0.34004560329901450943523855130479
414	1115601	2445	0.33999991151342567885507151004276
417	1123685	2468	0.3399549784951353958994957338291
420	1131769	2488	0.33991180134024062686748379746859
423	1139853	2507	0.33986840131132967091076579890796
426	1147937	2524	0.33982568434383347844018885552941
429	1156021	2541	0.33978366807026066931385344105365
432	1164105	2561	0.33974235555629433980229237022286
435	1172189	2580	0.33970273040738752090561547447578
438	1180273	2597	0.33966276741511464143385978786682
441	1188357	2613	0.33962346050862524116098484228132
444	1196441	2633	0.33958475408230165415446322185744
447	1204525	2649	0.3395466942187257419760726406821
450	1212609	2666	0.3395082179715177006507076384878
453	1220693	2686	0.33947131547838449439069563595694
456	1228777	2705	0.33943499976969443432395223680942
459	1236861	2722	0.33939927722133544918392544786911
462	1244945	2739	0.33936414335942027831194423015404
465	1253030	2758	0.33932952873703364771174051384151
468	1261114	2778	0.33929541387194472878974238483352
471	1269199	2794	0.33926284897105296600727797340369
474	1277283	2811	0.33923084354762012004869120573858
477	1285367	2826	0.33919828653765493609029135768651
480	1293451	2841	0.3391662324779819992492946312268
483	1301535	2857	0.33913466001582726061513994864072
486	1309619	2874	0.33910354603822912000765654738643
489	1317703	2897	0.33907292244317172036360830134072
492	1325787	2917	0.33904279536437509356971986562712
495	1333871	2936	0.3390130893979679815863903513673
498	1341955	2953	0.33898384091092809144996067516331
501	1350039	2969	0.33895600679387682951926308305701
504	1358123	2984	0.33892758746484757947925459120597
507	1366207	2999	0.33889957603178533229737467991072
510	1374291	3016	0.33887197001784535865809289134631
513	1382376	3033	0.33884476314659378592963889786915
516	1390460	3047	0.33881796106558592640567439957522
519	1398544	3062	0.33879152647315147195428153281682
522	1406628	3078	0.33876546775933008559533732295677
525	1414713	3095	0.33873980455334595784933071627165
528	1422797	3109	0.33871451713643863090652530445368
531	1430881	3124	0.33868955328813743488325371799874
534	1438965	3141	0.33866495814523950302898924746842
537	1447049	3158	0.33864070068998486373601508603315
540	1455133	3181	0.33861677766377507037276473056409
543	1463217	3200	0.338593187936376438518237819153
546	1471301	3220	0.33856994431939813061660515813855
549	1479385	3236	0.33854699733236343073272678338981
552	1487469	3253	0.3385243759701686561136568798247
555	1495553	3273	0.33850205586207465779935432692582
558	1503637	3292	0.33848004137219650511170243589731
561	1511721	3309	0.33845834557067733250335095362971
564	1519805	3325	0.33843692775547168372085593546217
567	1527889	3340	0.33841579368379171022240825550398
570	1535973	3355	0.33839495059859459047402197029442
573	1544057	3371	0.33837438300250688438808310820605
576	1552141	3388	0.33835411649790009258609302378318
579	1560225	3412	0.33833509246298065775704344559927
582	1568310	3431	0.33831533931215435062611618377559
585	1576394	3451	0.33829583211320307656322370348789
588	1584478	3468	0.33827660711829066197964266393683
591	1592562	3484	0.33825761895705264148404012303217
594	1600646	3498	0.3382388770862472804346054999769
597	1608730	3513	0.33822038261009496062925450132752
600	1616814	3529	0.33820211866810678813521917618345
603	1624898	3546	0.33818410073518889724653035955271
606	1632982	3570	0.33816630664379199178171120365732
609	1641066	3589	0.3381487499876674740484361336712
612	1649150	3609	0.33813140727803386864636081554636
615	1657234	3626	0.33811429261550451919049464777345
618	1665318	3642	0.33809739083801837455922623121296
621	1673402	3657	0.33808170562331063546679388309713
624	1681486	3671	0.33806523005753169597298324333678
627	1689570	3688	0.338048963269053703850630654415
630	1697654	3704	0.33803289350093512766193271090742
633	1705738	3728	0.3380170262871260988823962634342
636	1713822	3748	0.33800136255881590985339357757766
639	1721907	3767	0.3379858954142743732163012282399
642	1729991	3784	0.33797061614088436121150493818277
645	1738075	3800	0.33795552524766336865980065340409
648	1746159	3820	0.33794061630130484141787405860669
651	1754243	3836	0.33792689009838566827070849285519
654	1762327	3853	0.33791234607688230839883658518374
657	1770411	3867	0.33789798189977648945614419062622
660	1778495	3882	0.33788379407399615761420363924117
663	1786579	3899	0.33786977687941577297436879234738
666	1794663	3915	0.33785593666016194847045994720247
669	1802747	3939	0.3378422479284091117790467251325
672	1810831	3962	0.33782873118941736390041796767036
675	1818915	3981	0.33781536451062704751180376661068
678	1826999	3998	0.33780215676960134718598283143365
681	1835083	4014	0.33778911495467495162969839839207
684	1843167	4028	0.33777622240234256301150139734091
687	1851251	4043	0.33776248029721323007379396585748
690	1859335	4060	0.33775088491865035145167439623037
693	1867419	4076	0.33773844063434060869255404213618
696	1875504	4090	0.33772615313172205109282231205725
699	1883588	4105	0.33771400872791479397250213878579
702	1891672	4121	0.3377020060352046715301810309029
705	1899756	4138	0.33769013514290435740150542187621
708	1907840	4153	0.33767840609957072706137637396751
711	1915924	4169	0.33766780441596594419806365294789
714	1924008	4185	0.33765633288288221525164090053295
717	1932092	4202	0.33764499701404615539246378830285
720	1940176	4217	0.33763379369207557889609461199143
723	1948260	4232	0.33762271494114365344429984361341
726	1956344	4249	0.33761176629606931554050675003964
729	1964428	4265	0.33760093797021928363477627499378
732	1972512	4289	0.33759023007609295641273661203741
735	1980596	4308	0.33757964600251200160130338190356
738	1988680	4328	0.33756918607137859078548558500188
741	1996764	4345	0.337558842054497043605465478322
744	2004848	4362	0.33754860857505553095592176759965
747	2012932	4376	0.33753848999420499321644228984951
750	2021016	4391	0.33752848347486430480302033174667
753	2029100	4408	0.3375185929459789124784663272294
756	2037185	4424	0.33750880780534725511543570064532
759	2045269	4448	0.33749913671715148222318703119527
762	2053353	4467	0.33748957082817421238019051088486
765	2061437	4486	0.33748010795618554880093142855912
768	2069521	4503	0.33747074901874130059553635874181
771	2077605	4520	0.33746149638820627236768245893472
774	2085689	4539	0.33745233879544850319476267941354
777	2093773	4558	0.33744327857361738898234193584358
780	2101857	4575	0.3374343160221859316827419661422
783	2109941	4591	0.3374254531974544280004124630068
786	2118025	4611	0.33741668504698885122650153789436
789	2126109	4627	0.33740800945654408904417209669191
792	2134193	4644	0.33739942762609431703424434090266
795	2142277	4663	0.33739093632919853193996573281765
798	2150361	4683	0.33738253676413337833750460958981
801	2158445	4700	0.33737522558290811147685417381581
804	2166529	4717	0.33736700237095335053183475793048
807	2174613	4731	0.33735887159139682500708090628905
810	2182697	4746	0.33735082668269178451936340934481
813	2190782	4762	0.33734286285475301170322381949518
816	2198866	4779	0.33733498252779720028016186006425
819	2206950	4802	0.33732718328941935226339410291985
822	2215034	4822	0.33731946814430968650810882536462
825	2223118	4841	0.33731183020252841764374807098648
828	2231202	4857	0.33730427797256129496261678468727
831	2239286	4874	0.33729679707482729256184939004015
834	2247370	4893	0.33728939712333155798162920291361
837	2255454	4913	0.33728207435532658875487754812639
840	2263538	4929	0.33727482733841662732032773419633
843	2271622	4949	0.33726765621242693615755570135661
846	2279706	4968	0.33726055945613547804029508370149
849	2287790	4985	0.33725353489070869494881321770663
852	2295874	5001	0.33724657909255578713825229897338
855	2303958	5016	0.33723969556445898554386531031923
858	2312042	5030	0.33723188520690922098665964767861
861	2320126	5047	0.33722514245968143731246868810558
864	2328210	5063	0.33721946813277514642948062828509
867	2336294	5087	0.33721286024889057797437885710679
870	2344379	5106	0.33720632034184255809705632600526
873	2352463	5126	0.33719984588707219153036476200214
876	2360547	5143	0.33719343760443137858473505730217
879	2368631	5159	0.33718708990680124060190792079084
882	2376715	5179	0.33718080543187023412343705786043
885	2384799	5198	0.33717458698381608250826957373647
888	2392883	5215	0.33716843055850875821022327727405
891	2400967	5231	0.33716233703456144343846290212241
894	2409051	5251	0.33715630231597071286842037807219
897	2417135	5268	0.33715032434300407082616857223911
900	2425219	5284	0.33714440667154627062629401734739
