0	0	0	0.6931471805595997848215006342798
3	8157	38	0.53417366885184935920705129319686
6	16315	77	0.49555030634448560267202310569701
9	24473	110	0.47296096779257595921208690015192
12	32631	144	0.45571591731286220650076757010538
15	40789	183	0.44201988294815064417520034112385
18	48947	221	0.43101568413967850101897738568368
21	57104	255	0.42198129186446664551368712636759
24	65262	289	0.4144882224267888992663699809782
27	73420	328	0.40819630742628748576450448126707
30	81578	361	0.40283617884569017375540056491445
33	89736	395	0.39822526869414043293460281347507
36	97894	424	0.3942221675508574829649433013401
39	106052	454	0.3907008836460346690167000360816
42	114209	488	0.38758493163645701962138900853461
45	122367	521	0.38481134231219615848829107562779
48	130525	569	0.3823244461158930018740420564427
51	138683	616	0.38007680813019456556034469940641
54	146841	654	0.37803369371997586068090413391474
57	154999	688	0.37617042602029293618670635623857
60	163157	721	0.3744637403450004065064149472164
63	171314	760	0.37289399069205048098396559907997
66	179472	799	0.37143994054859902353982192835247
69	187630	833	0.37009036664626265844546537664428
72	195788	866	0.36883712921092209890971957975125
75	203946	896	0.36766405676396329837984922050964
78	212104	925	0.36656558014767004483047685425845
81	220262	959	0.36553572509547821445252679950499
84	228419	992	0.36456642975268910289443624606065
87	236577	1039	0.36365156331792691801751971070189
90	244735	1078	0.36278507993818037702382639508869
93	252893	1117	0.36196564130171654527501345910423
96	261051	1150	0.36118915901101494858593810022285
99	269209	1184	0.36045007012523949674331902315316
102	277366	1213	0.35974958154546143873631081078202
105	285524	1243	0.35908056693245393731217518507037
108	293682	1277	0.35844104974322577028544856148073
111	301840	1310	0.35783237183115468305061313003534
114	309998	1357	0.35725125151869974171603416834841
117	318156	1396	0.35669197076580122507394321473839
120	326314	1436	0.35615725990218222163363748222764
123	334471	1470	0.35564485502106812919720368881826
126	342629	1504	0.35515198505281514451681346145051
129	350787	1533	0.3546787831947919023001247751381
132	358945	1563	0.35422426903470582981725556237507
135	367103	1596	0.35378788646625819458435557862686
138	375261	1629	0.35336744952098425587294627803203
141	383419	1676	0.35296262810221812333821844731574
144	391576	1715	0.35257070837880416513954173751699
147	399734	1755	0.35219415766911166265629162808182
150	407892	1788	0.35182964922175707922491483259364
153	416050	1822	0.35147759548508306082226226862986
156	424208	1861	0.35113776811944313882563051265606
159	432366	1900	0.35080924649524036773584612092236
162	440524	1934	0.3504925423457905253599165007472
165	448681	1968	0.35018505751364686906512702080363
168	456839	1998	0.34988718548323954893319864822843
171	464997	2027	0.3495988941615513212468613346573
174	473155	2061	0.34931992595268673840180895240337
177	481313	2095	0.34905037149499668069907443168631
180	489471	2142	0.34878800400454768038116526440717
183	497628	2181	0.34853477223075024493681439707871
186	505786	2220	0.34828778371316237993937647843268
189	513944	2254	0.34804830376118295331977492423903
192	522102	2287	0.34781586147613874349104889915907
195	530260	2317	0.34759014744263766472087695547089
198	538418	2346	0.34737053444096332999180276601692
201	546576	2380	0.34715724634002770310203800363524
204	554733	2413	0.34694982866687429368113271266338
207	562891	2461	0.34674843825785295337027491768822
210	571049	2500	0.34655225060230088196533415612066
213	579207	2539	0.34636143927117973850826615489495
216	587365	2572	0.34617600049430724551413618428342
219	595523	2606	0.34599545241599738432114463648759
222	603681	2646	0.34581970648065074591670509107644
225	611838	2679	0.34564838259828933875184020507731
228	619996	2713	0.3454827817676787704570529058401
231	628154	2743	0.34532030320410711521361690756748
234	636312	2772	0.34516196566682116886326525673212
237	644470	2806	0.34500749752566445271995121402142
240	652628	2840	0.34485802379595092981290349598567
243	660786	2887	0.34471119779383962988816847428097
246	668943	2934	0.34456787926802912025436853582505
249	677101	2974	0.34442818746416170583302118757274
252	685259	3007	0.34429197828865920616436824275297
255	693417	3041	0.34415890553507832994029058681917
258	701575	3071	0.3440300191000412732833524387388
261	709733	3100	0.34390305674340093666785378445638
264	717890	3134	0.34377830601282505229576713645656
267	726048	3167	0.34365755251769858347188346670009
270	734206	3196	0.34353938897940788921303578717925
273	742364	3226	0.34342395990079371825842713406018
276	750522	3259	0.34331124548065583557132640635245
279	758680	3292	0.34320095734278133203787319871481
282	766838	3339	0.34309314564039983252996535156853
285	774995	3386	0.34298774999100795080053671881615
288	783153	3425	0.3428845818014701340992189670942
291	791311	3461	0.34278373122331889932823401068163
294	799469	3495	0.34268502940575018556046416051686
297	807627	3525	0.34258944111571809632010854329565
300	815786	3554	0.34249597566507744561548065576062
303	823944	3587	0.34240355726824117654771839625027
306	832101	3621	0.34231302675498032073164722532965
309	840259	3668	0.34222439767952028688569043879397
312	848417	3715	0.34213763311528261334970579810033
315	856575	3754	0.34205264828017351019795455613348
318	864733	3792	0.34196940998867353389556456022547
321	872891	3826	0.34188790671441232627003614652494
324	881049	3864	0.34180799499579622713341109374596
327	889206	3904	0.3417296868232149176236589482869
330	897364	3937	0.34165298273503236226034118772077
333	905522	3971	0.34157775627342423785393066282268
336	913680	4010	0.34150404456858968194055137246323
339	921838	4049	0.34143175691648153247115260455757
342	929996	4083	0.34136188533519545851291354665591
345	938153	4117	0.34129237817048241332429370231694
348	946311	4156	0.34122418779390151222230542771285
351	954469	4191	0.34115729405197275925232247573149
354	962627	4226	0.34109174813879711285480311744323
357	970785	4256	0.34102839446080263074989602500864
360	978943	4285	0.34096526834182716569898730085697
363	987101	4319	0.34090426929744255257759277810692
366	995258	4352	0.34084343907833103415327968832571
369	1003416	4382	0.34078374832335239785763292275078
372	1011574	4412	0.34072516132224189844279749195266
375	1019732	4445	0.34066762456945753889669958880404
378	1027890	4479	0.34061111983434672056958447683428
381	1036048	4526	0.34055560246677224478517587158422
384	1044206	4571	0.34050108798442324520294732792536
387	1052363	4610	0.34044860895499368114158755815879
390	1060521	4643	0.34039599890583199792715163312096
393	1068679	4677	0.34034431155981625938267143283156
396	1076837	4707	0.34029353667446488040937424557342
399	1084995	4738	0.3402436902522039119389773986768
402	1093153	4771	0.34019569730401588714130411972292
405	1101311	4805	0.34014755870164486983853180390724
408	1109468	4852	0.34010021142193558318922441685572
411	1117626	4898	0.34005367779180845078101924627845
414	1125784	4938	0.34000793007096552500456709822174
417	1133942	4972	0.33996295780185870061274044928723
420	1142100	5005	0.3399197424148268087407132043154
423	1150258	5034	0.33987623364503921630230820483121
426	1158415	5064	0.33983345414026999709022902607103
429	1166573	5098	0.33979136641557994291673594489112
432	1174731	5132	0.33974999672874506284614426476764
435	1182889	5179	0.33970928457448523740680457194685
438	1191047	5226	0.33967022844039868045840080412745
441	1199205	5266	0.33963083231149271412618873000611
444	1207363	5299	0.33959207305882838090482778170554
447	1215520	5332	0.33955390739233837216204392461805
450	1223678	5371	0.33951537351535160391691192671715
453	1231836	5411	0.33947842820227069893235238851048
456	1239994	5444	0.33944208404330994399700216490601
459	1248152	5478	0.3394062910500099672361784541863
462	1256310	5507	0.33937107655791765026265238702763
465	1264468	5537	0.33933638835795537636030871908588
468	1272625	5571	0.33930223629071931679135332160513
471	1280783	5604	0.3392696310826305849950301762874
474	1288941	5651	0.33923651124459808237077140802285
477	1297099	5691	0.33920492043806854676191164799093
480	1305257	5730	0.33917281316900943499703657835198
483	1313415	5763	0.33914118804891618674801634369942
486	1321573	5797	0.33911003707476394808395525615197
489	1329730	5836	0.33907935695448770951898609382624
492	1337888	5870	0.33904913973037864582948941460927
495	1346046	5903	0.33901936706809243649018981159315
498	1354204	5933	0.33899003070497357725798792671412
501	1362362	5962	0.3389611395171174823559567812481
504	1370520	5996	0.33893265345905715379970501999196
507	1378677	6030	0.33890460483545092884583027625922
510	1386835	6077	0.33887795829795874791301457662485
513	1394993	6124	0.338850718268859651960411838445
516	1403151	6163	0.33882385980450996365576088464877
519	1411309	6196	0.33879738185786534288013172044884
522	1419467	6230	0.33877128658649507952915769237734
525	1427625	6269	0.33874557339220467966356409306172
528	1435782	6308	0.33872021724660644759197225539538
531	1443940	6341	0.33869523377152083165597673541924
534	1452098	6374	0.33867057669001016106946622130636
537	1460256	6414	0.33864627690775855883842382354487
540	1468415	6453	0.33862231787107804903413921238098
543	1476573	6486	0.33859868544299465131786064375774
546	1484731	6520	0.3385753810694595578034693517111
549	1492888	6559	0.33855240704179462296607994176156
552	1501046	6598	0.33852973811867381748186289769365
555	1509204	6632	0.33850738280013481507069172948832
558	1517362	6665	0.33848532146238397011472898157081
561	1525520	6704	0.33846357237898533343312124088698
564	1533678	6743	0.33844211796857304186403325729771
567	1541835	6777	0.33842095474814998246060326891893
570	1549993	6806	0.33840008176576019671699668833753
573	1558151	6836	0.3383794819368072248622070219426
576	1566309	6866	0.3383591630314812803703716781456
579	1574467	6900	0.33834010130340774757939925621031
582	1582625	6946	0.33832031418753510942920570414572
585	1590783	6993	0.33830078816857434009790495110792
588	1598940	7032	0.33828151498872832680930855531187
591	1607098	7072	0.33826249760826593293572273069003
594	1615256	7105	0.33824371701472399909249588745297
597	1623414	7144	0.33822519631968633868623896887584
600	1631572	7183	0.33820691179706235951485382429382
603	1639730	7218	0.33818885273360255183661138289608
606	1647888	7251	0.33817103616092719642338693120109
609	1656045	7290	0.33815343950947673867801768210484
612	1664203	7330	0.33813607153061403520766248220752
615	1672361	7364	0.33811892654204439567777740194288
618	1680519	7397	0.33810299496964296706025265848439
621	1688677	7436	0.33808628300557441725970875268104
624	1696835	7469	0.338069766588295017584187007742
627	1704993	7503	0.33805346154901189104080572178646
630	1713150	7533	0.33803736494355074437834218770149
633	1721308	7562	0.33802146621678663684917864884483
636	1729466	7595	0.33800577839970952220838285029458
639	1737624	7629	0.33799028417861842754632561991457
642	1745782	7676	0.33797497215502814160714706304134
645	1753940	7715	0.33795984410293933297708690588479
648	1762098	7755	0.33794490729197657064020177131169
651	1770255	7788	0.33793014871054716241616233673994
654	1778413	7821	0.33791657083696430285968403950392
657	1786571	7860	0.33790217850420772860431384287949
660	1794729	7899	0.33788795823481088120843196520582
663	1802887	7933	0.33787390628964841798875795575441
666	1811045	7967	0.33786002947310794786162091440929
669	1819202	7996	0.33784631289017608146707516425522
672	1827360	8026	0.33783275948890850726158419092826
675	1835518	8060	0.33781937174937409773534113810456
678	1843676	8093	0.33780614655389440414978707849514
681	1851834	8140	0.33779307224417559618601103466062
684	1859992	8179	0.33778015825707946584444130166958
687	1868150	8218	0.33776739361125618366088474431308
690	1876307	8252	0.33775478034402700577842892926128
693	1884465	8285	0.33774231438366142388218804626376
696	1892623	8325	0.33772998614582661058847179447184
699	1900781	8359	0.33771780901218884096692818275187
702	1908939	8392	0.33770577613750218937127556273481
705	1917097	8422	0.33769388260765331732926597396727
708	1925255	8451	0.33768212486974241715032007959962
711	1933412	8484	0.33767050612933874331744732444349
714	1941570	8518	0.33766000836546822272410395271436
717	1949729	8565	0.3376486484061795301236941213574
720	1957887	8612	0.33763741642441807977448320343683
723	1966045	8651	0.33762631979292118122870647312084
726	1974203	8685	0.33761534296760370432721742872673
729	1982360	8718	0.33760449095731825952526605760795
732	1990518	8748	0.33759376082249431538784278927778
735	1998676	8777	0.33758315172617414656741630096803
738	2006834	8810	0.33757265810461578592338582893717
741	2014992	8844	0.3375622889945992244342676258384
744	2023150	8873	0.33755203424525487276852686591155
747	2031308	8903	0.33754189466762585247749939298956
750	2039465	8937	0.33753186731157963640370667235402
753	2047623	8970	0.33752194952970721031348944052297
756	2055781	9018	0.33751214485401181963908356920001
759	2063939	9057	0.33750244704587412103435895005532
762	2072097	9096	0.33749285262566591780952762746892
765	2080255	9129	0.33748336490728286785056866392551
768	2088413	9163	0.33747398161312675002321270767425
771	2096570	9202	0.33746470002318323944123790170124
774	2104728	9241	0.33745552085855495816346660831186
777	2112886	9275	0.33744644184532074371318799421715
780	2121044	9308	0.33743746335488500331933892084635
783	2129202	9348	0.33742857544830107130451324337628
786	2137360	9382	0.33741978514235221320305413428287
789	2145518	9416	0.33741109177555522746771998754411
792	2153675	9455	0.33740248853388832284139198236517
795	2161833	9494	0.33739497775485560726593803337892
798	2169991	9528	0.33738655877417678130569811401074
801	2178149	9561	0.33737822652246352017613162388443
804	2186307	9600	0.33736998823993452623071220841666
807	2194465	9634	0.3373618314854052724349742220511
810	2202622	9667	0.33735376236545472350414343054581
813	2210780	9706	0.33734577924966618889257574664953
816	2218938	9746	0.33733788091260707986407396674622
819	2227096	9779	0.33733006557202394048999849474058
822	2235254	9813	0.33732233244070936040159836011298
825	2243412	9847	0.33731467785544305693079536467849
828	2251570	9886	0.33730710226876153834396632191783
831	2259727	9925	0.33729960511889750529590514815936
834	2267885	9959	0.3372921892056512382929156501632
837	2276043	9993	0.33728484852637752311466101673432
840	2284201	10032	0.33727758518034162138476972359058
843	2292359	10071	0.33727039689491689067324386996916
846	2300517	10105	0.33726328079079859190159140780452
849	2308675	10138	0.3372562399326441973101964322268
852	2316832	10177	0.3372492708625751123285851917899
855	2324990	10211	0.33724236964433579322175660308858
858	2333148	10244	0.33723553788581522860923200823891
861	2341306	10283	0.33722777618377819397466055306722
864	2349464	10322	0.33722108164353764570009275303164
867	2357622	10355	0.33721445606009997630891916742257
870	2365780	10389	0.33720789998211536664385334916005
873	2373937	10428	0.3372014070284236053609561167832
876	2382095	10462	0.3371949787693407918354182584153
879	2390253	10496	0.33718961765032084976212445326382
882	2398411	10535	0.33718331616512731141455105898785
885	2406569	10574	0.3371770801540130979567777558259
888	2414727	10608	0.33717090637035557199041591047717
891	2422884	10641	0.33716479326898074475593602983281
894	2431042	10671	0.33715874120517369538774232751166
897	2439200	10701	0.33715274955354918029470923102053
900	2447358	10730	0.33714681576740784807455497684714
