0	0	0	0.69314718055895352399886633065762
3	7767	29	0.69314703871142613333944382247864
6	15534	62	0.6931459613577984901766626535391
9	23301	91	0.6931443322930684880489593524544
12	31068	119	0.69313692461566289715335642540595
15	38835	152	0.693135340029961022345617038809
18	46602	181	0.69313942601807576604500127359643
21	54369	213	0.69313890255302479381782632117392
24	62136	242	0.69313848985307269234823479564511
27	69903	270	0.6931449476051233515860872103076
30	77670	302	0.69314333301131336728673204561346
33	85437	331	0.69314317924629120781787605665158
36	93204	365	0.6931430789733860065027215568989
39	100971	393	0.69313981248338940588382683927193
42	108738	421	0.69314012954735082505663967822329
45	116505	454	0.69313857683902013739896119659534
48	124272	482	0.6931361579700586750263369140157
51	132039	515	0.69313606066390198723325966057018
54	139806	547	0.6931356657457115044707052220474
57	147573	575	0.69313893340269594478542103388463
60	155340	607	0.6931374254888071906322011273005
63	163107	635	0.69313728428222043387307849116041
66	170874	664	0.69313718662909573620112269054516
69	178641	696	0.69313927976643452399940770192188
72	186408	724	0.69313983565739145653594732721103
75	194175	758	0.69313835016136837730016395653365
78	201942	786	0.69313820485887212008435653842753
81	209709	814	0.69313644390876461010009279561928
84	217476	846	0.69313605329861582848849366200739
87	225243	875	0.6931329552080270905989323182439
90	233010	907	0.69314335234212887115745616029017
93	240777	939	0.69315844286264294282773334998637
96	248544	968	0.69315831152309548279788486979669
99	256311	1001	0.69315786433226478369107326216181
102	264078	1029	0.69315765569421206038214222644456
105	271845	1061	0.69315607956134217548793685637065
108	279612	1094	0.69315132983642313568850568117341
111	287379	1123	0.69315473347617373445217481275904
114	295146	1156	0.69315220543447553236404701237916
117	302913	1186	0.69314837796777639677969773401855
120	310680	1214	0.69314687872562419368449582179892
123	318447	1248	0.69314683918486752478571588653722
126	326214	1277	0.69314457700966436437539641701733
129	333981	1309	0.69316490666599106518219741701614
132	341748	1338	0.6931646784959772933376598302857
135	349515	1371	0.69316525349640412123619626072468
138	357282	1403	0.69317767423976739404878344430472
141	365049	1432	0.69317672140356534349336925515672
144	372816	1465	0.69317627131132797391188660185435
147	380583	1493	0.69318217405323534485717118514003
150	388350	1526	0.69318074363992665531952752644429
153	396117	1554	0.69317826185584552334262298245449
156	403884	1583	0.69317807213086157780423945951043
159	411651	1618	0.69317762379441871800622720911633
162	419418	1646	0.69317700926679748363312683068216
165	427185	1680	0.69317562365950113889567774094758
168	434952	1709	0.69317540680541289699334583929158
171	442719	1738	0.693175220647012535479802863847
174	450486	1771	0.69317223135101602160546008235542
177	458253	1800	0.6931719921521791727414552042319
180	466020	1832	0.69317068488627986422301319180406
183	473787	1866	0.69317053368768155596768565374077
186	481554	1894	0.69317034877808836323964669645648
189	489321	1926	0.69316992508602648381810240607592
192	497088	1955	0.69316951757756439800317593835643
195	504855	1983	0.69316857328295600204626225604443
198	512622	2015	0.6931683601671370098529223469086
201	520389	2043	0.69316784027765232512052762103849
204	528156	2076	0.69316742847500167901131362668821
207	535923	2104	0.69316874075156487133853033810738
210	543690	2133	0.69316747368527864558984674658859
213	551457	2165	0.69316726260826666550229901986313
216	559224	2194	0.69317651450807260538056198129198
219	566991	2226	0.69317546148306929953974986347021
222	574758	2259	0.69317330834071411160834941256326
225	582525	2288	0.69317206173469880781112806289457
228	590292	2320	0.69317183758876432797535471763695
231	598059	2349	0.69317164350746940382208549635834
234	605826	2382	0.69316614026199752096601969242329
237	613593	2414	0.69316589525363736523644320186577
240	621360	2443	0.69316637160456118227358501826529
243	629127	2475	0.6931661518366836194360303124995
246	636894	2503	0.69316596082656833921475936222123
249	644661	2531	0.69316556535641871139574732296751
252	652428	2564	0.69316565822296150045644935744349
255	660195	2592	0.69316231161909269697929403264425
258	667962	2625	0.69316208929838130092804249215988
261	675729	2654	0.6931618862777932932317526137922
264	683496	2682	0.69316150993651137746098811476259
267	691263	2716	0.69316126442608283486634945802507
270	699030	2744	0.69315907965768419618513007662841
273	706797	2777	0.69316074348841405505794455166324
276	714564	2809	0.69315710509353634094509288843255
279	722331	2837	0.69315674903601043332912468031282
282	730098	2870	0.69315727974965424262876467764727
285	737865	2899	0.69315667276235781724125217806431
288	745632	2927	0.69315645005886050711296775261872
291	753399	2960	0.69315637277660857584749010129599
294	761166	2988	0.69315601881652799676203358103521
297	768933	3021	0.69315577959607366231864489236614
300	776700	3050	0.69315489378384287366685612141737
303	784467	3078	0.69315467338271385955295045278035
306	792234	3111	0.69315447124529772082723866333254
309	800001	3139	0.69315412133063358801621234306367
312	807768	3172	0.69315462260631255375642467697617
315	815535	3205	0.69315375604801410247546300524846
318	823302	3233	0.69315348568516521599036650513881
321	831069	3266	0.69315327960929540296319828485139
324	838836	3294	0.69315293579318604244576818018686
327	846603	3328	0.6931554646115163365038824849762
330	854370	3360	0.69315461677923340122475792668411
333	862137	3390	0.69315404983502226787805966523592
336	869904	3422	0.69315646593750801507383130228845
339	877671	3451	0.69315818231607717603282026175293
342	885438	3479	0.6931579346501333116492560293409
345	893205	3511	0.69315706132130017191883553095977
348	900972	3541	0.69315845148678389975316349591594
351	908739	3575	0.69315824282679505685678122972604
354	916506	3603	0.69316657403311865426331905837287
357	924273	3632	0.69316631765637493067799823620589
360	932040	3664	0.69316539779586949787670846490073
363	939807	3692	0.69316224702652529110480372764869
366	947574	3725	0.69316399928813210440381453736336
369	955341	3759	0.69316484375834919173797743496834
372	963108	3788	0.69316179477897488236948220219347
375	970875	3821	0.69316003314282714775629301584559
378	978642	3849	0.69316393030885947723618301097304
381	986409	3878	0.69316371492437700574384962237673
384	994176	3911	0.69316334919125321967214858887019
387	1001943	3939	0.69316310355447585678234645456541
390	1009710	3972	0.69316220664233041404145296837669
393	1017477	4002	0.69316115304882808256792259271606
396	1025244	4030	0.69316082438235127050063510978362
399	1033011	4063	0.69316020412535128691899899422424
402	1040778	4092	0.69315996209956898255200030689593
405	1048545	4125	0.69315910127087410064206096649286
408	1056312	4158	0.69315937990499176812875248288037
411	1064079	4187	0.69316012576402541434106296946993
414	1071846	4219	0.69315795105563271505388911464252
417	1079613	4248	0.6931577094375471759235551871825
420	1087380	4276	0.69315687230761835468939580096048
423	1095147	4309	0.69315664277473743037916165121715
426	1102914	4338	0.69315881546217872344328725375817
429	1110681	4370	0.69316051859895400077959948248463
432	1118448	4399	0.69316026993361690156092436154722
435	1126215	4428	0.69315919145779703036680530203739
438	1133982	4462	0.69316016364694532647661162627628
441	1141749	4491	0.69315994789784396434839663925231
444	1149516	4524	0.69316011905497831868672165001044
447	1157283	4557	0.69316174053680024158552441804204
450	1165050	4595	0.69316088856692181785490447509801
453	1172817	4634	0.69316065067862608906068544456502
456	1180584	4667	0.69316052841332220779690942435991
459	1188351	4696	0.69316017099967630610279911707039
462	1196118	4729	0.69316112771539273307297435167129
465	1203885	4757	0.69316027696547466430132544701337
468	1211652	4785	0.69316004222622018549060385339544
471	1219419	4820	0.69315982788721619556326913880184
474	1227186	4848	0.69316460456341988383144325780449
477	1234953	4881	0.69316435614948490595565999683458
480	1242720	4915	0.69316349233898821857735583762405
483	1250487	4944	0.69316325350864005372386600356549
486	1258254	4977	0.69316480641844857579769723088248
489	1266021	5005	0.69316378875047957031085843482288
492	1273788	5039	0.69316354001605617884962384778191
495	1281555	5071	0.69316267925233321367528560585924
498	1289322	5100	0.69316685674978439912763406027807
501	1297089	5134	0.69316677287659100858974170478177
504	1304856	5162	0.69316640332740486751816888499889
507	1312623	5191	0.69316614696778489079775908976444
510	1320390	5224	0.69316529621059574939323510989198
513	1328157	5253	0.69316504977011417221177680403343
516	1335924	5286	0.69316482592504369275587805532268
519	1343691	5315	0.69316390946157691033135961333755
522	1351458	5344	0.6931636565022545326542058319319
525	1359225	5377	0.69316265196548665361575558563345
528	1366992	5406	0.69316437630017613269473031323287
531	1374759	5440	0.69316401125183224607440024556126
534	1382526	5468	0.69316364688190956755420302215498
537	1390293	5497	0.69316420029061986962659602795611
540	1398060	5531	0.69316334136811230681729512070888
543	1405827	5559	0.69316309924341046322382453581668
546	1413594	5592	0.6931605446384975222073876466311
549	1421361	5624	0.69316185990158707408426153051551
552	1429128	5653	0.69316037707087108099557326568174
555	1436895	5686	0.69315951303194578425603822324774
558	1444662	5714	0.6931592747709949264844908611849
561	1452429	5743	0.69315906341474742280439613750787
564	1460196	5775	0.69316314736757889125584597422858
567	1467963	5805	0.69316685539647282521258375709294
570	1475730	5837	0.69316592531308030000758435562602
573	1483497	5866	0.69316567862107636432966728534666
576	1491264	5894	0.69316546351545094140078617783729
579	1499031	5926	0.6931667583248433128773058342631
582	1506798	5955	0.6931635467493325597487796585483
585	1514565	5988	0.69316265679239386088283936260268
588	1522332	6021	0.69316241109565956968197042442625
591	1530099	6050	0.69316374968292759906063338348758
594	1537866	6084	0.69316338054337633955981345934561
597	1545633	6113	0.69316177173455384430411641005776
600	1553400	6145	0.69316373104057404930244956631213
603	1561167	6180	0.69316348014862183557482921969495
606	1568934	6208	0.69316302593723255753843659476843
609	1576701	6241	0.69316266018647476609970681238337
612	1584468	6270	0.69316306042037834078683999905479
615	1592235	6303	0.6931644169026931479038466932252
618	1600002	6335	0.69316902028147941994262737352983
621	1607769	6364	0.69316879488477367576848564567626
624	1615536	6398	0.69317119833531237738100116985152
627	1623303	6427	0.69317093427987686027336167171597
630	1631070	6455	0.6931732201938725079770620141062
633	1638837	6488	0.69317296043207388134277380231651
636	1646604	6516	0.69317256867930554520285113540012
639	1654371	6549	0.6931721815636999739496104666614
642	1662138	6577	0.69317807689954091809880765140406
645	1669905	6605	0.69317712504685191632347596168984
648	1677672	6637	0.69317686125992261647610348518356
651	1685439	6667	0.6931766253750748507655998764676
654	1693206	6700	0.69317385976349921161698830474052
657	1700973	6728	0.69318176265681674674823398163426
660	1708740	6758	0.69318078179297459850971563355415
663	1716507	6790	0.6931805101440345895369432582811
666	1724274	6819	0.69318027281683847196092074227636
669	1732041	6853	0.69318195907332613714402214100119
672	1739808	6881	0.69318146674442582266806311963592
675	1747575	6910	0.69318129680557660776685224846005
678	1755342	6942	0.693181024214494123647511969466
681	1763109	6971	0.69318292492510102942304683892871
684	1770876	7004	0.69318251358234950210146507743048
687	1778643	7038	0.69318415451462556120532099157572
690	1786410	7066	0.69318315418744824718544350616867
693	1794177	7099	0.69318651020113219995977260623476
696	1801944	7128	0.69318626697143737036554966834956
699	1809711	7156	0.69318584589601162093686070875265
702	1817478	7189	0.69318611460304202509519200248178
705	1825245	7221	0.69318508910893694707766599094612
708	1833012	7255	0.69318480997885278949155463124043
711	1840779	7284	0.69318276903383779785627893943456
714	1848546	7312	0.69318529599332456836435767399962
717	1856313	7345	0.6931850149657154958049432025291
720	1864080	7374	0.69318101174122170871072512454703
723	1871847	7406	0.69317971873273720451180679447134
726	1879614	7434	0.69317948229610515387122404717957
729	1887381	7463	0.69318101659529851588104065740481
732	1895148	7495	0.6931807429799308195583762426395
735	1902915	7526	0.69318099030645119462690217915224
738	1910682	7558	0.69318120229162216716645161795896
741	1918449	7590	0.6931801110460813486469078270602
744	1926216	7619	0.69317893297464794333251347779878
747	1933983	7651	0.69317866573108344319109619391384
750	1941750	7681	0.69317985726189124129348329006461
753	1949517	7713	0.6931790141973031005306893348461
756	1957284	7746	0.69317573915967611863919728421024
759	1965051	7774	0.69317534434064054238433527643792
762	1972818	7807	0.69317937971668408536629613081459
765	1980585	7837	0.69317840733679259024313523696037
768	1988352	7868	0.69317522204265580310078576076194
771	1996119	7900	0.69317499266818394243472312155063
774	2003886	7928	0.69317459814257031958106836100342
777	2011653	7961	0.69317929131092970163052768839407
780	2019420	7990	0.69317830578697747778704751908663
783	2027187	8019	0.69318059593094205617092029569903
786	2034954	8052	0.69318035872097549798809268395416
789	2042721	8081	0.69317995128525333736746460999711
792	2050488	8114	0.69317827401865172998185471442412
795	2058255	8142	0.69317730116387987759907218787703
798	2066022	8171	0.69318678607679040659661495737964
801	2073789	8204	0.69318654217469899414538758719573
804	2081556	8233	0.69318612069820251253560172699508
807	2089323	8266	0.69318583778934272920935200090753
810	2097090	8296	0.6931849383154092825165548674704
813	2104857	8325	0.69318466120118082951506721656187
816	2112624	8359	0.69318268006211447573861050841515
819	2120391	8388	0.69318433312963534387307618089835
822	2128158	8420	0.69318306299385612501140485619544
825	2135925	8454	0.6931820409677843519702378216607
828	2143692	8483	0.69318402416512936436987502020202
831	2151459	8516	0.69318378519418344385627506198944
834	2159226	8546	0.69318336858734685979044343184796
837	2166993	8579	0.69318309122253218834686094851349
840	2174760	8612	0.69318207287681732342576879091212
843	2182527	8640	0.6931818002237482012617419968592
846	2190294	8673	0.69318027109548607800348918317468
849	2198061	8701	0.69318514226621352758428429297055
852	2205828	8730	0.69318664990804024217396772655775
855	2213595	8763	0.69318492621575011902734786417568
858	2221362	8791	0.69318463987031553319440035920707
861	2229129	8826	0.69318438422315720170985287040821
864	2236896	8856	0.69318370592485478720590208467911
867	2244663	8886	0.69318342093203666465228707238566
870	2252430	8918	0.69318251263449204291333671790198
873	2260197	8952	0.69318223051839067405666128252051
876	2267964	8981	0.69318206278194371972034559803433
879	2275731	9009	0.69318167134758013059325776339392
882	2283498	9046	0.6931813866210274621693088192842
885	2291265	9075	0.69319109102695197766053070154157
888	2299032	9103	0.6931907687916597504695914722106
891	2306799	9136	0.69319046671603801179628590034554
894	2314566	9165	0.69319007363198115179159231047379
897	2322333	9197	0.69319032247833411997106622948195
900	2330100	9229	0.69318963594603832945040267077275
