0	0	0	0.69314718055895352399886633065762
3	7764	4	0.69314717717766760607389642245835
6	15529	8	0.69314717506508805033860198818729
9	23293	13	0.69314716493852035483769213897176
12	31058	17	0.69314716123478936626867152881459
15	38823	22	0.69314761434139438023294133017771
18	46587	26	0.69314761067615049405787885916652
21	54352	31	0.6931476082638508007249811271322
24	62116	35	0.69314759771529688148206105324789
27	69881	40	0.69314707553770582570962233148748
30	77646	44	0.6931470348370233347523594602535
33	85410	49	0.69314703121358334225732278355281
36	93175	53	0.69314702883639711661345472748508
39	100939	58	0.69314701834321335027766508574132
42	108704	63	0.69314701426015934426771991638816
45	116469	67	0.6931469735736546233795252192067
48	124233	72	0.69314696995352775843457493465394
51	131998	76	0.69314696757944782579130560407066
54	139762	81	0.69314695709179918736708714277484
57	147527	85	0.6931469530121967537183991225902
60	155292	89	0.69314691233957648197616663310328
63	163056	94	0.69314690872133255528098061404307
66	170821	98	0.69314668304574655888217193933087
69	178585	103	0.69314667259882334349185839528218
72	186350	107	0.69314666855492634844893018453149
75	194115	112	0.6931466279859311852007408560894
78	201879	116	0.69314662441709717910498511628248
81	209644	121	0.69314684651563707173949069328955
84	217408	126	0.69314683606810534310938010094105
87	225173	130	0.69314683203590143900640896390541
90	232938	135	0.693149146436640051227584535809
93	240702	139	0.6931491426405387290543558265199
96	248467	143	0.69314914014044748391540906595765
99	256231	148	0.69314912946844087215936269785743
102	263996	152	0.69314912524034022478502947706147
105	271761	157	0.693149084145860738814803880814
108	279525	161	0.6931490803552388113573101691145
111	287290	166	0.69314907786040247383851919948938
114	295054	170	0.69314906719480950947342989820754
117	302819	175	0.69314906296878864289112698315876
120	310584	179	0.69314902188778226843623997410759
123	318348	184	0.69314901809910955954308064974612
126	326113	188	0.693149015605991070110292184836
129	333877	193	0.69314900494457820645521906044451
132	341642	197	0.69314900072063789782106368875247
135	349407	202	0.6931489596531054120376325045072
138	357171	206	0.69314895586637548241526474157581
141	364936	211	0.69314895337497994809439205710078
144	372700	215	0.69314894271774385448026123413001
147	380465	219	0.69314893849588132823669184290338
150	388230	224	0.69314889744995544784700314266956
