0	0	0	0.69314718055895352399886633065762
3	7767	32	0.69314707920449025735365466971416
6	15534	63	0.69314701598241268420963479002239
9	23301	99	0.69314559674131814848152544072946
12	31068	142	0.69314568798864084619992809166433
15	38835	179	0.69314392304235195041428596596234
18	46602	210	0.69314382185156198090680845780298
21	54369	242	0.69314375645334891373749997001141
24	62136	279	0.69314345157286050280731615202967
27	69903	311	0.69314991501887435187967412275611
30	77670	347	0.69314869933119471756555185493198
33	85437	399	0.69314858541607082820235063991277
36	93204	435	0.69314986299416192494504684873391
39	100971	471	0.69314788179847941496092289526132
42	108738	503	0.69312165989099960849983972366317
45	116505	538	0.69312083319209594201026902737794
48	124272	580	0.6931283903268737889291628562205
51	132039	617	0.69312460827319699596671398467151
54	139806	649	0.69312435789323267876227419037605
57	147573	686	0.69312425378495401417922039399855
60	155340	726	0.69312387322703084002739615243627
63	163107	767	0.69312429191299784747570811305195
66	170874	804	0.69312422605832257893609948951053
69	178641	846	0.69312397561497385289897010807181
72	186408	883	0.69312387168329392395094146195333
75	194175	915	0.69312292391453422801816941500874
78	201942	951	0.6931228365306132399581429126556
81	209709	1002	0.69312277243789244263183491057134
84	217476	1044	0.69311991091086055938319532288006
87	225243	1081	0.69311981104443065593301298576989
90	233010	1123	0.69312042922505057163107267115265
93	240777	1160	0.69312034310560344252394315844867
96	248544	1192	0.69312028006042381012008490870357
99	256311	1230	0.69312003891794748966503902920522
102	264078	1281	0.69311993840571195502064938409603
105	271845	1321	0.6931190236805423454669039529108
108	279612	1356	0.69311867343831234933304585865699
111	287379	1396	0.6931210715267294153463240036217
114	295146	1433	0.69312083000235702456848230212927
117	302913	1463	0.69311792867769861370419448576286
120	310680	1500	0.69311704268247820159842831344577
123	318447	1551	0.69311644099738489721573841961799
126	326214	1596	0.69311637944954573864464464350021
129	333981	1633	0.69311482251382983132970139195095
132	341748	1664	0.69311472851434186015495697574806
135	349515	1701	0.69311378023604330866902500929427
138	357282	1751	0.69311726424156461234815651550889
141	365049	1794	0.69311273121141458997129802810377
144	372816	1831	0.69311701709048212372010766557651
147	380583	1863	0.6931165813560502542145513871219
150	388350	1896	0.69311578076555790950408209027955
