0	0	0	0.69314718055895352399886633065762
3	38823	28	0.69314676939539066058415528459591
6	77646	56	0.69314635928691681332480811761343
9	116469	85	0.69314595000929501988906622500508
12	155292	114	0.69314553972101844436792816850357
15	194115	142	0.69314513266228217069908623670926
18	232938	171	0.69314472672359994653845660650404
21	271761	204	0.69314432185351015913710170934792
24	310584	236	0.69314391802477060000597930411459
27	349407	270	0.69314351523208272976006583121489
30	388230	302	0.69314309226019610310487450988148
33	427053	334	0.69314269155239671693635727933724
36	465876	363	0.69314228865007099233963572260109
39	504699	392	0.69314187890355949406284707947634
42	543522	420	0.69314148132752395614630813724943
45	582345	449	0.69314108625330161927990957337897
48	621168	477	0.69314071542723321162071670187288
51	659991	506	0.69314032083749466117694737476995
54	698814	539	0.69313992725990569709892952232622
57	737637	571	0.69313953878746459302817584102741
60	776460	604	0.69313914721580927036370667337906
63	815283	637	0.69313875664819302180319482431514
66	854106	669	0.69313837900167307726206900042598
69	892929	701	0.69313799040446777421919932749006
72	931752	731	0.69313759063471436228098809806397
75	970575	760	0.69313722441113201355733508535195
78	1009398	789	0.69313683875905629516722683547414
81	1048221	822	0.69313645410745361452597990137292
84	1087044	854	0.69313607044150626901313216876588
87	1125867	886	0.69313567385509733398407661297824
90	1164690	918	0.69313528765499099471014687878778
93	1203513	951	0.69313490696744095576065092245699
96	1242336	983	0.69313453961661875002420174496365
99	1281159	1012	0.69313416084195200728146346591529
102	1319982	1041	0.69313378050521090578683924832148
105	1358805	1069	0.69313339075352409235364348205621
108	1397628	1098	0.69313302739943849495318772824248
111	1436451	1131	0.69313266539170592661633918396547
114	1475274	1165	0.69313229140437615516390224001952
117	1514097	1198	0.69313191838526644339424365170998
120	1552920	1231	0.69313153740332744678909193680738
123	1591743	1264	0.69313122081992717404830273153493
126	1630566	1298	0.69313087642214088468506361095933
129	1669389	1331	0.69313050702235134981066266846028
132	1708212	1361	0.69313013856832395021001502755098
135	1747035	1393	0.69312977105756434781369534903206
138	1785858	1427	0.6931294109263069769255594110291
141	1824681	1460	0.6931290452970024773549084784463
144	1863504	1493	0.69312868060349186460911141693941
147	1902327	1525	0.69312831684309084145922952302499
150	1941150	1554	0.69312796079331462362205229510437
153	1979973	1584	0.69312759133217238805002580193104
156	2018796	1613	0.69312723179338175949482092619292
159	2057619	1643	0.6931268717347012220386659464566
162	2096442	1673	0.69312651682287229615297974305577
165	2135265	1702	0.69312616870135135282993132932461
168	2174088	1732	0.69312582585941429069720243205666
171	2212911	1761	0.69312546940050023813739699107828
174	2251734	1809	0.69312509885860995595407985092606
177	2290557	1842	0.69312474425459003057881091081072
180	2329380	1875	0.69312439428038552513555714540416
183	2368203	1908	0.69312406407177740153002787337755
186	2407026	1941	0.69312372816114975471180059685139
189	2445849	1974	0.69312337705852700153741352551151
192	2484672	2006	0.69312302686135141005507875888725
195	2523495	2038	0.69312267977527353135513976667426
198	2562318	2067	0.69312236713096009310675071901642
201	2601141	2095	0.69312201946801366148065426386893
204	2639964	2125	0.69312167153674797415163766345358
207	2678787	2154	0.69312131815790811728561493509915
210	2717610	2182	0.69312097320307064496347493331996
213	2756433	2211	0.69312062914179095596267643486499
216	2795256	2245	0.69312030342745045707886220043292
219	2834079	2278	0.69311995357462630185096941204392
222	2872902	2310	0.6931196144948131854235384707863
225	2911725	2342	0.69311926729096295929366533528082
228	2950548	2375	0.69311892161721289085107855498791
231	2989371	2404	0.69311858276956384017353229864966
234	3028194	2433	0.69311826150907185351002226525452
237	3067017	2462	0.69311792434635000059728326959885
240	3105840	2491	0.69311758412559276720799061877187
243	3144663	2519	0.69311724182136580374447021313244
246	3183486	2552	0.69311690726865193834527190119843
249	3222309	2574	0.693116573054010420840143069654
252	3261132	2595	0.69311624020781803512392116317642
255	3299955	2616	0.69311591641366510074817597342189
258	3338778	2638	0.6931155852449518706137610024598
261	3377601	2658	0.69311525492079495425201685065986
264	3416424	2678	0.69311493000257684560239113125135
267	3455247	2700	0.69311460133937663474767987281666
270	3494070	2721	0.69311425580476193619716696048272
273	3532893	2742	0.69311393906882690085780041044927
276	3571716	2763	0.69311360861083382012282072537346
279	3610539	2784	0.69311328331138410963063734016032
282	3649362	2805	0.69311295884091883579003479098901
285	3688185	2827	0.69311263747201534712871762167197
288	3727008	2847	0.69311231857555544166871186462231
291	3765831	2869	0.69311198649110405956008662542445
294	3804654	2891	0.69311166610809527011127784135169
297	3843477	2912	0.69311134812010832817463779065292
300	3882300	2933	0.69311100881820564278967822247068
303	3921123	2955	0.69311068253408636419266031225561
306	3959946	2976	0.69311036086701349745453626383096
309	3998769	2998	0.69311004877725823636325230836519
312	4037592	3018	0.6931097459067286914446981427318
315	4076415	3039	0.69310943043428985266274366949801
318	4115238	3061	0.69310911576488032359577573515708
321	4154061	3081	0.69310880288731213649811024879455
324	4192884	3102	0.69310848748514586326052722142776
327	4231707	3124	0.69310817521177581213009943894576
330	4270530	3145	0.69310786373273669536132501889369
333	4309353	3165	0.69310755304601623372207086504204
336	4348176	3187	0.69310725502088565974645462119952
339	4386999	3208	0.69310694588379118119547683818382
342	4425822	3230	0.69310663753299373013305739732459
345	4464645	3252	0.69310633264656995589092502996209
348	4503468	3272	0.69310601582452158186953283802723
351	4542291	3295	0.69310569667095311974236437890795
354	4581114	3315	0.69310539148033067924359329481376
357	4619937	3336	0.69310509453236679444643186798203
360	4658760	3358	0.69310479087355036931228369212477
363	4697583	3378	0.69310448798652946056364498872426
366	4736406	3399	0.69310418586910327309880130997044
369	4775229	3421	0.69310385702728316559273480379488
372	4814052	3441	0.69310355723829863983098675817018
375	4852875	3462	0.69310325748088319475215257625678
378	4891698	3484	0.69310295669016541708629119966645
381	4930521	3504	0.69310265080066935095004510003491
384	4969344	3525	0.69310234225723865719714922306594
387	5008167	3546	0.69310204558111787598306818836136
390	5046990	3567	0.69310174965837023641768155357568
393	5085813	3587	0.69310143544352587063883675000397
396	5124636	3609	0.69310113131851758261348095402354
399	5163459	3629	0.69310083998015481476784316328121
402	5202282	3650	0.69310055721346375268154815785238
405	5241105	3672	0.69310024692797544965117140236543
408	5279928	3692	0.69309995555615577789154713173048
411	5318751	3713	0.69309966492355523648427606531186
414	5357574	3734	0.6930993719622255966328339127358
417	5396397	3755	0.6930990828100250800147819063568
420	5435220	3775	0.6930987940335280317327715238207
423	5474043	3797	0.69309850634610137287694442420616
426	5512866	3817	0.69309821938813453989780555275502
429	5551689	3837	0.69309793315759471443726624784176
432	5590512	3859	0.6930976476524289831004921325075
435	5629335	3879	0.6930973628707183253894186236721
438	5668158	3900	0.69309707881038284948971295307274
441	5706981	3921	0.69309683158125401369886731117731
444	5745804	3942	0.69309654886557214847897512299824
447	5784627	3962	0.69309626686625214198045341618126
450	5823450	3984	0.69309598890700585549495826853672
453	5862273	4004	0.69309569525557201963295028690482
456	5901096	4024	0.6930954103468461857673332815466
459	5939919	4046	0.69309513401448397118542743555736
462	5978742	4066	0.69309485559850925184832703962456
465	6017565	4086	0.69309457788744510686740341043333
468	6056388	4108	0.69309430087928747266090567791252
471	6095211	4129	0.69309400806742382794567447490408
474	6134034	4149	0.69309373249500416669377500511473
477	6172857	4171	0.69309345883728645798527168153669
480	6211680	4191	0.69309319859218132542366674897494
483	6250503	4212	0.69309291699022868016299980808981
486	6289326	4234	0.69309264417744353981021276922547
489	6328149	4254	0.69309236456167566675645730356337
492	6366972	4275	0.69309209314424669035048509613262
495	6405795	4297	0.69309181538714315085059070042917
498	6444618	4318	0.69309153844617710227282714186003
501	6483441	4338	0.69309126909400875504729810927529
504	6522264	4360	0.69309100043798699264385732021765
507	6561087	4380	0.69309067983701666548768116626889
510	6599910	4400	0.69309039426522833782229326970992
513	6638733	4422	0.69309012778775958008026236711885
516	6677556	4443	0.69308984597715772579817894438747
519	6716379	4463	0.69308958527029262963736755409627
522	6755202	4485	0.69308931627052650092934982239967
525	6794025	4506	0.69308906075970500015870356946834
528	6832848	4526	0.69308879765934661154602736132802
531	6871671	4549	0.69308853442569451352994747139746
534	6910494	4571	0.69308827265786099314226476053591
537	6949317	4591	0.69308799528891240626649050682317
540	6988140	4613	0.6930877322565909270934980668244
543	7026963	4634	0.69308747028098327547240842250176
546	7065786	4655	0.6930872111799131207732216353179
549	7104609	4677	0.69308695274779075212734369415557
552	7143432	4699	0.69308668163577014098564177402295
555	7182255	4719	0.69308642453310942421751406072872
558	7221078	4741	0.69308616807915002233642098872224
561	7259901	4763	0.69308591227221938435576475967537
564	7298724	4785	0.69308565711055702962539726286195
567	7337547	4807	0.69308541183560357090698289539432
570	7376370	4828	0.69308515793535951932113903239951
573	7415193	4849	0.69308490467536065793296984338667
576	7454016	4871	0.69308466094011955682674397394294
579	7492839	4891	0.69308440893269140925525562124676
582	7531662	4912	0.69308415756048291633817370893667
585	7570485	4934	0.6930839068217432563656643651484
588	7609308	4954	0.69308365671466753976659447289421
591	7648131	4975	0.69308339636069959954767227827688
594	7686954	4997	0.69308315004222131872069212477072
597	7725777	5017	0.69308290900802538292424515020684
600	7764600	5039	0.69308266141335284071800515448558
603	7803423	5061	0.69308241444213714022026806560461
606	7842246	5082	0.69308216809275891012731563023408
609	7881069	5104	0.69308193373150694949202943462296
612	7919892	5126	0.69308168859360097524557886572438
615	7958715	5146	0.69308145344514904273580668814247
618	7997538	5168	0.6930812016217138271656494907802
621	8036361	5189	0.69308095955179960245828851839178
624	8075184	5209	0.69308071473960763952959496236872
627	8114007	5231	0.69308046994898919734851006069221
630	8152830	5252	0.69308023860259870829736428277101
633	8191653	5274	0.69307999772820960693309189082356
636	8230476	5296	0.6930797597010913690951383614447
639	8269299	5317	0.69307952001788053486563967453549
642	8308122	5339	0.69307928620383996154430406022584
645	8346945	5360	0.69307904772316919483898800535826
648	8385768	5381	0.69307880984270597846119699170231
651	8424591	5403	0.69307857412011786291117232394754
654	8463414	5425	0.69307834463382989031998704376747
657	8502237	5445	0.69307810852790174838133907542215
660	8541060	5467	0.69307788105172163373168814359815
663	8579883	5489	0.69307765535706900017487441800768
666	8618706	5510	0.69307742365536639805867480390589
669	8657529	5532	0.6930771898628638183481598389335
672	8696352	5553	0.69307695665804958107258926247596
675	8735175	5574	0.69307672210383297617397602152778
678	8773998	5594	0.69307648345999561811936473532114
681	8812821	5616	0.69307624869300743508659934377647
684	8851644	5636	0.69307601785128569726879277368425
687	8890467	5657	0.69307578759009447200156728285947
690	8929290	5679	0.69307555790726482758401516548474
693	8968113	5699	0.69307534257699288104959123302251
696	9006936	5720	0.69307511590062864659245178700075
699	9045759	5742	0.69307488790433080527719766905648
702	9084582	5762	0.69307467439573944290032159187831
705	9123405	5783	0.6930744475054292363935815046716
708	9162228	5805	0.69307422118461792237553709128406
711	9201051	5826	0.69307399543188030754947703826474
714	9239874	5846	0.69307377024554583933024787256727
717	9278697	5868	0.69307353568093144069450772803975
720	9317520	5889	0.6930733116445610964007073562243
723	9356343	5909	0.69307308175098136793224057328189
726	9395166	5931	0.69307286216003682888242565240944
729	9433989	5951	0.69307263980870792430266646988457
732	9472812	5972	0.69307241801469898767606991896173
735	9511635	5994	0.69307219677667419865940701129148
738	9550458	6014	0.69307197609298309970426998916082
741	9589281	6035	0.69307175567851753150705462758197
744	9628104	6057	0.6930715361000071572661340724153
747	9666927	6077	0.69307131707178282198356100707315
750	9705750	6098	0.69307109714665016131363017848344
753	9744573	6120	0.69307087961083435612152925386908
756	9783396	6141	0.69307066222272972755291675639455
759	9822219	6162	0.69307044537911322024115179374348
762	9861042	6183	0.69307022907838533587465690288809
765	9899865	6205	0.69306997348441468087543171350262
768	9938688	6225	0.69306975833322170821304553101072
771	9977511	6247	0.69306954372001816633286352953291
774	10016334	6269	0.69306933267530257403166160656838
777	10055157	6289	0.69306911269148663290451395369018
780	10093980	6311	0.69306889971827101426526951399865
783	10132803	6333	0.69306868727797188434180952754105
786	10171626	6353	0.6930684753691054300617224726011
789	10210449	6375	0.69306826268140031555020641462761
792	10249272	6396	0.69306805183368025424783809285145
795	10288095	6417	0.69306784222571704567883443814935
798	10326918	6437	0.69306763040730223757179828680819
801	10365741	6459	0.69306743082584876258778194824117
804	10404564	6479	0.6930672220608260492014096598723
807	10443387	6500	0.69306700850130020796768803847954
810	10482210	6521	0.69306680078656346388754627696471
813	10521033	6542	0.69306659359082034566057473057299
816	10559856	6562	0.6930663835850050524811649665935
819	10598679	6584	0.69306617742935050507924188423203
822	10637502	6604	0.69306597269648695380794833909022
825	10676325	6625	0.69306576756472071387804589903681
828	10715148	6647	0.69306554840056633359779425518354
831	10753971	6667	0.69306534432500177533853502609418
834	10792794	6687	0.69306514225562010356185282944352
837	10831617	6709	0.6930649374872445145356891771371
840	10870440	6730	0.69306473492904696609429038289818
843	10909263	6750	0.69306453287617086900240792601835
846	10948086	6772	0.69306432415355467835382796693011
849	10986909	6793	0.69306412312311260759400965980603
852	11025732	6814	0.69306392259387261667313850921346
855	11064555	6836	0.69306372519341430393780001395498
858	11103378	6857	0.69306353558018130023299363529077
861	11142201	6878	0.69306334186687279519389903725823
864	11181024	6899	0.69306314328620954867687942169141
867	11219847	6921	0.6930629399172997251454830802686
870	11258670	6942	0.69306274233535314355236778283142
873	11297493	6964	0.69306255525673565731636927012005
876	11336316	6984	0.69306235625631595897999659428024
879	11375139	7005	0.69306216012711352458808278242941
882	11413962	7026	0.69306196448616164129674643845647
885	11452785	7048	0.693061768508875131189483909111
888	11491608	7069	0.69306157383889388512443474610336
891	11530431	7091	0.69306137965354686070185152857448
894	11569254	7113	0.69306120109770608106458666952676
897	11608077	7133	0.69306100341536469588987756651477
900	11646900	7154	0.69306081064908642286326312387246
