0	0	0	0.69314718055895352399886633065762
3	7767	31	0.69314459204736178499217658099951
6	15534	68	0.69314451256323450500929084228119
9	23301	119	0.6931441456590365923773333634017
12	31068	163	0.693147457267981548234558886179
15	38835	200	0.69314601092415328853491018890054
18	46602	231	0.69314592432817256906218972289935
21	54369	267	0.69314499019953257352710807026597
24	62136	316	0.69314462158363021604401410513674
27	69903	359	0.69314713040361086715535066105076
30	77670	395	0.69314569363150257963468447997002
33	85437	426	0.69314556250264691694695784462965
36	93204	462	0.69314965516265636402692962292349
39	100971	513	0.69314927752479893463544158294098
42	108738	556	0.69314912699729491762923316855449
45	116505	592	0.69314769515978258418442692345707
48	124272	624	0.69314755086478885282019746227888
51	132039	659	0.69314676472122771500039561942685
54	139806	711	0.6931463958425779781080677821592
57	147573	753	0.69313887931351703119986495948979
60	155340	790	0.69313751885407914876680024462985
63	163107	823	0.69313739935347662424192094476894
66	170874	857	0.69313732248295467641696632199455
69	178641	906	0.69313697691337738948647029246786
72	186408	948	0.69313374961358575898628942013602
75	194175	985	0.69313729650150168737354761105962
78	201942	1017	0.69313717276849884374456678415299
81	209709	1055	0.69313709381011467947075743722962
84	217476	1087	0.69313873314909113521053996009869
87	225243	1123	0.69313859919375331308799559337785
90	233010	1174	0.69313602597225765222788140818011
93	240777	1216	0.69313590179972162097499221999897
96	248544	1253	0.69313187986722679667650481860619
99	256311	1285	0.69312998796625879815991311261314
102	264078	1320	0.69313122487241629610110749126761
105	271845	1372	0.69312994926486659608144691446796
108	279612	1415	0.69312780046683131196516569616506
111	287379	1452	0.69312773144627437549303294872516
114	295146	1482	0.69312941722240417607991957993363
117	302913	1518	0.69312869276805533225171984668123
120	310680	1549	0.69312745101222950072639150675968
123	318447	1585	0.69312734086542548972431632137159
126	326214	1637	0.69312727169310184294204191246536
129	333981	1679	0.69312695569416205021440191558213
132	341748	1715	0.69312684218700271188140504818875
135	349515	1747	0.69312561460371180377393329763436
138	357282	1784	0.69312514456150653430199781723786
141	365049	1837	0.69314212673426944810728400625521
144	372816	1877	0.69314382249029860005862246907782
147	380583	1913	0.69314663693968669999634357736795
150	388350	1949	0.69314539718850831651053567838972
