0	0	0	0.69314718055895352399886633065762
3	7767	21	0.6931470405473606488655491375539
6	15534	42	0.69314698790108697501466394896852
9	23301	63	0.69314663643136675830191961722448
12	31068	85	0.69314650869741623040454214788042
15	38835	106	0.6931451180103299636314773124468
18	46602	127	0.6931450080379100153749050150509
21	54369	147	0.69314494107612978357479960322962
24	62136	169	0.69314459580507914449043482818524
27	69903	191	0.69314447065443918205573936575092
30	77670	212	0.69314309122896544668179785730899
33	85437	232	0.69314298338053070835940161487088
36	93204	254	0.6931429377253657264645880786702
39	100971	276	0.69314260268287020139155174547341
42	108738	297	0.69314247964091346698722873043153
45	116505	319	0.69314111948781831351595883461414
48	124272	340	0.69314101362428015562500149826519
51	132039	361	0.69314096255744916952323819714366
54	139806	382	0.69314062156541089709804737140075
57	147573	404	0.69314049908043684489200586540392
60	155340	426	0.69313915389319091797659666553955
63	163107	446	0.69313906194199592647464669425972
66	170874	471	0.69313901176702474860036318204948
69	178641	493	0.69313868006349421690970302734058
72	186408	515	0.69313854808452690647868621454109
75	194175	536	0.69313721755291235471219124519848
78	201942	557	0.69313711549307355230808980195434
81	209709	579	0.69313705555655846790585883354652
84	217476	599	0.69313672828462158381768176695914
87	225243	620	0.69313660976072366537437119404785
90	233010	642	0.69313529068904711216703162790509
93	240777	664	0.69313520546121276666440280678216
96	248544	684	0.69313516579118406024662135678227
99	256311	705	0.69313482985339780473310611341731
102	264078	727	0.69313471525315772936437497264706
105	271845	749	0.69313341381508486449547490337864
108	279612	769	0.69313330886956692200584484453429
111	287379	790	0.69313325240971490615038419491611
114	295146	812	0.69313293393626584926181521950639
117	302913	832	0.69313282144072085877439803880407
120	310680	853	0.6931315343187588462470216654765
123	318447	875	0.69313146138060999223995395368547
126	326214	897	0.69313140656498595237877680119709
129	333981	918	0.69313112017225109173779173943331
132	341748	938	0.69313102777562485279361226275796
135	349515	960	0.69312974511251834730529708394897
138	357282	982	0.69312965791769320933468634393648
141	365049	1002	0.69312960464147332917406174601638
144	372816	1023	0.69312929447251181436229217069922
147	380583	1045	0.69312919855184540463000075760647
150	388350	1067	0.6931279388943100139286457306298
153	396117	1088	0.69312786132798531735232927530888
156	403884	1108	0.69312780301213672284887934438302
159	411651	1130	0.69312747814239350496734459738946
162	419418	1151	0.69312735831494154403742413705913
165	427185	1171	0.69312609973519745398817804016289
168	434952	1193	0.69312600874578356169308790413197
171	442719	1215	0.69312596479632349044663897075225
174	450486	1236	0.69312566288779442480461057130015
177	458253	1257	0.69312554765257017308499598584604
180	466020	1279	0.69312431557626952294270950005739
183	473787	1300	0.69312422640824933317560407886049
186	481554	1321	0.69312417846074292349101142463041
189	489321	1342	0.69312388065300978290395050862571
192	497088	1364	0.69312377787416623586835839887499
195	504855	1384	0.69312255926765353741814124077791
198	512622	1405	0.69312247182626207653299843514105
201	520389	1427	0.69312242482549435429461937019369
204	528156	1449	0.69312213101941233528435759581043
207	535923	1469	0.69312203011824047305111662353738
210	543690	1490	0.69312082477185144036013753066072
213	551457	1512	0.69312073902992099583286744746147
216	559224	1534	0.69312069351741456557647325098515
219	566991	1554	0.6931203975383186666192614211468
222	574758	1575	0.69312029846948985944976584505639
225	582525	1597	0.69311910627896089476251972882892
228	590292	1619	0.69311902221162347004224102420267
231	598059	1639	0.69311894651363314956427075230749
234	605826	1660	0.69311866059734417166993125647423
237	613593	1682	0.69311855587680126777883060640306
240	621360	1702	0.69311736865202910884420361981029
243	629127	1723	0.69311728810913331155774130820646
246	636894	1744	0.69311725271418922478261492869933
249	644661	1766	0.69311697063464350332395724763046
252	652428	1787	0.69311687520061415757055556241539
255	660195	1808	0.69311570893947505034304867876926
258	667962	1830	0.69311562600569409653417096706107
261	675729	1851	0.69311559448541226746698384886258
264	683496	1872	0.69311531614404331413936688477406
267	691263	1893	0.6931152214503512043464183989272
270	699030	1915	0.69311408711542743521505371973035
273	706797	1936	0.69311400790366661794905667193234
276	714564	1956	0.69311397119255824250672048947308
279	722331	1978	0.69311369281805856878975191648351
282	730098	2000	0.69311360082008466321212836191989
285	737865	2021	0.69311246349036559344369834434474
288	745632	2041	0.69311236482807225822710961438133
291	753399	2063	0.69311232640110254088483543455368
294	761166	2085	0.69311205139773768291178157596732
297	768933	2106	0.69311196736387981065519170442712
300	776700	2126	0.69311083847641663524541399965528
303	784467	2148	0.69311076802289395271117200536537
306	792234	2170	0.69311073095004704924804173060693
309	800001	2191	0.69311045760069411869608302367851
312	807768	2212	0.69311036898203137734952861137572
315	815535	2234	0.69310924603525936316117395108449
318	823302	2254	0.69310917150504192107973722158931
321	831069	2275	0.69310913576169697059015106788138
324	838836	2297	0.69310887204394744376401149565936
327	846603	2319	0.69310877971935502817046881318674
330	854370	2339	0.69310767512949866819838007359067
333	862137	2360	0.69310760210712574203029134878307
336	869904	2382	0.6931075556618440103306966193486
339	877671	2404	0.69310729342504728833773697260767
342	885438	2424	0.69310720812288573178250317141647
345	893205	2445	0.69310609668276623729354923852952
348	900972	2467	0.69310601656077341914397038635798
351	908739	2488	0.69310597885273039775455572453211
354	916506	2508	0.69310571750962912673799110052641
357	924273	2530	0.69310563384728107738652624902898
360	932040	2552	0.69310455319366515158918673478183
363	939807	2573	0.69310447008220676945455807071994
366	947574	2593	0.69310444545270355476418444595765
369	955341	2615	0.69310419229597375334606113028713
372	963108	2637	0.69310409890613744465781564940698
375	970875	2657	0.69310303058040367840675344268675
378	978642	2678	0.69310296197997012246361236975645
381	986409	2700	0.69310293135304379408268005136051
384	994176	2722	0.69310269068035323947185588622233
387	1001943	2742	0.69310261434142528269575223021093
390	1009710	2764	0.69310155237657544713414381476468
393	1017477	2786	0.69310148233902202363765354675706
396	1025244	2806	0.69310144366172099505973847044515
399	1033011	2827	0.69310121466330332218319654202787
402	1040778	2848	0.69310113564206932146305462083546
405	1048545	2868	0.69310008936918010569172565737972
408	1056312	2890	0.69310002354548982950177560269367
411	1064079	2912	0.69309997369916576115400630442309
414	1071846	2933	0.69309972742601855255628606755636
417	1079613	2953	0.69309965186945199366874703628127
420	1087380	2974	0.69309861694195373793547787499847
423	1095147	2994	0.69309853124109610522651792052784
426	1102914	3015	0.69309850739456624335588230678695
429	1110681	3035	0.69309826759319126399105925884214
432	1118448	3057	0.69309819159180996450686507159844
435	1126215	3078	0.69309715099703816942877665496781
438	1133982	3098	0.69309708792270074972918791900156
441	1141749	3120	0.69309706739759613380869041066035
444	1149516	3142	0.69309682810531458851954766942072
447	1157283	3163	0.69309675115353808205753693982842
450	1165050	3183	0.69309573843531402381756834074622
453	1172817	3205	0.69309567667868454687862822538591
456	1180584	3227	0.69309565191929767280498708714731
459	1188351	3247	0.69309541851105493925899736495921
462	1196118	3268	0.6930953283505890683002803598356
465	1203885	3288	0.6930943192895088200700115521613
468	1211652	3309	0.69309419626044022066935212933458
471	1219419	3331	0.69309417266983253114176477538422
474	1227186	3351	0.6930939425653087626599813120265
477	1234953	3372	0.69309387097534258526110306775081
480	1242720	3394	0.69309287553972975803873168842983
483	1250487	3415	0.69309280936377193338415736434399
486	1258254	3436	0.69309278687029018950482850414119
489	1266021	3457	0.69309256707087985027726517728297
492	1273788	3477	0.69309250242881625947433121837093
495	1281555	3498	0.69309152128902051792636029858841
498	1289322	3520	0.69309146344513183901625552607584
501	1297089	3542	0.69309144201920114269910300208721
504	1304856	3562	0.69309121870113588048667452312657
507	1312623	3583	0.6930911498851315410973938924144
510	1320390	3605	0.69309018002795397261905918639968
513	1328157	3625	0.69309012342531828299030394191504
516	1335924	3646	0.69309010305339358026799345680047
519	1343691	3668	0.69308988204238020092162742002984
522	1351458	3690	0.69308981457514795554430975244031
525	1359225	3710	0.69308886018931359362937882906408
528	1366992	3731	0.69308880478327639096391976636369
531	1374759	3753	0.69308878016913733066672875793302
534	1382526	3774	0.69308855910671585132121208516764
537	1390293	3795	0.69308849296385910410123187830322
540	1398060	3816	0.69308753787336829788046088651754
543	1405827	3838	0.69308748369425376978369968128391
546	1413594	3859	0.69308746536903886870106816786574
549	1421361	3879	0.693087250242242935982517337834
552	1429128	3901	0.69308718719321760204366000834852
555	1436895	3923	0.69308623308853833933085297758225
558	1444662	3943	0.69308618010353018057401186524658
561	1452429	3964	0.69308616278462520376990596560063
564	1460196	3986	0.6930859390007920728393742137996
567	1467963	4008	0.69308587548976652303878154270933
570	1475730	4028	0.69308496374735628631214012784767
573	1483497	4049	0.69308491192622878607210168411257
576	1491264	4071	0.69308489246060767108303934946889
579	1499031	4093	0.69308468305355541705381483552628
582	1506798	4113	0.69308457995843142374070566802402
585	1514565	4135	0.69308366430135170954685008837259
588	1522332	4157	0.6930836136498926824955901793146
591	1530099	4177	0.69308361159611198143437604812789
594	1537866	4198	0.69308340503122378706279960169923
597	1545633	4220	0.69308334402773408289277767835301
600	1553400	4242	0.6930824341609074235037724065478
603	1561167	4262	0.69308238462291837933548777073156
606	1568934	4283	0.69308236216429031095742629986489
609	1576701	4304	0.69308215838040421186150297216955
612	1584468	4326	0.69308209861778302673940288514132
615	1592235	4347	0.69308120230951364426630334492074
618	1600002	4369	0.69308115401418668444222248581355
621	1607769	4391	0.69308114052937785931618464019266
624	1615536	4412	0.69308093946246374095210285304347
627	1623303	4433	0.69308087657076788978827153187012
630	1631070	4455	0.69307998569510764763634824703331
633	1638837	4476	0.69307993836099224260749451786978
636	1646604	4497	0.69307992579212385209075364400633
639	1654371	4517	0.69307972742039225533261515010963
642	1662138	4539	0.69307967402768499987075756507693
645	1669905	4561	0.69307879002162853243618201304344
648	1677672	4582	0.69307874775501865372007159749046
651	1685439	4603	0.69307873607478309718743503253791
654	1693206	4625	0.69307854033486748779324670977076
657	1700973	4645	0.6930784841339711066510176351585
660	1708740	4666	0.69307761173098858531460564336157
663	1716507	4688	0.69307756651455809659978513082024
666	1724274	4710	0.69307755571544404915584891568869
669	1732041	4731	0.69307736259128871481038913771044
672	1739808	4751	0.69307731723738286166991429126938
675	1747575	4773	0.6930764538552367515222840665956
678	1755342	4795	0.69307640966003780658155619676108
681	1763109	4816	0.69307639862996117674498464111821
684	1770876	4836	0.69307620806617842301733389831497
687	1778643	4858	0.69307615413917111890640398996766
690	1786410	4880	0.69307529976505788393836837713025
693	1794177	4900	0.69307525658516688782384562728112
696	1801944	4922	0.69307523950970473247679137784871
699	1809711	4944	0.6930750515023728075547637672571
702	1817478	4965	0.69307499825256035919096575526055
705	1825245	4985	0.69307414706034786711086326249642
708	1833012	5007	0.69307409157758848028407783203875
711	1840779	5029	0.69307408433037376305207999394042
714	1848546	5049	0.6930738988646071296884088042134
717	1856313	5070	0.693073848102448653030194236635
720	1864080	5092	0.69307299797104426897220719183679
723	1871847	5114	0.69307298855336896270529223329504
726	1879614	5135	0.69307298113158088970209291801439
729	1887381	5155	0.69307279722009740297039570577908
732	1895148	5177	0.6930727466366715106005358393304
735	1902915	5198	0.69307191844775151157165282711503
738	1910682	5218	0.69307187827688720993535298475763
741	1918449	5240	0.69307185538891458165267067670356
744	1926216	5262	0.6930716748196625864864017785294
747	1933983	5282	0.69307164771737783670602084384882
750	1941750	5303	0.69307082802661357234796923876274
753	1949517	5325	0.69307078076193107118996294957469
756	1957284	5347	0.69307076911807852237501492709271
759	1965051	5367	0.69307057983534769984856893643155
762	1972818	5388	0.69307053140038854532889445181354
765	1980585	5410	0.69306972032667102379122070487938
768	1988352	5432	0.69306968606081353900805197554291
771	1996119	5453	0.69306968101846455621029008398182
774	2003886	5473	0.69306950522897159405744105242775
777	2011653	5495	0.69306945782206719197660049758269
780	2019420	5516	0.6930686550894407105261052493006
783	2027187	5536	0.69306860410206183598091911335359
786	2034954	5558	0.69306858388180825336633006372722
789	2042721	5580	0.69306841050040379759167308293399
792	2050488	5601	0.69306838384898650229359873264912
795	2058255	5621	0.69306758945799806781451479764655
798	2066022	5643	0.69306755303657552325091728562256
801	2073789	5665	0.69306759288385832995516011578729
804	2081556	5686	0.69306742342857252658916422660695
807	2089323	5706	0.69306738987234894899813752999762
810	2097090	5728	0.69306660326093305624084450755618
813	2104857	5749	0.69306656765053320512492973648477
816	2112624	5770	0.69306656480247519347415163792903
819	2120391	5791	0.69306639585078266829754056743695
822	2128158	5813	0.6930663459191003239467931962281
825	2135925	5834	0.69306556742410241334084730624454
828	2143692	5854	0.69306552342627236740213447774295
831	2151459	5876	0.69306550152203294512531783766462
834	2159226	5898	0.69306533162671657422038151707966
837	2166993	5919	0.69306529031646157967827548418427
840	2174760	5940	0.69306451999282259190948707328062
843	2182527	5962	0.69306448616960425468391804315615
846	2190294	5983	0.69306448477180626621674264242756
849	2198061	6004	0.69306432037324872119654628477292
852	2205828	6025	0.69306427788288005320538331943681
855	2213595	6047	0.6930635230333446195061242178781
858	2221362	6067	0.69306349006202294660283769189846
861	2229129	6088	0.69306348387032412627917210556916
864	2236896	6110	0.69306333833406363886808776442194
867	2244663	6131	0.69306328896609081802182572573656
870	2252430	6152	0.69306252829536252324515999134746
873	2260197	6173	0.6930624884396360263494329956302
876	2267964	6195	0.69306248842698225942626777396072
879	2275731	6217	0.69306232454684180144255378763773
882	2283498	6237	0.69306228393579927260503836805583
885	2291265	6258	0.69306153693303540475056934155873
888	2299032	6280	0.69306150565377921957121998275397
891	2306799	6301	0.69306150630924279187894399001379
894	2314566	6321	0.69306134840553268450236146236421
897	2322333	6343	0.69306133117260260156911044759909
900	2330100	6364	0.69306061407871522028756317013176
