0	0	0	0.69314718055895352399886633065762
3	7767	36	0.69314703871142613333944382247864
6	15534	85	0.69314695029031303530331342699355
9	23301	128	0.69314510872645407335568279449944
12	31068	165	0.6931449475290353268164267319662
15	38835	196	0.69314325649738384171882898954209
18	46602	232	0.69314311929031824366376213220065
21	54369	264	0.69314312302653380282180251015234
24	62136	300	0.69314269861386446081041867728345
27	69903	333	0.6931425392751754399611741064291
30	77670	369	0.69314087864481144229955589253223
33	85437	400	0.69314074434589667550454805677873
36	93204	434	0.69314065893169973797682814620202
39	100971	485	0.69314710094143372476338527121698
42	108738	528	0.69314693072521371686178781601484
45	116505	564	0.69314204908697263363137608394027
48	124272	607	0.69314190749109105826875065758941
51	132039	643	0.69313739600093804416047760241781
54	139806	684	0.6931369906287291327018351694278
57	147573	721	0.69313687277364666172729812387843
60	155340	753	0.69313529983643895615585961422767
63	163107	789	0.69312872641846956511813004908618
66	170874	840	0.69312864598347800892952363938093
69	178641	883	0.693128267865418701276780666376
72	186408	919	0.69312813063366518484542666556081
75	194175	951	0.69312575824910171995441032777308
78	201942	988	0.69312564053137026842676959859091
81	209709	1038	0.69312556352189325092894023327972
84	217476	1081	0.69312689116592129945360056808568
87	225243	1118	0.69312505324761031211266981699737
90	233010	1158	0.69312361770002595129369638016215
93	240777	1193	0.69312152962663564625955814335612
96	248544	1225	0.69312044571803543835386562932399
99	256311	1261	0.69312009467198831824674698509625
102	264078	1291	0.69311867215909528372463910272927
105	271845	1327	0.69311529434808194505279743680148
108	279612	1378	0.69311446562025358364422800150351
111	287379	1420	0.69311558440386022983403790931334
114	295146	1457	0.69311386728891366537652629631339
117	302913	1500	0.6931139762008049487462812976446
120	310680	1536	0.69312106421180597060072159365518
123	318447	1576	0.69311349154477519540762386895949
126	326214	1612	0.69311341332316356300680126878433
129	333981	1654	0.6931130929712427946043362680939
132	341748	1689	0.69311297733898713513411848907708
135	349515	1732	0.69311174683394904949551573736244
138	357282	1768	0.69311529688798934056848111140425
141	365049	1800	0.69311521596028957681312476779567
144	372816	1835	0.6931174640261097419369207273121
147	380583	1867	0.69311733568357303258977708537714
150	388350	1899	0.69311777582243205841905364650302
