0	0	0	0.6931471805595997848215006342798
3	1749	29	0.53362266863995078125526561052538
6	3499	59	0.49606633452592796551527953852201
9	5248	88	0.47325492472615154904147516390367
12	6998	117	0.45564448428956444425708127710095
15	8748	147	0.44214913909148101378576711795176
18	10497	176	0.43135764232467449508234835775511
21	12247	209	0.42221262953466798251156433252618
24	13996	244	0.41458870509494771816605407366296
27	15746	277	0.40811805536269962768614050219185
30	17496	311	0.40284777667982696325310598695069
33	19246	344	0.39842011838816848712241380781052
36	20995	378	0.39433687846365966800377123036014
39	22745	412	0.39076961085263012263268933565996
42	24495	446	0.387543482396677574364218799019
45	26244	476	0.38482422253397302602806462346052
48	27994	506	0.38248396928007050155073898167757
51	29743	536	0.38018548018014391987051681098819
54	31493	566	0.37809898613285158885943815221253
57	33243	595	0.37615315036736701737041244086868
60	34993	626	0.37446576718227886360068623616826
63	36742	655	0.37301619497019772309087670691952
66	38492	685	0.37153179439279471196755366690923
69	40241	714	0.37014860057138826432421296885877
72	41991	744	0.36883268612499875427346296419273
75	43741	778	0.36766250869369071496706169455138
78	45490	812	0.36666690477775026879569963966787
81	47240	846	0.36561374274570057618660712250858
84	48989	879	0.36461789830046542615349380866974
87	50739	913	0.36364958224809051934300896391505
90	52489	946	0.36277142581563448509029967681272
93	54239	980	0.36203778685210402654703898406297
96	55988	1014	0.36124876776991643456682368196198
99	57738	1045	0.36049014725844996664960717680515
102	59488	1075	0.35974506170262909865442679802072
105	61237	1105	0.35905788114000974919903796944709
108	62987	1135	0.35849458913445719776547093715635
111	64736	1165	0.35788067377992910378381452574104
114	66486	1195	0.35728374886921671071959849541599
117	68236	1225	0.35668799997927025380306531587848
120	69986	1255	0.35613062727326111334136271580064
123	71735	1285	0.35568502434081078478200765857764
126	73485	1314	0.35519572832080831270573639812937
129	75234	1348	0.35470730342823425518261615252413
132	76984	1382	0.35421966100154500534102908204659
135	78734	1416	0.35375999772220739769679198616359
138	80483	1450	0.35339886451253843535624810101581
141	82233	1485	0.35299811406480130493434899108252
144	83982	1520	0.3525934470844369061914846952277
147	85732	1554	0.35218691215957670381797584013839
150	87482	1588	0.35180031213199081108200516609941
153	89232	1634	0.35150069134394373859819893368694
156	90981	1683	0.35116824431898069347468549494806
159	92731	1729	0.35082635612954876647151536417368
162	94481	1776	0.35048309576781416785351552789507
165	96230	1823	0.3501560339870412597029769585788
168	97980	1870	0.34990491921466226887815764712286
171	99729	1918	0.34962492905476594273750379215926
174	101479	1958	0.34933320390499905672143654555839
177	103229	1998	0.34903990286936598108624707492709
180	104979	2037	0.34875890171273743467494909964444
183	106728	2076	0.34854794862939075805741140356986
186	108478	2116	0.3483101256074874196855262198369
189	110227	2157	0.34805893319574676691985359866521
192	111977	2197	0.34780488408435333846924208955897
195	113727	2232	0.34756116804663633734762129279261
198	115476	2266	0.34737915660826246266879024915397
201	117226	2299	0.34717626174387722359782060266298
204	118975	2333	0.34695753702228149251141076092608
207	120725	2367	0.34673694673053823134267759087379
210	122475	2401	0.34652458529680502108405448780104
213	124225	2435	0.34636746597710127426594794997072
216	125974	2469	0.34619297158811623837948445725488
219	127724	2502	0.34600190167113836769985368846392
222	129474	2532	0.34580877952341143588554928101075
225	131223	2562	0.34562207119145499367718343819433
228	132973	2591	0.3454866352645831750756144629122
231	134722	2621	0.34533600217077364824547203170368
234	136472	2651	0.34516737814953857288458038965473
237	138222	2681	0.34499638697522766461744936350442
240	139972	2714	0.34483304616887217042275892708858
243	141721	2744	0.34471409498682586969309227242775
246	143471	2773	0.3445826949733524768859638243157
249	145220	2807	0.34443225538255206608084790786961
252	146970	2840	0.34428142701107977696750594986952
255	148720	2876	0.34413522280053326918292100344843
258	150469	2910	0.34403147543504958294491302694951
261	152219	2944	0.34391621455450077649018680858717
264	153968	2977	0.34378119289843062089673253467481
267	155718	3012	0.34364712030273258935864078011946
270	157468	3049	0.34351689026775539259617175957828
273	159218	3079	0.34342530089921741165426283259876
276	160967	3109	0.34332374337611420989091470801213
279	162717	3138	0.3432034502072363602032112339657
282	164467	3168	0.34308273382537718410034699445532
285	166216	3198	0.34296598477218726008786120473815
288	167966	3227	0.34288502688611216528968839156732
291	169715	3258	0.34279580225720091002372669208853
294	171465	3288	0.34268595889167818846487989503657
297	173215	3318	0.34257922234183790788364376567188
300	174965	3348	0.34247516930979310378901914191374
303	176714	3383	0.34240350761916305000198690322577
306	178464	3416	0.34232441003465169382380395290966
309	180213	3450	0.34222578793824598442085971328197
312	181963	3484	0.34212784777936972036016527454194
315	183713	3519	0.34203305729741273477628737964551
318	185462	3552	0.34196886168580109544024026035913
321	187212	3586	0.34189853245971713047168805132969
324	188961	3620	0.3418085472738225938371670054039
327	190711	3667	0.3417199056948585500492754363222
330	192461	3715	0.34163390602537635487578882020898
333	194211	3762	0.34157622195023701339167132573493
336	195960	3809	0.34151436091221798463379855093081
339	197710	3856	0.34143286449835014151332757137425
342	199460	3903	0.34135286815517373870676465230645
345	201209	3950	0.34127508978860798816157284818473
348	202959	3990	0.34122316120895440638705053970625
351	204708	4028	0.34116771454647859540543208822783
354	206458	4068	0.34109340945858096505460821390443
357	208208	4107	0.34102029932884986296315332765516
360	209958	4147	0.34094882603210596716536429084954
363	211707	4186	0.34090359781396145644194461965526
366	213457	4225	0.34085408740011691186566622491227
369	215206	4260	0.3407841767973498470212234678911
372	216956	4294	0.34071720347584893984205223205208
375	218706	4328	0.34065225520164565953251667451696
378	220455	4362	0.34060976882156401845946902540163
381	222205	4396	0.34056546246046914827587670515641
384	223954	4429	0.34050121262688426426734622509684
387	225705	4462	0.34044064090484288387372657780361
390	227454	4496	0.34038095697624792812518990103854
393	229204	4530	0.34034221210279591574021651467774
396	230953	4569	0.34030368509951275379776802765264
399	232703	4609	0.34024479073521174399274968891405
402	234453	4648	0.34018875879607068934973312934744
405	236202	4687	0.34013374526678041842586708298768
408	237952	4726	0.34009930323944176366879332817916
411	239701	4765	0.34006504108563589960922968202794
414	241451	4804	0.34000847195911876319485145359067
417	243201	4843	0.33995655478192410292592740006512
420	244951	4878	0.33990581914673495544931824952073
423	246700	4912	0.33987590394337896526621989323758
426	248450	4946	0.3398440124845473753190105981048
429	250199	4979	0.33979283508141500114163591206307
432	251949	5013	0.33974446761627130619842773739947
435	253699	5047	0.33969855563335182857542804413242
438	255448	5081	0.3396695179845677925456470802601
441	257198	5115	0.33964095354379447710968520368624
444	258947	5149	0.3395933071086174592778661462944
447	260698	5178	0.33954849819291615942162820829253
450	262447	5208	0.33950406684630368703281533271365
453	264197	5238	0.33947849845771460586263401637552
456	265946	5268	0.33945314031414675071118836058304
459	267696	5297	0.33940715915487862375243821588811
462	269446	5327	0.33936576780039273693034829193493
465	271195	5357	0.33932562647551450796257199726824
468	272945	5387	0.33930315471583211150985448512074
471	274694	5417	0.33928007143126520661624567765102
474	276444	5449	0.33923809158119794249230949390039
477	278194	5483	0.33919945155904268618840546878346
480	279944	5517	0.33916199925631446143725611364061
483	281693	5550	0.33914181076515309554153532189957
486	283443	5584	0.33912105093113520393188764501247
489	285192	5618	0.33908077624211624412353671687015
492	286942	5651	0.33904486943421696665268427750561
495	288692	5685	0.33900995243940484913380828402296
498	290441	5719	0.3389902305460902875999806838081
501	292191	5749	0.33897184880757363911740753792401
504	293940	5778	0.33893388388897177643244162936753
507	295691	5808	0.33890121035231612900417985656532
510	297440	5838	0.33886910962831867655253859084041
513	299190	5867	0.33885064428625538690553753440327
516	300939	5898	0.33883376399627884723031456815079
519	302689	5926	0.33879906418788330313418555306271
522	304439	5956	0.33876768336176488194411149379448
525	306188	5986	0.33873746826673084564518489969487
528	307938	6015	0.33872077729684996194592372376064
531	309687	6049	0.3387062083331423001375526382617
534	311437	6083	0.3386718230478785729431479012419
537	313187	6117	0.33864306749745148872321465205459
540	314937	6151	0.33861474444670458527895107181394
543	316686	6185	0.33859943128349123675491227913881
546	318436	6218	0.33858615510328415876273311369005
549	320185	6251	0.33855496799790546491593090649985
552	321935	6285	0.33852694312237496809814274456585
555	323685	6332	0.33850037370824387350509709904145
558	325434	6384	0.33848583249697156150048726885871
561	327184	6431	0.33847376983579818832126306915598
564	328933	6478	0.33844372390432114761082971199357
567	330684	6525	0.33841818715966037744991012914397
570	332433	6572	0.33839303364570438859004752885085
573	334183	6624	0.33838046253145964703534787076933
576	335933	6664	0.33837012953373479806629120503203
579	337683	6703	0.33834214927891115287650336540537
582	339433	6743	0.33831784016015187255277396616293
585	341182	6782	0.33829434625156740157336798802135
588	342932	6821	0.33828236512116655054782654588053
591	344681	6861	0.33827338380303106912805333195138
594	346431	6900	0.33824608990757609738864175596973
597	348181	6939	0.33822305809860064851335437197122
600	349931	6972	0.33820108999316211839669676919584
603	351680	7006	0.33818980783196073147678362147417
606	353430	7039	0.33818212594066004994530771909922
609	355179	7073	0.33815597349842946295339629614318
612	356929	7107	0.33813419009134154658013926564308
615	358679	7140	0.33811331642161096544541010189278
618	360428	7174	0.33810399366110438501564772195707
621	362178	7208	0.33809753044393286991464719903888
624	363927	7242	0.33807158409488080597071757438243
627	365678	7271	0.33805159564725922871630814370292
630	367427	7300	0.33803183672786796254428054453456
633	369177	7330	0.3380221001020349835819445161178
636	370926	7360	0.33801670335210615148113788563933
639	372676	7389	0.33799194124428094676559908293711
642	374426	7419	0.33797316082119616131862471775094
645	376175	7449	0.33795468128380817818268155861006
648	377925	7479	0.33794617949652699939733224709926
651	379674	7508	0.33794153975311153059735147508036
654	381424	7542	0.33791832222857565160012427440961
657	383174	7576	0.3379008477200638460580250921339
660	384924	7609	0.33788310032017998540965209031128
663	386673	7643	0.33787438512316037009242108979379
666	388423	7677	0.33787163932999336735107931417588
669	390172	7711	0.33784800838720513427304581455246
672	391922	7745	0.33783124709627471160544587291952
675	393672	7779	0.33781466639777429916691176003951
678	395421	7813	0.33780668798496488181015706686594
681	397171	7842	0.33780415327343316089780955735478
684	398920	7873	0.33778332487538315076491812760651
687	400671	7902	0.337766536875977962939288090638
690	402420	7935	0.33775144836724407815253812259471
693	404170	7965	0.33774351079682179976870770587993
696	405919	7994	0.33774114970866914164915328910865
699	407669	8024	0.33772140138013673205108489128179
702	409419	8053	0.33770608627950976510234681882139
705	411168	8083	0.33768995200030221814913033995253
708	412918	8116	0.33768348314849466751397244479449
711	414667	8153	0.33768204085830538785373278187762
714	416417	8187	0.33766213533635053289927441255713
717	418167	8221	0.33764762163555017693283843982499
720	419917	8254	0.33763326833855594744093764347781
723	421666	8288	0.33762816227734265828175352908147
726	423416	8322	0.33762720664288947691744624535204
729	425165	8356	0.33760710234198904045044287158817
732	426915	8390	0.33759323099334781481672962399898
735	428665	8437	0.33757943717603128286341984676255
738	430414	8485	0.3375746355143299792800348768651
741	432164	8531	0.33757431601737325488343799406721
744	433913	8579	0.33755471525048735825791368370119
747	435664	8626	0.33754149543716555070815843464516
750	437413	8673	0.3375285096261832484820786248747
753	439163	8721	0.33752386422259933462797221181972
756	440912	8760	0.33752337999282167046999347803649
759	442662	8799	0.33750550909762128126700986285869
762	444412	8839	0.33749255974340847119563591149927
765	446161	8879	0.33748027273710312634591446112609
768	447911	8918	0.33747575141454921876515982148703
771	449660	8957	0.33747600147240736090381574285857
774	451410	8996	0.33745866068787666591788365622051
777	453160	9030	0.33744600369391553051912069349783
780	454910	9064	0.33743426479369631465488055255264
783	456659	9098	0.33743039195329410651069679261127
786	458409	9132	0.33743122046426177185196593200089
789	460158	9165	0.33741365116781646404930938842881
792	461908	9199	0.33740309530558199035965571965789
795	463658	9233	0.33739216044393482984986576411757
798	465407	9268	0.33738847570718183410676260791661
801	467157	9301	0.33738973232356200826487224730954
804	468906	9341	0.33737287540659344209359460364794
807	470657	9381	0.33736164000948815067104646914231
810	472406	9421	0.33735114228086371390702424832853
813	474156	9460	0.33734771833144561181683229733608
816	475905	9501	0.33734952050935085310356953414157
819	477655	9540	0.33733306515158928418074424371298
822	479405	9579	0.33732234313607745157526096591027
825	481154	9614	0.33731223248085479005098363813886
828	482904	9647	0.33730971408760501706325385384844
831	484653	9681	0.33731202559991191325394765954115
834	486403	9714	0.33729545168519020625907955945877
837	488153	9748	0.33728501900144025604788566852221
840	489903	9782	0.33727430584707962513135726112523
843	491652	9816	0.33727227656713693049184144001629
846	493402	9850	0.3372750659605600609403097678296
849	495151	9884	0.33725806496408960999389137214166
852	496901	9913	0.33724938446941782332899606444698
855	498651	9943	0.33723934439624597692031215956376
858	500400	9972	0.3372378583612211100373201588809
861	502150	10002	0.33724079621564606590311541367555
864	503900	10032	0.33722340179453846875645695035928
867	505650	10062	0.33721537124298250898135620445828
870	507399	10091	0.33720665517315456805036433252099
873	509149	10121	0.33720367577905813183392069731781
876	510898	10150	0.33720886085644763419111313851317
879	512648	10180	0.33719432381866815129356496072432
882	514398	10213	0.33718435334445528983593476368696
885	516147	10247	0.33717548126557472798481285281014
888	517897	10280	0.33717293970647366219139939857996
891	519646	10314	0.33717660406033017617133396015561
894	521396	10348	0.33716203744679079656876297121926
897	523146	10381	0.33715342422785843368160385580268
900	524896	10414	0.33714528508702806819385955350299
