0	0	0	0.6931471805595997848215006342798
3	2339	169	0.53310416850697095458855301330914
6	4679	318	0.49534323094604354453807104619045
9	7019	466	0.47275740698721657739866941483342
12	9360	614	0.45524760832272287425226409141032
15	11700	764	0.44183038620790965333995359287655
18	14040	914	0.43114904134809078906087620453036
21	16380	1063	0.42207219709615051428386323095765
24	18720	1213	0.41452625793889813499148999653698
27	21060	1383	0.40805602176005051351381780477823
30	23400	1554	0.40282083051770878334707504109247
33	25740	1726	0.39839528190928752415800317976391
36	28086	1897	0.39430520162453569499305672252376
39	30426	2068	0.39072805279816463785991231816297
42	32766	2239	0.38751455946780938299767171884014
45	35106	2409	0.38479563208196743140376838709926
48	37446	2648	0.38245685686279512482954601182428
51	39786	2885	0.38016526230677022413217969187826
54	42126	3122	0.37808601491159504748296171783295
57	44466	3359	0.37614614462547368844980155699886
60	46806	3595	0.37445735420209552701820143738587
63	49146	3793	0.37301032631386227267356048287184
66	51486	3991	0.37152576396422554161347306944663
69	53826	4191	0.37014539382940253586795620321936
72	56167	4388	0.36882770097760403382736171806755
75	58507	4586	0.36765518293374954694741063576657
78	60847	4785	0.36666041027741025359887316881213
81	63187	4955	0.36561041581544784229151900944998
84	65527	5125	0.36461285543759247573802895203698
87	67867	5296	0.36364524131924547134531167102978
90	70207	5468	0.36276910618801216923401398162241
93	72547	5636	0.36203760712312038627658239420271
96	74887	5806	0.36124999297518273211338168948714
99	77227	5978	0.36049057429843373023814478983695
102	79573	6175	0.35974641476795327088566978090967
105	81913	6373	0.35905900631627540864343473003828
108	84253	6572	0.35849680948928808188469474771409
111	86593	6769	0.35788595862671290781520383461611
114	88933	6967	0.35728681476729085009225173052982
117	91273	7165	0.35669100320070867837785044685006
120	93613	7334	0.35613456166759521748232941718015
123	95953	7506	0.35568925640673709764882914896589
126	98293	7680	0.35519995404139897976492079578748
129	100633	7852	0.35471108897181957697597454171046
132	102974	8021	0.35422299780574639793684355026926
135	105314	8191	0.35376416493474732716251196507073
138	107654	8369	0.3534016143869604942295836735866
141	109993	8572	0.35300212891848048446519214849104
144	112333	8771	0.35259807600218373568878860169207
147	114674	8968	0.3521926096616591617127767221973
150	117014	9167	0.35180567768935827599463550541259
153	119354	9365	0.35150651086318696059151989175007
156	121694	9552	0.35117333524950083978310999555106
159	124034	9722	0.35083117549554743153095159868826
162	126374	9893	0.35048826853126163749507782085857
165	128714	10064	0.35016099556326196751143697838415
168	131054	10235	0.34991028741918406286259823900764
171	133394	10405	0.3496305037925139802545970724168
174	135734	10575	0.34933905940113829657889255031478
177	138074	10774	0.34904587599418568366616000275826
180	140414	10973	0.34876472827345800231668704327603
183	142754	11176	0.34855277197598732996652870497201
186	145094	11375	0.34831587586624523922296248201746
189	147434	11572	0.34806438466030292788744304743886
192	149775	11770	0.34781037444449003359636662935372
195	152115	11941	0.34756678946247876460518000385491
198	154455	12112	0.34738468860544713390225979310344
201	156794	12282	0.3471819615776712275589943601517
204	159134	12452	0.3469635574561649726810230731644
207	161475	12622	0.34674281648354088325447719398653
210	163815	12793	0.34653023015618045210572972791851
213	166155	12967	0.34637370221895091848551828661584
216	168495	13167	0.3461993025302340654114630069671
219	170835	13365	0.34600681364630897496326156215218
222	173175	13564	0.34581363444486767910746038978687
225	175515	13765	0.34562725342272948569899426729535
228	177855	13964	0.3454913849466102471197359591315
231	180195	14168	0.34534116700899880614272774437268
234	182535	14340	0.34517164445867004607393369042256
237	184875	14523	0.34500127969509442049655945083941
240	187215	14702	0.34483749269644159429759611157351
243	189555	14882	0.34471903847434898215951193378714
246	191895	15058	0.34458719362753092996243253764987
249	194235	15246	0.34443607849665824893747867463389
252	196576	15403	0.34428521571701209413873812081874
255	198916	15556	0.3441391051159558012173533825262
258	201256	15707	0.34403612820851997566862223720818
261	203595	15858	0.34392101766279131735970508998435
264	205935	16009	0.34378543517261284101493856724119
267	208276	16160	0.34365099025780515562544792373956
270	210616	16310	0.34352062511547759582342109752062
273	212956	16465	0.34342914486819070551959498516226
276	215296	16635	0.34332795697101170517839818785433
279	217636	16806	0.34320685468023248709812378365314
282	219976	16976	0.34308660537862445405465905423625
285	222316	17148	0.34296993659527524878072313185839
288	224656	17319	0.34288871837706164091841287699935
291	226996	17492	0.34279944255534705588317478941462
294	229336	17642	0.34269137541014199621614011448401
297	231676	17793	0.3425830011935090402275250198727
300	234016	17945	0.34247888838966639157845861518581
303	236356	18096	0.34240703312157816373684227073682
306	238696	18248	0.34232827723566966460211347111908
309	241036	18399	0.34222855116253891871735959284706
312	243377	18550	0.34213124516327525492798145023698
315	245717	18702	0.34203650207927516202488504859502
318	248057	18885	0.34197253462558624415024155496212
321	250397	19058	0.34190246722237221943530016687873
324	252736	19229	0.34181231725723365544311604935501
327	255077	19399	0.34172387928857195227294596406864
330	257417	19575	0.34163809627209179575757502789202
333	259757	19750	0.3415803678511252772231898688915
336	262097	19900	0.34151788774997571263014606302022
339	264437	20050	0.34143500718049013542554348532576
342	266777	20200	0.34135588305761210836664076850866
345	269117	20351	0.34127783842675379899489485069353
348	271457	20502	0.34122651170359319383607044073869
351	273797	20653	0.34117087017424696515632831506082
354	276137	20804	0.34109495477929174800379996668198
357	278477	20967	0.34102268880548752827408520715835
360	280817	21139	0.34095157090498201535311295629072
363	283157	21309	0.34090627284835856025679845515697
366	285497	21480	0.34085679468961549432037827500608
369	287837	21651	0.34078670132247107504852579040744
372	290178	21823	0.34071965119693081724960848077899
375	292524	21994	0.34065463879500934574195980530931
378	294863	22233	0.34061271411331978109515716823807
381	297203	22472	0.34056836452277439164504357904661
384	299543	22710	0.34050385408204408843602095657843
387	301884	22947	0.34044329162596032034571180702187
390	304224	23193	0.34038356721896118051162716255931
393	306564	23399	0.34034441117950270383474276059133
396	308904	23598	0.34030567161944980103527313985978
399	311244	23797	0.34024573098280735949927588990249
402	313584	23997	0.34019039447868848480283077151398
405	315924	24196	0.34013559182004382552833021691185
408	318264	24396	0.34010122217908250741302822461876
411	320604	24567	0.34006651947817045922306533611845
414	322944	24738	0.34001021266135117437912072091422
417	325284	24914	0.33995796470715039516719002676837
420	327624	25089	0.33990726604765930662921391558484
423	329964	25262	0.33987714159306614547517710889224
426	332304	25433	0.33984494749960364456953243461612
429	334644	25606	0.33979344762194269025101789338805
432	336985	25808	0.33974511681407359997564299192163
435	339325	26008	0.33969928607134375342369025929656
438	341664	26206	0.33967071854716240908445001878135
441	344004	26406	0.33964197467938600505377166882681
444	346344	26606	0.33959357840157861074814604762651
447	348685	26796	0.33954913958125015893685372248001
450	351025	26968	0.33950488562285396909601331572048
453	353365	27139	0.33947894856561688925467024091631
456	355705	27309	0.33945329801341650455270837483113
459	358045	27480	0.33940771553334303511917369178263
462	360385	27652	0.33936666974700929744201971516304
465	362725	27823	0.33932655352207707899481192725943
468	365065	27974	0.33930380739279758506299344844592
471	367405	28124	0.33928061864670566727397726936033
474	369745	28274	0.33923836425941267247452515221084
477	372085	28425	0.33920092483506264491310844277905
480	374425	28575	0.33916355492266020421610051016614
483	376765	28727	0.33914193486944987920850280715968
486	379105	28877	0.33912117674196889938187382540491
489	381445	29027	0.33908101419936170772828631925222
492	383786	29201	0.33904531340167409769748019243707
495	386126	29372	0.33901047619956353740278132136154
498	388465	29543	0.33899094990783690262148297733802
501	390805	29715	0.33897254270616622440215337519476
504	393145	29887	0.33893547444342697616548321093433
507	395486	30060	0.33890210644113943905253449884185
510	397826	30300	0.33886960096340984494034387353167
513	400166	30538	0.33885148519238650344220786791993
516	402506	30776	0.33883505317233536535681537316123
519	404846	31019	0.33879925730258703131525521712319
522	407186	31258	0.33876799453593053890188002696959
525	409526	31463	0.33873769611144644020583882593201
528	411866	31663	0.3387208085932201795387186393782
531	414206	31867	0.33870593813816007866535073844716
534	416546	32067	0.33867243112610861954792085271038
537	418886	32268	0.33864321190499258040773611355689
540	421226	32468	0.33861479664156773905503428068187
543	423566	32639	0.33859947555384023454294606381154
546	425906	32810	0.33858629696052011670559522826807
549	428246	32983	0.33855478813299166862549327561283
552	430587	33155	0.33852709882776271799187384203833
555	432927	33325	0.33850047312075959293764526591985
558	435266	33497	0.3384861560513472977795856877492
561	437606	33668	0.33847467868033753735090840564226
564	439946	33868	0.33844397764047434717937790082942
567	442287	34067	0.33841825612652631782850676245289
570	444627	34268	0.33839334505755785942326951953874
573	446967	34472	0.33838073520721706488600943885103
576	449307	34672	0.33837064243753228742761507419345
579	451647	34871	0.33834201267277769220598315769166
582	453987	35041	0.33831799198214118629124413928366
585	456327	35212	0.33829445622682047245532999113493
588	458667	35384	0.33828274223176935109336227469612
591	461007	35556	0.33827364606030546623216537227563
594	463347	35727	0.33824612290304956196962393732974
597	465687	35899	0.33822319542673023873291526797402
600	468027	36081	0.33820102479900449043981325303321
603	470367	36279	0.33819004448679501617647247257992
606	472707	36478	0.33818227551772345185199242223462
609	475047	36677	0.3381558705743832327073050691979
612	477388	36877	0.33813427114955352248415465510334
615	479728	37081	0.33811333933525572481570975469367
618	482067	37262	0.33810440775440619987080026476178
621	484407	37432	0.33809778128067519142874175486213
624	486747	37602	0.33807210126028985897050915809814
627	489088	37773	0.33805183682116995980138085542421
630	491428	37949	0.33803219236296233596306137769716
633	493768	38121	0.33802279614316460554235277413682
636	496108	38293	0.33801699565698006821889975981321
639	498448	38493	0.33799289894829126490449766606616
642	500788	38693	0.33797363451807810319493796669121
645	503128	38893	0.33795504511030083349965025263373
648	505468	39092	0.33794627051692566199747602695425
651	507808	39292	0.33794135059859259362369243717694
654	510148	39490	0.33791840944777434829759954482142
657	512488	39661	0.33790097495501836277753682225011
660	514834	39832	0.33788335356643356410799583500193
663	517174	40003	0.33787411083140173051475585452863
666	519514	40173	0.33787096019145318459564464319556
669	521854	40344	0.33784897877529213028324761580734
672	524195	40516	0.33783158432537091497849246479745
675	526534	40686	0.33781494962785435509644571538956
678	528874	40884	0.33780667909845585317185623352998
681	531214	41084	0.33780457347102615939249403709255
684	533554	41284	0.33778310996151861278491423945525
687	535895	41489	0.3377664288643812962043000425183
690	538235	41689	0.33775159536089460754482161064516
693	540575	41888	0.337743517488676758819821088764
696	542915	42058	0.3377410646366866830980768554582
699	545255	42230	0.33772040441330480886605869272898
702	547595	42401	0.3377058236129554247284545454022
705	549935	42574	0.33768985693143055426546084163419
708	552275	42745	0.33768352654707189941518663545139
711	554615	42917	0.33768160453215967375939499106607
714	556955	43075	0.33766283844944056102832519172807
717	559295	43226	0.33764791731326165846738263098814
720	561635	43377	0.33763365171559145405666413353174
723	563975	43526	0.33762773739416301888027760469413
726	566315	43676	0.33762658400724504526024816186691
729	568655	43825	0.33760719956794621454676530447614
732	570996	43975	0.33759301399283503375414738911786
735	573335	44126	0.33757941507656896718003736168612
738	575675	44297	0.33757424694675258747267321268737
741	578015	44469	0.33757357284028211008575226514949
744	580355	44640	0.33755485324091499821363981936884
747	582696	44811	0.33754130830331957602297165976779
750	585036	44983	0.33752827441273197672799710744584
753	587376	45154	0.33752368604021898423894754159846
756	589716	45341	0.33752371814762149870858820577268
759	592056	45580	0.33750530876362411225599657882412
762	594396	45824	0.33749244681339030105249321422889
765	596736	46063	0.3374801900634666340650369420473
768	599076	46301	0.33747579776735192602643564896425
771	601416	46537	0.33747642228808000242068487750657
774	603756	46735	0.33745830801091719619577702360402
777	606096	46933	0.33744613075566132209814895759337
780	608436	47131	0.33743444911848091694039908361447
783	610776	47330	0.3374306294089094993005062406155
786	613116	47528	0.33743185125033592353105404981761
789	615456	47727	0.33741381710712559094389462188701
792	617797	47898	0.33740329816067426982328925078036
795	620136	48069	0.33739213756530184173954012294416
798	622476	48241	0.33738854017515751415601243934361
801	624816	48413	0.33738990290108922254219692149491
804	627156	48584	0.337373105142809104339818304652
807	629497	48754	0.33736183065335340058865654100373
810	631837	48947	0.33735114736194438123106920102146
813	634177	49148	0.3373475194067319105073465834721
816	636517	49352	0.33734957711671897939709197089542
819	638857	49552	0.33733334287597682710213575774105
822	641197	49752	0.33732247681082144774578068791016
825	643537	49952	0.337312230931557710533752469928
828	645877	50123	0.33730893990501698009865094718407
831	648217	50293	0.33731133671428520370838555209048
834	650557	50465	0.3372959779116667111686922453373
837	652897	50636	0.33728523301041768434060941217467
840	655237	50807	0.33727431012229652784739641901979
843	657577	50979	0.33727220027738330498934260504029
846	659917	51150	0.33727471006661524643988059324329
849	662257	51299	0.33725836437819889379596816070261
852	664598	51450	0.33724859760324632507177966544987
855	666937	51601	0.33723926608522308834281488998386
858	669277	51753	0.33723646049308680927580894604034
861	671623	51907	0.33724021883255422826763947341533
864	673963	52058	0.33722424637570164174249498501013
867	676304	52209	0.33721587484275339363648527069017
870	678644	52378	0.33720594565674283371592423463881
873	680984	52549	0.33720349587266368329707688644703
876	683324	52721	0.33720867639662555070856342354091
879	685663	52890	0.33719316127823223405712838030013
882	688004	53061	0.33718385817597840148351906464086
885	690344	53232	0.33717520611637713523478510069253
888	692684	53403	0.33717307651378963795352206034295
891	695024	53646	0.33717707875003205542085993329238
894	697364	53886	0.33716240750503234657742268609582
897	699704	54126	0.33715340898112289291788101763814
900	702050	54366	0.33714512286803755003461446904112
