0	0	0	0.6931471805595997848215006342798
3	8748	149	0.53399031562886001278656067370321
6	17502	302	0.49578771739566701581836127843417
9	26250	472	0.47287803898983110650888761483657
12	34998	713	0.45565157515262050269555516024411
15	43747	950	0.44200927204324286234893293112691
18	52495	1148	0.43098395395827493459250945306849
21	61243	1316	0.42194970109489637888344759630854
24	69991	1484	0.41447064066973943186056317244947
27	78740	1634	0.40816635665447370540093174895446
30	87488	1783	0.40280409390045057715923348951037
33	96236	1962	0.39819385203241697279707977941143
36	104984	2133	0.39418215674166967588121224252973
39	113733	2286	0.39066575421574190052353969804244
42	122481	2442	0.38755120750993787837046511413064
45	131229	2611	0.38477603629942713769906958987121
48	139977	2761	0.3822905998536560989720101133571
51	148726	2911	0.38004639290510383586862985794141
54	157474	3082	0.37800951524519305069205188374326
57	166222	3251	0.37614986295764596402335655511706
60	174970	3489	0.37444523772768995018012105902017
63	183719	3699	0.37287537787903002328704360479605
66	192473	3905	0.37142264934039576074198407695803
69	201221	4078	0.37007412825634450337375369599613
72	209969	4236	0.36881918793144463641908714635065
75	218718	4386	0.36764789362452160448313520646479
78	227466	4555	0.36654974887943497785514068709745
81	236214	4729	0.3655191111036668050182640854473
84	244962	4968	0.3645487790579003406499225548032
87	253711	5204	0.36363322572075684746550905401818
90	262459	5403	0.36276828511626274531565172765113
93	271207	5574	0.36194953450882133560995157495199
96	279955	5745	0.36117441250286597131946564331884
99	288704	5893	0.36043639222785650577662863724981
102	297452	6043	0.35973425787599699887664428388234
105	306200	6214	0.35906640329515920884162483162072
108	314948	6383	0.35842786138832333220349823932338
111	323697	6620	0.35781875415430108855474600204616
114	332445	6826	0.35723746538053668952983343842789
117	341193	7024	0.35667972251547397366522318407078
120	349941	7198	0.35614504727300838604620025762415
123	358690	7349	0.35563285790958998333621821075212
126	367438	7498	0.35514072324292533799905413616216
129	376186	7672	0.35466773951169727752130711451173
132	384934	7846	0.35421267272968642858543830698181
135	393683	7998	0.35377631185982716388593871670309
138	402431	8162	0.35335495231559732598469736331026
141	411179	8343	0.35295108330442986899200263906096
144	419927	8492	0.35255986993500598725148620360414
147	428676	8641	0.35218351070105369249318982838304
150	437424	8819	0.35181930752249673810538865836861
153	446172	8990	0.35146783991528368629175815840426
156	454920	9141	0.35112813254291680431506961213017
159	463669	9291	0.35079963798897684235100769001292
162	472417	9461	0.35048289392541476239273379178485
165	481165	9631	0.35017552487085318313475568174908
168	489913	9869	0.34987794013967538075959851084917
171	498662	10068	0.34958990858478977692413991462672
174	507410	10268	0.34931178535647733340852028049994
177	516158	10438	0.34904150280691076391192950723052
180	524906	10592	0.34877937291125871155372806242667
183	533655	10744	0.34852604086060501309418668824947
186	542403	10915	0.34827927003657022098082052252721
189	551151	11093	0.34803982553772283559112565853866
192	559899	11331	0.34780733131989605144696042771102
195	568648	11530	0.34758151700225659030962788165198
198	577396	11728	0.34736225132903614243318202170485
201	586144	11898	0.34714920990944597711802543926751
204	594892	12071	0.34694189510127326769861610955559
207	603641	12220	0.34674053168673424352164147421718
210	612389	12371	0.34654461844594069974689887203567
213	621137	12557	0.34635395879115277173454501280503
216	629885	12707	0.3461684827936066799480840927572
219	638634	12857	0.34598803629115038038577267798246
222	647382	13030	0.34581224424014611606992275483208
225	656130	13201	0.34564109314639684944481246020587
228	664878	13356	0.3454744104349790623231797326298
231	673627	13508	0.34531201363401259341046056761115
234	682375	13680	0.34515467218461048926059220320894
237	691123	13853	0.34500037463281318927954544051317
240	699877	14092	0.34485090766236287107560087861202
243	708626	14292	0.34470429691020548768065623335133
246	717380	14492	0.34456124216182343333869653179136
249	726134	14663	0.34442165060085705441395020898199
252	734882	14813	0.34428538940663316880730349112127
255	743630	14963	0.34415242525129746686829435020627
258	752379	15134	0.3440236116723008885642798304616
261	761127	15306	0.34389696380809747777718143879611
264	769875	15546	0.34377218753927440975104445897159
267	778629	15746	0.34365132411025334224774496760801
270	787378	15946	0.3435332371588700195452759089676
273	796126	16117	0.34341782726571723483033338197856
276	804874	16293	0.34330509590854119128522370374412
279	813628	16495	0.34319487073200788396221128095931
282	822377	16668	0.34308710494058547446627471799729
285	831125	16838	0.3429817609729093330628302283003
288	839873	16988	0.34287873755704356693030376845854
291	848621	17140	0.3427779630022401158306877277937
294	857370	17317	0.34268032367842171659333416755544
297	866118	17488	0.34258381534654830380404177958553
300	874866	17638	0.34249038843177592728039826397435
303	883620	17788	0.34239796316414045085352313435578
306	892368	17958	0.34230752024874339101145892527711
309	901117	18196	0.34221893278748638511643775927951
312	909865	18435	0.34213220391364829175984141329536
315	918613	18633	0.34204727298537829227598194847815
318	927361	18803	0.34196408311418441394735623362067
321	936110	18977	0.34188259011191940439644554317056
324	944858	19129	0.34180273954869966335223807618604
327	953606	19284	0.34172446625874031145286835453589
330	962354	19456	0.34164777309697524909637422751985
333	971103	19604	0.34157263943070753642317072262813
336	979851	19754	0.34149897154249392317026945420366
339	988599	19926	0.34142671381880168590683410911879
342	997347	20098	0.34135687755056626224714477757516
345	1006096	20250	0.34128741101813903080497425435169
348	1014844	20401	0.34121928253330818803235047198541
351	1023592	20573	0.34115245581639858096778539220395
354	1032346	20744	0.34108691903740251394339111357112
357	1041095	20987	0.34102359282870253753827682885458
360	1049843	21186	0.34096047340379342927008110564202
363	1058591	21384	0.34089853433415184813526366269798
366	1067339	21556	0.34083874100544919727440174028743
369	1076088	21717	0.34077906913415390022237261291593
372	1084836	21870	0.34072048927147630115186416333017
375	1093590	22048	0.3406629910716880149657015408593
378	1102338	22222	0.34060651957401100187183828893467
381	1111087	22381	0.34055105883940262057052450472838
384	1119841	22534	0.34049660325538072536133427092864
387	1128589	22706	0.34044410125313739889918451808626
390	1137337	22878	0.34039156259147579364210400854063
393	1146085	23116	0.34033992947982877330659334802476
396	1154834	23317	0.34028920405214002631311132063274
399	1163582	23518	0.34023935685182626897926638775971
402	1172330	23689	0.34019137467553811626785886801372
405	1181078	23855	0.34014323807220542272844454601
408	1189833	24004	0.34009591860943749752621556581289
411	1198581	24190	0.34004942148343286767442350537749
414	1207335	24361	0.34000370134982432768211424445326
417	1216083	24601	0.33995875071316161708523395645898
420	1224832	24803	0.3399155526641743363391867660539
423	1233580	25002	0.33987208586673267607380921617732
426	1242328	25172	0.33982933441276491626226174957992
429	1251076	25342	0.33978729653214256867244102977565
432	1259825	25563	0.33974595665928736254457476206881
435	1268573	25735	0.33970528938710131683365034405142
438	1277321	25905	0.3396662920113645012243352994119
441	1286069	26103	0.33962693518449171836692812576075
444	1294818	26302	0.33958820898310920766149934024725
447	1303566	26477	0.339550112793620850748510520134
450	1312314	26628	0.33951161715909000671231865453592
453	1321062	26779	0.33947471454935262968888309842441
456	1329811	26951	0.3394383969625847097262294482789
459	1338559	27127	0.33940264299445721540848808217561
462	1347307	27365	0.33936744600296703255892794004467
465	1356055	27565	0.33933279247144448875772582141508
468	1364804	27766	0.33929868666338058869058613709058
471	1373552	27944	0.33926608862282559009315718867583
474	1382300	28100	0.33923301784421494575738620369521
477	1391048	28254	0.33920145531042522613063283642987
480	1399797	28425	0.33916938535786328445809090226248
483	1408545	28596	0.33913780467916104788272946279903
486	1417293	28836	0.33910669339742016692440529368469
489	1426041	29052	0.33907604966660997991567683129688
492	1434790	29251	0.33904585909847545499573584493191
495	1443538	29422	0.33901612324202290427166417430271
498	1452286	29602	0.33898682462397888848215643520234
501	1461034	29820	0.33895795904789183250471751307487
504	1469783	29991	0.33893051508101951219131819925678
507	1478531	30170	0.33890248406452488927342869828863
510	1487279	30323	0.33887486701923241749767612418509
513	1496027	30474	0.33884765055744686668148801800271
516	1504776	30645	0.33882081973627564686069035815308
519	1513524	30818	0.33879437584691479701248795208812
522	1522272	30975	0.33876830931235185628835893112409
525	1531020	31145	0.33874261990383491838230156645295
528	1539769	31318	0.33871728763803432560308692700346
531	1548517	31469	0.33869231479356831648885872709798
534	1557271	31621	0.33866769787749939624177386576775
537	1566019	31793	0.33864342016998227880009153523133
540	1574768	31963	0.33861948347799181169293092352746
543	1583516	32202	0.33859587711864519432580777902331
546	1592264	32402	0.33857260511799830426937774063845
549	1601018	32602	0.33854964941091802987926939749741
552	1609766	32772	0.33852701193610384988730288569059
555	1618515	32964	0.33850468629182206559136147916433
558	1627263	33164	0.33848265877705097093297581523075
561	1636011	33337	0.33846093298266494153736516636855
564	1644759	33508	0.33843950387250437694675042621384
567	1653508	33707	0.33841836121047008667517275171122
570	1662256	33878	0.33839750568313359257999195506272
573	1671004	34050	0.33837692718717615747436866513453
576	1679752	34249	0.33835662229403445921960269515694
579	1688501	34449	0.33833758750536752080151359223237
582	1697249	34620	0.33831781850638020792132465430768
585	1705997	34798	0.3382983077058559495675638117973
588	1714751	34997	0.33827904851100459859836178111436
591	1723500	35169	0.33826004173537771446689248477924
594	1732248	35340	0.33824128870850034278561224709847
597	1740996	35539	0.33822277779070908376723991750623
600	1749744	35711	0.33820450483219094417464134494367
603	1758493	35883	0.33818646992333056822133130481234
606	1767241	36088	0.33816866463436390244368112689699
609	1775989	36292	0.33815108980375108149729612705414
612	1784737	36467	0.33813373919558670221974239211704
615	1793492	36674	0.33811660961534956149066033503914
618	1802240	36873	0.33810069707754475398786553341779
621	1810988	37044	0.33808399993407628469910264357168
624	1819736	37243	0.33806751256680994677239482371078
627	1828485	37443	0.33805123311520357543003001410398
630	1837233	37613	0.33803515521228294504751943350129
633	1845981	37783	0.33801927812333265599420428770827
636	1854729	37983	0.33800360138156898548444928565004
639	1863478	38155	0.33798811736026557195344821593608
642	1872226	38326	0.33797282661314159701859693996084
645	1880974	38525	0.33795772198152285170635877875611
648	1889722	38724	0.3379428025720071504522934446868
651	1898471	38895	0.33792806431825789248435398803849
654	1907219	39066	0.3379145089551843783581830393814
657	1915967	39263	0.33790012880934933159338129371463
660	1924715	39434	0.33788592576266707201426697793067
663	1933464	39604	0.33787189075483919920017683580227
666	1942212	39754	0.33785802713034235322808740420442
669	1950960	39904	0.33784432940027842029451221605996
672	1959708	40075	0.33783079584494013491990926922881
675	1968457	40246	0.3378174225373486994072891320684
678	1977211	40484	0.33780421087441181438038029227755
681	1985959	40683	0.33779115458275166261614685936365
684	1994707	40881	0.33777825101351305336905284093518
687	2003455	41056	0.33776450174024247319337632688985
690	2012204	41255	0.33775290222666204398294098609767
693	2020952	41453	0.33774044807749092900195364563842
696	2029700	41624	0.33772814166669123947528419193986
699	2038448	41795	0.33771597854971874275165077960992
702	2047197	41946	0.33770395548314097178277393140888
705	2055945	42096	0.33769207287603014711052651364298
708	2064693	42266	0.33768032747752230182669563873787
711	2073441	42437	0.33766871571826595488374778142315
714	2082190	42676	0.33765823838774267073858936782926
717	2090938	42875	0.33764689314565943245582957388251
720	2099686	43074	0.33763567526921378636473036749521
723	2108435	43244	0.33762458577617288080219282164762
726	2117183	43393	0.33761362434839381485573994723381
729	2125931	43543	0.33760278608527677368655872669478
732	2134679	43716	0.33759207029066096161784571449971
735	2143428	43887	0.33758147485566353251940086011018
738	2152176	44126	0.33757100087907182528468297277868
741	2160924	44325	0.33756064274956132376104278591811
744	2169672	44524	0.33755040381673973026721569112851
747	2178421	44695	0.3375402755534643306489783753932
750	2187169	44867	0.33753025899210148397244779516768
753	2195917	45066	0.33752035606821761959395189478528
756	2204665	45237	0.33751056100607668142288275703322
759	2213414	45408	0.33750087288491265047341016725113
762	2222162	45558	0.33749129213967665741336077189771
765	2230910	45708	0.33748181725516246398655084703933
768	2239658	45879	0.3374724452694279341891103740636
771	2248407	46050	0.3374631760436060390340173853474
774	2257155	46286	0.33745400776333622783198507022462
777	2265903	46485	0.3374449377898396384978241258068
780	2274651	46684	0.33743596754159593809063721892016
783	2283400	46855	0.33742709534731479825708788666816
786	2292148	47026	0.33741831832935953450203214742942
789	2300896	47225	0.33740963521514238943055374875257
792	2309644	47396	0.33740104531561115885907042866165
795	2318393	47567	0.33739254699277937410428762632364
798	2327141	47721	0.33738513950522985851421253755689
801	2335895	47872	0.3373768211927032356634015286545
804	2344643	48042	0.33736859148460346391473763105751
807	2353391	48212	0.33736044998599068467370898360969
810	2362140	48362	0.33735239353547730178917163357255
813	2370888	48513	0.33734442285518945192634987506608
816	2379636	48686	0.33733653403924906966082630788151
819	2388384	48862	0.33732872912534628273562020694953
822	2397133	49013	0.33732100646810819766230338245805
825	2405881	49175	0.3373133645181816686609010957909
828	2414629	49346	0.33730580144467670056229735564557
831	2423377	49495	0.33729831685751765490977049921639
834	2432126	49646	0.33729090954261115031798112795514
837	2440874	49817	0.33728357897375027540931569092209
840	2449622	49988	0.33727632452929112716333293064963
843	2458370	50224	0.33726914544937980355854278968764
846	2467119	50423	0.33726203969484275235757309019391
849	2475867	50622	0.33725500698830468415678751625819
852	2484615	50794	0.33724804616097242560002200661984
855	2493363	50964	0.33724115517413977283212034308235
858	2502112	51164	0.33723333514715098102598744844727
861	2510860	51336	0.33722658370310903963584792109032
864	2519608	51507	0.33721990116356703737210409599356
867	2528357	51705	0.33721328678631196096304734055593
870	2537105	51904	0.33720673870494333179692603152944
873	2545853	52077	0.33720025770383926788653639050608
876	2554601	52251	0.33719384073572056248480066642514
879	2563355	52402	0.33718848696940012521494622887985
882	2572104	52556	0.33718219825390810528986662575335
885	2580852	52726	0.33717597234438123621202976210043
888	2589600	52963	0.33716980681699293409536721810582
891	2598348	53201	0.33716370264643480414434861813788
894	2607097	53401	0.33715765974756861655947659528465
897	2615845	53573	0.33715167580048960305205696386111
900	2624593	53745	0.33714575259310236576837382926897
