0	0	1013.8970000000000482032191939652	0.41309565909618467527408824935264
3	19162	2057.8240000000000691215973347425	10.805489695990965870464606268797
6	38325	3158.8690000000001418811734765768	0.16421233898413362117807423601334
9	57488	4246.3689999999996871338225901127	1.0535376352789096454642958633485
12	76651	5349.1689999999998690327629446983	0.086740297471789962191479617104051
15	95814	6460.9780000000000654836185276508	-0.018754808091227592736771612180746
18	114977	7556.0839999999998326529748737812	-0.013616266217362671397950180107728
21	134139	8666.6910000000007130438461899757	0.3053628427189439276112636889593
24	153302	9817.9719999999997526174411177635	-0.041388820293039918496447171492036
27	172465	10940.822000000000116415321826935	-0.044734962426479424335568069182045
30	191628	12063.681000000000494765117764473	1.0000000827403709990903735160828e-10
