0	0	590.00699999999994815880199894309	0.47643423974564591549807346382295
3	11497	1223.2480000000000472937244921923	0.0061442020978323963475986602134071
6	22995	1838.1810000000000400177668780088	6.4094078807808152475899987621233e-05
9	34493	2455.2579999999998108251020312309	5.7449883028581893995578866451979e-07
12	45990	3074.6080000000001746229827404022	9.7828322387361055234578088857234e-09
15	57488	3705.0109999999999672581907361746	1.029139995445405020291218534112e-09
18	68986	4332.4329999999999927240423858166	1.0577755338303518328757490962744e-10
21	80483	4947.0839999999998326529748737812	1.001792260257872158035752363503e-10
24	91981	5564.1599999999998544808477163315	9.9988795021488385827979072928429e-11
27	103479	6182.0860000000002401066012680531	9.9990876689659557996492367237806e-11
30	114977	6800.0219999999999345163814723492	1.0000000827403709990903735160828e-10
