0	0	2584.516000000000076397554948926	0.47643423974566356804416500381194
3	48290	5284.5720000000001164153218269348	0.0012065398496017287754966673674062
6	96580	7985.5919999999996434780769050121	2.334909832579779020989008131437e-05
9	144871	10686.845999999999548890627920628	3.9262061740652498542658577207476e-08
12	193161	13392.617000000000189174897968769	1.5473516912223317376628983765841e-10
15	241451	16091.26900000000023283064365387	1.0038217479468869441916467621922e-10
18	289742	18790.895000000000436557456851006	9.9999036828890552897064480930567e-11
21	338032	21491.324000000000523868948221207	1.0000456018843806305085308849812e-10
24	386322	24209.169999999998253770172595978	9.9997010671870611986378207802773e-11
27	434613	26907.775000000001455191522836685	1.0000822392441932606743648648262e-10
30	482903	29606.389999999999417923390865326	1.0000000827403709990903735160828e-10
