0	0	1069.4069999999999254214344546199	0.47643423974564813594412271413603
3	20695	2197.2590000000000145519152283669	0.0048886348238902366247771169582848
6	41391	3324.3420000000000982254277914762	4.2874613728594024308904408826493e-05
9	62087	4454.3490000000001600710675120354	3.8806906235699933915839210385457e-07
12	82783	5582.4239999999999781721271574497	1.0615329448793175970422453247011e-09
15	103479	6709.6159999999999854480847716331	1.0700307306876766233472153544426e-10
18	124175	7840.7470000000002983142621815205	1.0007153439239857561915414407849e-10
21	144871	8965.9840000000003783497959375381	9.9996566582660761923762038350105e-11
24	165566	10093.072000000000116415321826935	9.9987934598644301331660244613886e-11
27	186262	11220.32899999999972351361066103	9.9985936197199976049887482076883e-11
30	206958	12347.594999999999345163814723492	1.0000000827403709990903735160828e-10
