0	0	571.51900000000000545696821063757	0.45435462743568943988492492280784
3	9964	1166.2229999999999563442543148994	4.1474490657982263641656572872307
6	19929	1790.936999999999898136593401432	0.058986827335369390601371719640156
9	29893	2407.5670000000000072759576141834	0.052618496436131562132842987011827
12	39858	2980.9580000000000836735125631094	0.04234089748336231084913094946387
15	49823	3537.3510000000001127773430198431	5.8218726654225125827224474051036
18	59787	4147.1540000000004511093720793724	-7.7799216220697520185467510600574e-05
21	69752	4762.5190000000002328306436538696	0.001131406376203070163199981834623
24	79717	5377.9669999999996434780769050121	-0.0067072188908183505429150272902916
27	89682	5990.9750000000003637978807091713	-0.0045078959576964894306883024910348
30	99646	6603.9920000000001891748979687691	1.0000000827403709990903735160828e-10
