0	0	0	0.69314718055900481630260401288979
3	94671	407	0.23838951293654056518001027598075
6	189342	817	0.17619901743087104661888986356644
9	284013	1282	0.1447183705814050480586985258924
12	378684	1745	0.12539915589038466703364349541516
15	473355	2152	0.11335685878706232287971289451889
18	568026	2617	0.10421480136340208200174117791903
21	662697	3080	0.097546939142112112919313915426756
24	757368	3544	0.09247875178090464443059204313613
27	852039	3957	0.088482473607317660424520511242008
30	946710	4423	0.085268782583216101711443002386659
33	1041381	4829	0.082628293117541218304467065536301
36	1136052	5235	0.080380497431155120691137483390776
39	1230723	5699	0.078481169579635592925548337461805
42	1325394	6163	0.076855101943478207338067420550942
45	1420065	6569	0.075434271759252310984855682818306
48	1514736	6975	0.074181596867370899750504520397953
51	1609407	7381	0.073075807054461539014056370433536
54	1704078	7788	0.072098470959470320473805315941718
57	1798749	8194	0.071222241024868654379886834249191
60	1893420	8629	0.07043613139305275605561718066383
63	1988091	9035	0.069723614849002593651938752827846
66	2082762	9441	0.069080508701344883748518554966722
69	2177433	9904	0.068496513240505957353931876241404
72	2272104	10368	0.06796178021654178391663947422785
75	2366775	10835	0.067473415940412104219170430496888
78	2461446	11243	0.067023742701113969699733274865139
81	2556117	11650	0.066608583793855619115120703099819
84	2650788	12115	0.066224813346483876741466190196661
87	2745459	12566	0.065872274443893055750898213318578
90	2840130	12973	0.065545101396156782436186460927274
93	2934801	13379	0.065239831628577327204965286000515
96	3029472	13844	0.064957785542195861649972243867524
99	3124143	14265	0.064694099424539894260810513060278
102	3218814	14673	0.064447938094414375376217662960698
105	3313485	15210	0.064217125231057672896106680582307
108	3408156	15616	0.064001831594091104782329182398826
111	3502827	16023	0.063799428141269487468889565207064
114	3597498	16429	0.063609145169811961983974413215037
117	3692169	16836	0.06343005514623761831316528514435
120	3786840	17300	0.06326224792555285025841271817626
123	3881511	17764	0.06310335347653164839165640387364
126	3976182	18226	0.062953371578116923412693495265557
129	4070853	18693	0.062812082378492936629577059193252
132	4165524	19156	0.062678262474537643766936412248469
135	4260195	19620	0.062551253907964232681138128100429
138	4354866	20082	0.062431512113497691918162502133782
141	4449537	20543	0.062317495882468453005653685750076
144	4544208	21007	0.062209172300758328044700817827106
147	4638879	21471	0.062106509598998868582064858401282
150	4733550	21933	0.06200911609922255679494540459018
153	4828221	22398	0.061916238672467364956286672850183
156	4922892	22863	0.061828112106323863950141372924918
159	5017563	23328	0.061744169529809593555125246666648
162	5112234	23792	0.061664133794423738044176985795275
165	5206905	24258	0.061587469560822963310364741573721
168	5301576	24722	0.061514490100872377953411529460936
171	5396247	25185	0.061445176931418307719745541817247
174	5490918	25612	0.061378432536239084515994335333744
177	5585589	26019	0.061314852431846651736879749705622
180	5680260	26426	0.061253732949185984990592146459676
183	5774931	26835	0.061195274322287114554530518262254
186	5869602	27242	0.06113932398964182918232879160314
189	5964273	27647	0.061085531478658347537269435179041
192	6058944	28089	0.061034019623631224904514169793401
195	6153615	28495	0.060984908929265765897831386155303
198	6248286	28902	0.060937478592755167650096836950979
201	6342957	29309	0.06089201905284523375083693963461
204	6437628	29716	0.060848115613448799932072574847552
207	6532299	30123	0.060806117900550675503534847621268
210	6626970	30529	0.060765790854831830403171011312224
213	6721641	30988	0.060726794504084982695424344001367
216	6816312	31394	0.060689324733626710817180338608523
219	6910983	31859	0.060653147313220870384675720288215
222	7005654	32321	0.060618266828602621054677968004398
225	7100325	32786	0.060584829661078969109677672122416
228	7194996	33251	0.060552429638899660235829003340768
231	7289667	33669	0.060521146391821781240771827015124
234	7384338	34082	0.060491054760560145076020432952646
237	7479009	34552	0.060461955643110534830420021989994
240	7573680	35015	0.060433875379309262565463711780467
243	7668351	35479	0.060406713101482212291415407889872
246	7763022	35942	0.060380498785916683623931078273017
249	7857693	36406	0.060355200999098072844883944298999
252	7952364	36869	0.060330742693558807310250102773352
255	8047035	37305	0.060307003685086603417264683457688
258	8141706	37712	0.060284056887515084788287111905447
261	8236377	38121	0.060261754927670017900620536011047
264	8331048	38584	0.06024018968775111254609910815816
267	8425719	39029	0.060219313086683122493436570721315
270	8520390	39444	0.060199071087439555427511805874019
273	8615061	39873	0.060179428086591671420713112183876
276	8709732	40313	0.060160376717100179366770618116789
279	8804403	40905	0.060141946834110331099321200554186
282	8899074	41369	0.06012404141787478645264641841095
285	8993745	41836	0.06010666248737608907681817527191
288	9088416	42303	0.060089843953000265930342038700473
291	9183087	42766	0.06007346379258762802955118331738
294	9277758	43231	0.060057574809717857722279887866534
297	9372429	43695	0.060042123779158143581646811526298
300	9467100	44103	0.060027096291910310432715647266377
303	9561771	44510	0.060012491159145003871699941555562
306	9656442	44915	0.059998276054938452783726887673765
309	9751113	45320	0.059984470910690451672664380566857
312	9845784	45756	0.059971012159870461244448591742184
315	9940455	46162	0.059957935395680346524205361902204
318	10035126	46568	0.059945228520102158964455441036989
321	10129797	46975	0.059932849722453516994047362231868
324	10224468	47382	0.059920779724492480300401808790411
327	10319139	47788	0.059909018117312695661524912793539
330	10413810	48194	0.059897611099224652708716831739366
333	10508481	48604	0.059886453477067169703929039314971
336	10603152	49012	0.059875598980426332496040942032778
339	10697823	49417	0.059865031026926023016709876856112
342	10792494	49824	0.059854747381214122581294390101903
345	10887165	50235	0.05984469662449740101628492539021
348	10981836	50641	0.059834889372260328943564644532671
351	11076507	51047	0.059825322577781579747036033722907
354	11171178	51452	0.059815979661939557010530421621297
357	11265849	51857	0.059806870886830149069979256637453
360	11360520	52264	0.059797986109034015345109480676911
363	11455191	52674	0.059789305376298521044198253093782
366	11549862	53116	0.059780843887798036651037847377665
369	11644533	53523	0.059772572879146168567388031078735
372	11739204	53930	0.059764500853309310279826149781002
375	11833875	54334	0.059756619285321471712890684102604
378	11928546	54741	0.0597489071717417219442580744726
381	12023217	55149	0.05974138067698881587874737419952
384	12117888	55570	0.059734016622630267678850657375733
387	12212559	55975	0.059726824762274283164842358928581
390	12307230	56398	0.059719823869035217056566722249045
393	12401901	56862	0.059712945532620610722407406001366
396	12496572	57325	0.059706251907083736363279768966095
399	12591243	57789	0.059699681398535132947902326350231
402	12685914	58252	0.05969325127132348723923982447559
405	12780585	58713	0.059686971683079362294144232237159
408	12875256	59178	0.059680821494081756628524715324602
411	12969927	59637	0.059674810355172767939446742957443
414	13064598	60067	0.059668928080948292758112216915833
417	13159269	60528	0.059663167485400708800469260495447
420	13253940	60992	0.059657531457769294447324170960201
423	13348611	61455	0.059652035088819485575406531552289
426	13443282	61918	0.059646638950713398719116753454728
429	13537953	62381	0.059641359491267101344824652642274
432	13632624	62787	0.059636181454553405245633257436566
435	13727295	63197	0.059631113935059931741022865026025
438	13821966	63602	0.059626144524594006102180543393843
441	13916637	64008	0.059621277440680547909934716699354
444	14011308	64414	0.059616507773737295594607132898091
447	14105979	64820	0.059611835827175267688016191414135
450	14200650	65226	0.05960727021362562799700057780683
453	14295321	65632	0.059602782877438968689443044013387
456	14389992	66037	0.05959839166690190231934209919018
459	14484663	66499	0.059594080545114218316893328619699
462	14579334	66909	0.059589863853955683803409471011037
465	14674005	67316	0.059585724796406024095229980730437
468	14768676	67723	0.059581672658169208822709350670266
471	14863347	68132	0.059577696036372147780912911230189
474	14958018	68539	0.059573798706794751922632968899052
477	15052689	68945	0.059569975824552701126890497107524
480	15147360	69351	0.059566223287236208516759461417678
483	15242031	69761	0.059562540289542852123272353992434
486	15336702	70167	0.05955892912440836906018404306451
489	15431373	70573	0.059555388466539321834503084573953
492	15526044	71033	0.059551912532106995867842158531857
495	15620715	71497	0.059548508363682917110537573535112
498	15715386	71960	0.059545167214833542856933235043471
501	15810057	72368	0.059541885482674798690805317846753
504	15904728	72776	0.059538664960001347337126276215713
507	15999399	73183	0.059535504618149978628416363335418
510	16094070	73593	0.059532403550346488230182728784712
513	16188741	74057	0.059529360014215756957689507089526
516	16283412	74519	0.059526371571654405900897444325892
519	16378083	74982	0.059523440103009521429111572388138
522	16472754	75399	0.059520561171260283339634611365909
525	16567425	75809	0.059517737024374114951363878844859
528	16662096	76216	0.059514965905304896554017801690861
531	16756767	76622	0.059512242012824984049856880119478
534	16851438	77029	0.059509563422868408388843874945451
537	16946109	77436	0.059506934641096638494150994347365
540	17040780	77842	0.059504351831248240844995933684913
543	17135451	78307	0.059501818316737141445482706103576
546	17230122	78769	0.059499328610372444192666563367311
549	17324793	79232	0.059496882002430140357063237388502
552	17419464	79695	0.059494476724324313332559199807292
555	17514135	80105	0.059492116000121712804382667627578
558	17608806	80512	0.059489794949109310595591892933953
561	17703477	80924	0.059487516938346966799411319470892
564	17798148	81331	0.059485277526325493202552507909786
567	17892819	81794	0.059483076904212818514228189314963
570	17987490	82258	0.059480913845986915777785952741397
573	18082161	82797	0.059478790155551929108579400917733
576	18176832	83204	0.059476701363564393743033065220516
579	18271503	83668	0.059474648955772473069014694146972
582	18366174	84131	0.059472631785659889336326244801967
585	18460845	84580	0.05947065043646149878897588791915
588	18555516	84987	0.059468704090070871604023494683133
591	18650187	85395	0.059466788248498630986560442579503
594	18744858	85801	0.05946490409068125315705799494026
597	18839529	86208	0.059463053689801842471851500704361
600	18934200	86662	0.059461233571441431122739373904551
603	19028871	87126	0.059459444792360628684324552750695
606	19123542	87590	0.059457689410954674136267072981354
609	19218213	88052	0.059455960498051733942315166814296
612	19312884	88460	0.059454259431391501267150090370706
615	19407555	88867	0.059452588370423782582196992052559
618	19502226	89272	0.059450943961777379109800989454016
621	19596897	89679	0.059449326664639451367477818166662
624	19691568	90086	0.059447736439547892162149622663492
627	19786239	90541	0.059446174075311164486379311711062
630	19880910	91003	0.05944463570315469680416242681531
633	19975581	91417	0.059443123217091158039249165767615
636	20070252	91828	0.059441636110736370546270279646706
639	20164923	92236	0.059440173865476626791082281897616
642	20259594	92644	0.059438733651909742006225201294001
645	20354265	93051	0.059437317792988830778000419741147
648	20448936	93513	0.059435924338916978904023835639236
651	20543607	93979	0.059434555486251004763342820069738
654	20638278	94385	0.059433207502830417978678667623171
657	20732949	94795	0.059431882419047288301783282804536
660	20827620	95257	0.059430579188156099079698435616592
663	20922291	95721	0.059429295872809408118886409511106
666	21016962	96184	0.059428033250393204334205421446313
669	21111633	96648	0.059426790131899588642827580997618
672	21206304	97113	0.059425568212606832974032045058266
675	21300975	97519	0.059424364281160081679988849145957
678	21395646	97923	0.05942318144725760448165985394553
681	21490317	98329	0.0594220156144464675684879750861
684	21584988	98775	0.059420868699936235657332872506231
687	21679659	99238	0.059419740918202859636387813679903
690	21774330	99701	0.059418629915813710173910777712081
693	21869001	100163	0.059417538040175542357612670230083
696	21963672	100625	0.059416462923770972659465172682758
699	22058343	101085	0.059415404042027858411145757600025
702	22153014	101545	0.059414361905425309984263293472395
705	22247685	102006	0.059413335628616822936542973820906
708	22342356	102467	0.059412325643894259297184134993586
711	22437027	102927	0.059411332290063775807276158502646
714	22531698	103388	0.059410353867724086107671155332355
717	22626369	103830	0.059409390255546992709589915193646
720	22721040	104234	0.059408441316024629408332202729071
723	22815711	104637	0.059407507778683650567774776618535
726	22910382	105040	0.059406588182996607205854644462306
729	23005053	105443	0.059405682986811314538755368630518
732	23099724	105847	0.059404791993100392044624413756537
735	23194395	106307	0.059403914530366551394191532153854
738	23289066	106768	0.059403051547425013423353590269471
741	23383737	107227	0.059402201408674255855846269014364
744	23478408	107688	0.059401363710920196403719728550641
747	23573079	108138	0.059400541832462579183715689623568
750	23667750	108545	0.059399729632618795960308233361502
753	23762421	108949	0.059398930012393547084315059692017
756	23857092	109353	0.059398142634133975492627399717094
759	23951763	109814	0.05939736675090937639831523142675
762	24046434	110217	0.059396604290708962525791037023737
765	24141105	110621	0.059395852314105379576858467771672
768	24235776	111026	0.05939511168020002868095374992663
771	24330447	111434	0.059394382032382279923421464218336
774	24425118	111838	0.059393663504137460262821690548662
777	24519789	112300	0.059392956489029591349293468738324
780	24614460	112761	0.059392259941638457509949233781299
783	24709131	113221	0.059391573454553980848658056856948
786	24803802	113680	0.059390897289185659579935361307435
789	24898473	114086	0.059390231142149287058007445239127
792	24993144	114492	0.059389575301948181740296917041633
795	25087815	114896	0.059388929209772796380395476489866
798	25182486	115300	0.059388292696177361063014643605129
801	25277157	115703	0.059387665701013343799719024218575
804	25371828	116165	0.059387048143959793311541517368823
807	25466499	116626	0.059386439279255888445963051935905
810	25561170	117087	0.05938583966630246041562557479665
813	25655841	117549	0.059385249079673865790773845674266
816	25750512	117954	0.059384667056351550518122905941709
819	25845183	118413	0.059384095294046125579345840606038
822	25939854	118875	0.059383530308998434821265988148298
825	26034525	119336	0.059382974145175952684905240630542
828	26129196	119797	0.059382426110868045954216398740755
831	26223867	120200	0.059381885773336293143920272541436
834	26318538	120604	0.059381353392986259420727179758615
837	26413209	121008	0.05938082892861465400535792014125
840	26507880	121412	0.059380312633821374923570601822576
843	26602551	121815	0.059379803292973223904915869297838
846	26697222	122218	0.059379301346493558455552630448437
849	26791893	122631	0.059378807581965835360460204128685
852	26886564	123093	0.059378320250433103133502754644724
855	26981235	123552	0.059377840450694462093306214001132
858	27075906	124014	0.059377367408540396298555208431935
861	27170577	124433	0.059376900900846775466224158890327
864	27265248	124837	0.059376441395948713342090030664622
867	27359919	125240	0.059375988233280191375129675179778
870	27454590	125644	0.05937554202010143777901163275601
873	27549261	126052	0.059375101974210350852523276898864
876	27643932	126501	0.059374668489484729028138332296294
879	27738603	126961	0.059374241631345206493541866166197
882	27833274	127420	0.059373820302070542953565279731265
885	27927945	127879	0.059373405350036302652316777539454
888	28022616	128284	0.059372996245588879893340106264077
891	28117287	128688	0.059372593078937933863681308821469
894	28211958	129094	0.05937219572055792149445352379189
897	28306629	129497	0.059371804236349773331582468927081
900	28401300	129900	0.059371418128750082232603091370038
