0	0	0	0.69314718055900481630260401288979
3	95142	817	0.24464008575270113077237965626409
6	190284	1663	0.1790575353430575999968965561493
9	285426	2588	0.14628563284368656383094275952317
12	380568	3511	0.12689544747549780234763261432818
15	475710	4322	0.11382594669218022709333837383383
18	570852	5133	0.10471236857290602828562953163782
21	665994	6055	0.097957773452305829664510383736342
24	761136	6977	0.092772773423661858416267023130786
27	856278	7817	0.088678939348285426569340472724434
30	951420	8628	0.085392278973736773783898001966008
33	1046562	9447	0.082688921821740216100415921118838
36	1141704	10375	0.080426242914204360001662053036853
39	1236846	11304	0.078498403352004739175207248536026
42	1331988	12116	0.076839860110109750590545729664882
45	1427130	12927	0.075404704368480582332701089853799
48	1522272	13787	0.074141233132655470772220951403142
51	1617414	14712	0.073026237188341891481968559673987
54	1712556	15635	0.07204265812443558236743967881921
57	1807698	16444	0.071160539463836700035948013010056
60	1902840	17254	0.070369621362464676583847733581933
63	1997982	18073	0.069656434373764355982849849624472
66	2093124	18998	0.069010699421790208663018972856662
69	2188266	19919	0.068425114264865069535481723050907
72	2283408	20729	0.067891845670157338621386600152618
75	2378550	21538	0.067401497629683615464557533414336
78	2473692	22347	0.066951973543867837612708626693347
81	2568834	23270	0.066538154445578118201254369523667
84	2663976	24190	0.066157314956526186433549696630507
87	2759118	25084	0.065805278821249701959317235377966
90	2854260	25898	0.065479010051363639721699883011752
93	2949402	26705	0.065175430144398707743569332251354
96	3044544	27559	0.064893805745447896704547474655556
99	3139686	28480	0.064631549023087611627325088647922
102	3234828	29402	0.064386554191889239229240615713934
105	3329970	30216	0.064157978845681945534451529056241
108	3425112	31025	0.063943151870672926273542202579847
111	3520254	31833	0.063742020663168405536502802988252
114	3615396	32735	0.063552957431415008082709050540871
117	3710538	33656	0.063375704958818349088467414276238
120	3805680	34577	0.063208280483733808585711244631966
123	3900822	35387	0.063050714112382388876199001970235
126	3995964	36195	0.062902175953683081566225610004039
129	4091106	37068	0.062761860477720241013877000568755
132	4186248	37992	0.062629078801183041269595719313656
135	4281390	38913	0.062503542343856577367944282741519
138	4376532	39725	0.062384311687454868655677842070872
141	4471674	40534	0.062271789263508195433338698876469
144	4566816	41343	0.062164793889880165522754396079108
147	4661958	42264	0.062063265086534785686112059011066
150	4757100	43185	0.06196649271553764104503159160231
153	4852242	44038	0.061874447091673806520262246522179
156	4947384	44845	0.061786916559817627037087817143401
159	5042526	45653	0.061703648691042736751377617565595
162	5137668	46556	0.061624455249564356884572902117725
165	5232810	47478	0.06154892559691314823933083744123
168	5327952	48362	0.061476712741287194152750572584409
171	5423094	49169	0.061407929120439533332564963075129
174	5518236	49976	0.061341817304006465705334960603068
177	5613378	50864	0.061278884075238328199564108444974
180	5708520	51786	0.061218592443609359809997272350302
183	5803662	52706	0.061160869246989671421665946127177
186	5898804	53516	0.061105487181327397538943557719904
189	5993946	54328	0.061052418088771660820146536252651
192	6089088	55159	0.061001684669417508000144323432323
195	6184230	56080	0.060952940219801465815407937043346
198	6279372	57002	0.060906148406411883544642194010521
201	6374514	57811	0.060861231252589770290839510380465
204	6469656	58621	0.060818056585005268732668781694883
207	6564798	59445	0.060776526822767962254800977461855
210	6659940	60366	0.060736675484215046916247615627071
213	6755082	61286	0.060698303047960817935280175561275
216	6850224	62159	0.060661317312543400204205568115867
219	6945366	62968	0.060625763344419374145655154961787
222	7040508	63777	0.060591504692551131916466999882687
225	7135650	64626	0.060558523724374639651824026032045
228	7230792	65548	0.060526665530522404112812040466451
231	7325934	66471	0.06049591338670276541300552253233
234	7421076	67300	0.060466282606070849425794477838281
237	7516218	68106	0.060437677895987106102548835906418
240	7611360	68915	0.060410036258466068281869354450464
243	7706502	69820	0.060383309817363631233355647509597
246	7801644	70750	0.060357512173721615533761308824978
249	7896786	71668	0.060332654945291608328261645510793
252	7991928	72475	0.060308561513698635825342364569224
255	8087070	73284	0.060285235553316732226569740760169
258	8182212	74134	0.060262636193808463702659139471507
261	8277354	75054	0.060240726434783085918578393602729
264	8372496	75975	0.060219557834326996326179681773283
267	8467638	76797	0.06019903591928631170215879819807
270	8562780	77612	0.060179173638124132394988663463664
273	8657922	78420	0.060159890691021865316567840409334
276	8753064	79331	0.060141212187421522195052148163086
279	8848206	80251	0.060123114712333100562169363456633
282	8943348	81322	0.060105536373379106485081990740582
285	9038490	82242	0.060088486593950329872626525684609
288	9133632	83162	0.060071984088182678318545981710486
291	9228774	84013	0.060055926622973695994112119933561
294	9323916	84826	0.060040328113829859180139436602985
297	9419058	85633	0.060025169344607935684177135726713
300	9514200	86555	0.060010424368187875732161273845122
303	9609342	87481	0.059996106389731837515988388531696
306	9704484	88393	0.059982189620970217946993585655946
309	9799626	89200	0.059968653597132756671861386621458
312	9894768	90008	0.059955476619597616871892853396275
315	9989910	90817	0.059942665717900731059408769851871
318	10085052	91738	0.059930197455181771770682530586782
321	10180194	92658	0.059918061861386713584654017950015
324	10275336	93509	0.059906267412484601186939414674271
327	10370478	94318	0.059894784063925822492624462256572
330	10465620	95127	0.059883602658020604336819303625816
333	10560762	95990	0.05987270304911002094527816552727
336	10655904	96910	0.059862091860309697699538133974784
339	10751046	97831	0.059851735762273643171038628452152
342	10846188	98677	0.059841650089232631404279061371199
345	10941330	99486	0.059831813582788329064499066589633
348	11036472	100292	0.059822224333106167881712877942846
351	11131614	101148	0.059812889552561414319153954011199
354	11226756	102069	0.05980377544674454065587454465458
357	11321898	102991	0.059794873207778015400393201161933
360	11417040	103821	0.059786185930306143254675532716647
363	11512182	104629	0.059777703487148781125171126404894
366	11607324	105436	0.059769427841728769990048419913364
369	11702466	106354	0.059761344809853435278146349673989
372	11797608	107280	0.05975346221579996147665880812383
375	11892750	108201	0.05974575508017258146375993987931
378	11987892	109009	0.059738234540571470698733236304179
381	12083034	109822	0.059730882581182982715706231147124
384	12178176	110632	0.059723705437267876616758144336927
387	12273318	111551	0.059716686162160199924375802993382
390	12368460	112471	0.059709821678374193354432719615943
393	12463602	113390	0.059703115732360811929169130962691
396	12558744	114199	0.059696555041506289829289499948572
399	12653886	115007	0.059690145886956487430996531884375
402	12749028	115819	0.059683871683377860695163263926588
405	12844170	116738	0.059677742285078161366129734233255
408	12939312	117659	0.059671747647441202022644546332231
411	13034454	118586	0.059665880079516793454974532551205
414	13129596	119394	0.059660139716814393484600742567636
417	13224738	120204	0.059654542074046690292021821733215
420	13319880	121053	0.059649043878472161883674829141455
423	13415022	121973	0.059643666297454836500158137368999
426	13510164	122896	0.059638395892809004106283055079984
429	13605306	123742	0.059633241769736736181961589409184
432	13700448	124550	0.059628192379422399749255845335938
435	13795590	125471	0.059623249860314149473072831142417
438	13890732	126283	0.059618408772600869904856324410503
441	13985874	127089	0.059613666234508269625713694495062
444	14081016	127898	0.059609026110015977950595811307721
447	14176158	128807	0.059604474784822482347212968534222
450	14271300	129735	0.059600017511406075398916470930999
453	14366442	130657	0.05959564845189799925373463906908
456	14461584	131467	0.059591368920241027939965761106578
459	14556726	132277	0.059587174627151205663633248832411
462	14651868	133085	0.059583061215560347012587527615324
465	14747010	133979	0.059579029073203622346444063850868
468	14842152	134901	0.059575078707799669630595928992989
471	14937294	135822	0.059571205612991957878410431703742
474	15032436	136629	0.059567405702464819305941290394912
477	15127578	137440	0.059563682331477914300155163118689
480	15222720	138248	0.059560031216980523216530940544544
483	15317862	139170	0.059556452365419627892340059815979
486	15413004	140092	0.059552938877186378796579901973018
489	15508146	141006	0.059549491514899827171447554974293
492	15603288	141813	0.059546111409787036428120643449802
495	15698430	142626	0.059542795052726388282948732921795
498	15793572	143465	0.059539540501788355830736776397316
501	15888714	144386	0.059536344983459388302549086802173
504	15983856	145305	0.059533214547565445340371326210516
507	16078998	146113	0.059530136992156902631112558310633
510	16174140	146922	0.059527120787665359358253880373013
513	16269282	147733	0.059524159466484712066591811208127
516	16364424	148654	0.05952125377446210868770393176419
519	16459566	149574	0.05951839938458892975692293703105
522	16554708	150487	0.059515597976515947908904280438946
525	16649850	151296	0.059512847807025946733627819185131
528	16744992	152108	0.059510146780822933965104937215074
531	16840134	152946	0.059507499018172475835353196771393
534	16935276	153868	0.059504895317843552182690558538525
537	17030418	154790	0.05950233828928345319875248264907
540	17125560	155599	0.059499829379200987189424409962157
543	17220702	156407	0.059497363735375549675943318561622
546	17315844	157214	0.059494942641372283720357927450095
549	17410986	158135	0.059492563214834086326998630056551
552	17506128	159061	0.059490228513309553748378277759912
555	17601270	159984	0.059487934794804082916375165268619
558	17696412	160791	0.059485682297999518952646980096688
561	17791554	161599	0.059483466559983121102472836128072
564	17886696	162407	0.059481289541114139296507090648447
567	17981838	163331	0.059479149949069588798611363245072
570	18076980	164254	0.059477049725360109366789629348204
573	18172122	165101	0.059474984959623840297116004194322
576	18267264	165909	0.059472956381555988625287056947855
579	18362406	166719	0.059470963198656655313012464603162
582	18457548	167552	0.059469004743096173792871184105024
585	18552690	168359	0.059467080529863762528020032505083
588	18647832	169167	0.059465185915687009121644024389752
591	18742974	170031	0.05946332546490162851426930501475
594	18838116	170951	0.059461496536426523829010903909875
597	18933258	171872	0.059459697690645435530498730258842
600	19028400	172682	0.059457930451243042047071440947548
603	19123542	173491	0.059456192599566519418896604065594
606	19218684	174300	0.059454484837499758931311788501262
609	19313826	175224	0.059452805723526201686635062060304
612	19408968	176144	0.059451154169664836846020961047543
615	19504110	177028	0.059449529334766465504813481857127
618	19599252	177836	0.059447933547232892359524214498379
621	19694394	178644	0.059446365022409478062748178217589
624	19789536	179487	0.059444820604571416144956685911893
627	19884678	180437	0.05944330150323379885479724293873
630	19979820	181260	0.059441808786871844216825877538213
633	20074962	182184	0.059440340013145631647972777500399
636	20170104	183029	0.059438895542327611909438900283931
639	20265246	183841	0.059437475405392299621087914829332
642	20360388	184765	0.059436078561603815362257563492676
645	20455530	185579	0.059434705225578109144546345987692
648	20550672	186393	0.059433351985443555465238318902266
651	20645814	187328	0.05943202252297839771610910020172
654	20740956	188142	0.059430713309137350730537718845881
657	20836098	189067	0.059429425890943597676763232584563
660	20931240	189877	0.059428159156774289229030472370141
663	21026382	190803	0.059426912459026988433397065136887
666	21121524	191613	0.059425685693834377765210064126222
669	21216666	192534	0.059424479156061152385071011394757
672	21311808	193344	0.059423291474094482034207231890832
675	21406950	194285	0.059422122966090493156876561897661
678	21502092	195097	0.059420973357642646595078161908532
681	21597234	196022	0.059419841569129050462549912481336
684	21692376	196834	0.059418728124043369842599560115559
687	21787518	197648	0.059417632865826408572473837921279
690	21882660	198570	0.059416554148952194225330458721146
693	21977802	199463	0.059415492407466748148170410104285
696	22072944	200397	0.059414448013455821440143012068802
699	22168086	201225	0.059413419968897041023581095942063
702	22263228	202089	0.059412407424747105955109560682104
705	22358370	202918	0.059411411491437020326866758068718
708	22453512	203852	0.059410431176764054439498607962378
711	22548654	204909	0.059409466348983898387192681411761
714	22643796	206031	0.059408516158337913715126177294223
717	22738938	206892	0.059407580999732083337772081677031
720	22834080	207703	0.059406660719540760329238082704251
723	22929222	208591	0.059405754365050598975184215078116
726	23024364	209411	0.059404862003436510742293563680505
729	23119506	210353	0.059403983831784329394665178369905
732	23214648	211180	0.059403118870952516250572017497689
735	23309790	212112	0.059402266823437216425318752044404
738	23404932	212923	0.059401428649873092013855568893632
741	23500074	213741	0.059400603150264345841957691618518
744	23595216	214667	0.059399790083718755073771689012574
747	23690358	215494	0.059398990067992742114544313380975
750	23785500	216321	0.059398201511196666024794410532195
753	23880642	217244	0.059397426230007710490355066212942
756	23975784	218130	0.059396662414506778970846312404319
759	24070926	218942	0.059395910039483371112289944449003
762	24166068	220027	0.059395168746671646309298608912286
765	24261210	220950	0.059394438508955434141700635564121
768	24356352	221854	0.059393719415799746397244263107495
771	24451494	222663	0.059393011459048385136672010276015
774	24546636	223471	0.059392314203451972154379490120846
777	24641778	224410	0.059391627483570699763681943750271
780	24736920	225330	0.059390950750933202417769507519552
783	24832062	226238	0.059390284683285513023243140651175
786	24927204	226967	0.059389628255386080202260501437195
789	25022346	227761	0.059388981517544119081986053743094
792	25117488	228491	0.059388344331474954285177147994546
795	25212630	229313	0.059387717101473266878564061244106
798	25307772	230227	0.059387099093755141288042409541958
801	25402914	231154	0.059386490220029335140861093123021
804	25498056	232054	0.059385890433240232089140420157491
807	25593198	232896	0.059385299471273043925290124889216
810	25688340	233817	0.059384717778542060739876973229912
813	25783482	234629	0.059384144155435802936437994503649
816	25878624	235565	0.059383579632606715847931155849437
819	25973766	236491	0.059383022753403291726925772309187
822	26068908	237300	0.059382474686354054516090883453217
825	26164050	238115	0.059381934209445319527986839602818
828	26259192	238936	0.059381401854596900513616475336676
831	26354334	239866	0.059380877447999524942900961832493
834	26449476	240695	0.059380360363119201461135077124709
837	26544618	241609	0.059379851084506357628001183002198
840	26639760	242546	0.059379349294675413950539422103247
843	26734902	243487	0.059378854775405907895358126324936
846	26830044	244392	0.059378367174082936907897334322115
849	26925186	245202	0.059377887329843163921605508903667
852	27020328	246125	0.059377414381006500543325188345989
855	27115470	246934	0.059376948072888381668921198297539
858	27210612	247856	0.059376488496178769782574136115727
861	27305754	248667	0.059376035691905831859216391421796
864	27400896	249477	0.05937558918290584963894929160233
867	27496038	250400	0.059375149468202423341800511025212
870	27591180	251330	0.059374716050983156190312683975208
873	27686322	252255	0.059374289042684366690671993183059
876	27781464	253067	0.059373868049210569430851336392152
879	27876606	253879	0.059373452985920373292660912056817
882	27971748	254802	0.059373044164091261232218954546624
885	28066890	255726	0.059372641033249080877443049075737
888	28162032	256537	0.059372243453863354778476946194132
891	28257174	257457	0.059371851643677163445911304506808
894	28352316	258274	0.059371465557942870727714534950792
897	28447458	259198	0.059371085099234714721472272458413
900	28542600	260122	0.059370710000564257124988642999597
