0	0	0	0.6931471805595997848215006342798
3	73	11	0.69001774636773904880726604460506
6	147	23	0.6869586860419568674629431370704
9	221	35	0.68391803685723329131462833174737
12	295	46	0.68094699804387082142653753180639
15	369	58	0.67820141484384810492969108963734
18	442	69	0.6755085132642942857827961233852
21	516	81	0.67282579067237768821740928615327
24	590	92	0.66943886169343558290023565859883
27	664	104	0.66679291261289119763233657067758
30	738	115	0.6640143000735880818297118821647
33	811	127	0.66148529501676600617088297440205
36	885	139	0.65877676387835015781035963300383
39	959	150	0.65607166620885348784497637097957
42	1033	162	0.65345816988522775758951866009738
45	1107	173	0.65093487185532683536592912787455
48	1180	185	0.64861528705991500221017531657708
51	1254	197	0.64674810913153735203451333291014
54	1328	208	0.64474389194805392655496234510792
57	1402	220	0.64231955443954713569354453284177
60	1476	232	0.64050595400520160538349045964424
63	1549	243	0.63826320100646449784420610740199
66	1623	255	0.63600053147579926893229185225209
69	1697	267	0.63373996668820753441764281888027
72	1771	278	0.63159980553963368521408483502455
75	1845	289	0.62975533405148820254026986731333
78	1919	301	0.62801044451604826068802367444732
81	1993	312	0.62621275389173858272329198371153
84	2066	324	0.62408445141190305172074204165256
87	2140	336	0.62209293561311695963667034448008
90	2214	347	0.61999818968834374821597066329559
93	2288	359	0.61814249982793656457147335459013
96	2362	370	0.61650123361836606239450020439108
99	2435	382	0.61452870676091764234882930395543
102	2509	394	0.61269206161808864585793799051316
105	2583	405	0.61102519093444629394440426040092
108	2657	417	0.60901606023458010330529077691608
111	2731	430	0.60737937461877911093921511564986
114	2804	442	0.60568882125474876598758555701352
117	2878	453	0.6042509739213463015872207506618
120	2952	465	0.60281263987757660594013486843323
123	3026	476	0.60144278488958580197731862426735
126	3100	487	0.60019994373316409852492370191612
129	3173	499	0.598629086484362749054355390399
132	3247	511	0.59758313414247676842450118783745
135	3321	523	0.5961054382072646928847348135605
138	3395	534	0.59470445350831124819990236574085
141	3469	546	0.59328851016288408626309092142037
144	3542	557	0.59201499244846034208933360787341
147	3616	569	0.59061530014476859573591127627878
150	3690	581	0.58930107411172305553748174133943
153	3764	593	0.58815895543494001174167351564392
156	3838	604	0.58696011368790057538546989235329
159	3911	616	0.58586901358806231510101270032465
162	3985	632	0.58455776957900984491800500109093
165	4059	643	0.58328599451799678643482138795662
168	4133	654	0.58216215862661913060804863562225
171	4207	666	0.58105952712218245093112045651651
174	4280	677	0.57970336876791384028706488606986
177	4354	689	0.57871436881161308907195461870288
180	4428	700	0.57759806075698449934208156264503
183	4502	712	0.57643915792131672493070482232724
186	4576	724	0.5754426158755654441279148159083
189	4649	735	0.57433294231499032456156328407815
192	4723	747	0.57327871412374242776621713346685
195	4797	759	0.57218330188835997418550505244639
198	4871	770	0.57121822734913263452938281261595
201	4945	782	0.57024765541076594121960852135089
204	5018	793	0.56921013219112326364523823940544
207	5092	805	0.56850034677737404376074437095667
210	5166	817	0.56781457317919259430993861315073
213	5240	828	0.56711726153088604096552671762765
216	5314	840	0.5661784291698217508326251845574
219	5387	851	0.56537852290612011785242430050857
222	5461	863	0.56466563076736075998951491783373
225	5535	874	0.56393288807104002824388544468093
228	5609	886	0.56299013700027467077546816653921
231	5683	898	0.56218281872997521997348258082638
234	5756	910	0.56138815918196438570220152541879
237	5830	922	0.56065655123751290123124135789112
240	5904	934	0.55967326946453987979168687161291
243	5978	945	0.55896866670294054202372535655741
246	6052	957	0.55823810506189253111131165496772
249	6125	969	0.55736770986409645001202761704917
252	6199	980	0.55657085728310906613813813237357
255	6273	992	0.55590057409560511558765938389115
258	6347	1003	0.55519782186316757321975501326961
261	6421	1014	0.55470688091138187214568233684986
264	6494	1025	0.5541282823560169656929019765812
267	6568	1037	0.55342811540149305926661327248439
270	6642	1049	0.55269971702316267325727494608145
273	6716	1060	0.55200082178425113887954012170667
276	6790	1072	0.55139224667452446659865472611273
279	6863	1084	0.55067813913015273286077899683733
282	6937	1096	0.55006321159928139863382057228591
285	7011	1107	0.54955676792657826013055455405265
288	7085	1119	0.54872795771467841596802372805541
291	7159	1131	0.54802125281594449290878401370719
294	7232	1143	0.54736598537722913615510833551525
297	7306	1155	0.5468092056883526730359790235525
300	7380	1166	0.54620324478318815764055216277484
303	7454	1178	0.54562909225359956799650262837531
306	7528	1189	0.54502429909276861597078323029564
309	7601	1201	0.54444656400332824830456956988201
312	7675	1213	0.54400280809333190212839781452203
315	7749	1224	0.54346861624698883375117475225125
318	7823	1236	0.54283960212547643919833717518486
321	7897	1248	0.54235274188893989322224342686241
324	7970	1259	0.54178922793381467659656891555642
327	8044	1271	0.54127248273665373723417815199355
330	8118	1283	0.54079803736146814241436686643283
333	8192	1295	0.54026456468291872425879773800261
336	8266	1306	0.53962480048320460301880530096241
339	8339	1318	0.53908724434449328821727931426722
342	8413	1330	0.53860301138938160292468637635466
345	8487	1341	0.53782709683379148479787090764148
348	8561	1352	0.53735766098456072548117390397238
351	8635	1364	0.53690547521944287368000914284494
354	8708	1376	0.53640389427413237566355519447825
357	8782	1388	0.5357968163893991331292454560753
360	8856	1400	0.5353035314985963299960758376983
363	8930	1411	0.53478853338545584428231904894346
366	9004	1423	0.53429056421508835938993797753938
369	9078	1435	0.53378828894391805448549348511733
372	9152	1447	0.53329002118954027533703765584505
375	9225	1458	0.53274650496888897865943590659299
378	9299	1470	0.53222530127051070891752715397161
381	9373	1482	0.53177733006227323464543133013649
384	9447	1493	0.53132536439038002828993967341376
387	9521	1505	0.53094032428220994113132746861083
390	9594	1516	0.53051002593647222926875883786124
393	9668	1528	0.53002615787130147317895989544922
396	9742	1539	0.5295630171947772746321447812079
399	9816	1551	0.52918377517228387674208534008358
402	9890	1562	0.52872653222211429824284323331085
405	9963	1574	0.52828414414201574356155788336764
408	10037	1586	0.52794308112432497548383025787189
411	10111	1597	0.52750942469916894950188179791439
414	10185	1609	0.52712229488266548749209050583886
417	10259	1620	0.52674275502288236960879430625937
420	10332	1632	0.52641180742599025244032873160904
423	10406	1644	0.52600480600580079570960378987365
426	10480	1655	0.52563093609766819991335751183215
429	10554	1667	0.52520868651051400011198211359442
432	10628	1679	0.52489711588596643654369700016105
435	10701	1690	0.52451599296816220352468462806428
438	10775	1702	0.52423048197270505355049863283057
441	10849	1713	0.52385997119810367994574562544585
444	10923	1724	0.5234947898355704065664895097143
447	10997	1736	0.52311701190790504956140694048372
450	11070	1748	0.52274563366323312241235043984489
453	11144	1759	0.52242255009278038002662469807547
456	11218	1771	0.52208106411723209649977661683806
459	11292	1783	0.52175766269112955342279747128487
462	11366	1795	0.52137425739346254793815660377732
465	11439	1807	0.52103832780164416327295384689933
468	11513	1818	0.52069006753069135839950831723399
471	11587	1830	0.52030954184237665494094926543767
474	11661	1841	0.51993395389731533740018676326144
477	11735	1852	0.51965370598152682557469006496831
480	11808	1864	0.51929604453691191601194532267982
483	11882	1875	0.51900028567236777821136683996883
486	11956	1887	0.51858765424808805910572573338868
489	12030	1899	0.51817757627597804681585103026009
492	12104	1910	0.51793584365306821748475840649917
495	12177	1922	0.51761372103921299281381607215735
498	12251	1934	0.5173267220086070761198016043636
501	12325	1945	0.51700462831412985487133937567705
504	12399	1957	0.51655961485914136943620178499259
507	12473	1969	0.51617081418331478559480274270754
510	12546	1980	0.51584268588699144775233662585379
513	12620	1992	0.51554416316339679582370081334375
516	12694	2003	0.515241229847134718511370010674
519	12768	2015	0.51492912517825273344129755059839
522	12842	2026	0.51458784267847323956601712779957
525	12915	2038	0.51427708523196546952505059380201
528	12989	2050	0.51399720838023388314041994817671
531	13063	2061	0.5136446504149383418535990131204
534	13137	2073	0.5132912097311247423547797552601
537	13211	2085	0.51299688729129100384085404584766
540	13284	2096	0.51269291484954671034302009502426
543	13358	2108	0.5123938344128449173808803607244
546	13432	2120	0.51208158624844235529138813944883
549	13506	2131	0.51176878874076492387246162252268
552	13580	2143	0.51144323708051253607465014283662
555	13653	2155	0.51113937831036238002013760706177
558	13727	2166	0.51080055545286728868603631781298
561	13801	2177	0.51044664758007340932266515665106
564	13875	2189	0.51013492527759918271357264529797
567	13949	2201	0.50984613313947446666674068183056
570	14022	2213	0.50958153201185796277172812551726
573	14096	2224	0.50938053384545800561511441628681
576	14170	2236	0.50910128997519110694014443652122
579	14244	2247	0.50878155337205221986351943996851
582	14318	2259	0.5084805758221159210918926874001
585	14391	2271	0.50821810082255580720556054075132
588	14465	2282	0.50800123100752758720233259737142
591	14539	2294	0.50767716321332767570595478900941
594	14613	2306	0.50736463451005364699852862031548
597	14687	2317	0.50708753432155362350641780722071
600	14760	2329	0.50677033410091221199422761856113
603	14834	2340	0.50651564789374547981282148612081
606	14908	2352	0.50624884987915452772000435288646
609	14982	2364	0.505990200527188682677603992488
612	15056	2376	0.50573294365314835907554424920818
615	15129	2388	0.50544969596652411514270397674409
618	15203	2399	0.50517828662343233769860262327711
621	15277	2411	0.50494555568831722691669483538135
624	15351	2423	0.50465874921813502762546477242722
627	15425	2434	0.50438099778376588311346040427452
630	15498	2446	0.50417757280787955931344868076849
633	15572	2458	0.50392379446763801986719499836909
636	15646	2469	0.50367673911124200003541773185134
639	15720	2480	0.50342460288474921714652055015904
642	15794	2492	0.50318522858039238521143943216885
645	15867	2504	0.50296352203322347573788420049823
648	15941	2515	0.50271854801589044292597918683896
651	16015	2527	0.50250380479175271730696294980589
654	16089	2539	0.50223247582082231055267129704589
657	16163	2551	0.501962741205237983344034091715
660	16236	2562	0.50173223940296263201332749304129
663	16310	2574	0.50147564200600924788631118644844
666	16384	2590	0.50124681704639284518520980782341
669	16458	2602	0.50100096562955265255823178449646
672	16532	2613	0.5007570100154148384774543956155
675	16605	2625	0.50057188157149745677543251076713
678	16679	2636	0.50034215181428587371215144230518
681	16753	2648	0.50010620160952823365363428820274
684	16827	2660	0.49991677471393336507077265196131
687	16901	2671	0.49970086253356288397142748181068
690	16974	2683	0.49949414213324416778050363063812
693	17048	2695	0.499254031779313101058193069548
696	17122	2707	0.49901886045679999526214487559628
699	17196	2718	0.49880188044713913431138507803553
702	17270	2730	0.49857050582784956382909058447694
705	17343	2742	0.4983500709645412030113220680505
708	17417	2754	0.49812309064520288170996309418115
711	17491	2765	0.49791435267097838845984369982034
714	17565	2777	0.49768158515435872990551047223562
717	17639	2788	0.49747058545004779750442480690253
720	17712	2800	0.49724183351497053262590952726896
723	17786	2811	0.49701016701066857983448699087603
726	17860	2823	0.49683493610541773488620265197824
729	17934	2835	0.49660965172206278372968313306046
732	18008	2846	0.49637236985261762312049427237071
735	18081	2858	0.49616408614982904223822401945654
738	18155	2870	0.49593658612766028381813043779403
741	18229	2882	0.49570270339052102670507338189054
744	18303	2893	0.49547387825985234055536921005114
747	18377	2905	0.49523484806692369408764875515772
750	18450	2917	0.49502358810813068545897408512246
753	18524	2929	0.49477300927597683832814823290391
756	18598	2940	0.49456203475148929893379090572125
759	18672	2952	0.49437898569787314118073595636815
762	18746	2963	0.49415373545105700792134939547395
765	18819	2975	0.49393700480894114912544523576798
768	18893	2987	0.49370668584895593955508275030297
771	18967	2998	0.49350429674337853436227874226461
774	19041	3010	0.49325121493877993605892129380663
777	19115	3022	0.49303080440617985669149447858217
780	19188	3033	0.4928354693776322292819713766221
783	19262	3045	0.49262370153826984253697673921124
786	19336	3057	0.49239287928224989565606506403128
789	19410	3069	0.49217048697816356828127482003765
792	19484	3080	0.49197210496085913566943759178685
795	19557	3092	0.49176635224178238958714359796431
798	19631	3103	0.49153164322964992827280639176024
801	19705	3115	0.49134163525536356242895408286131
804	19779	3126	0.49113278012702460406657678504416
807	19853	3138	0.49091501365023343383953147167631
810	19926	3149	0.49068075329547522489548327939701
813	20000	3161	0.49046307128212268677813767681073
816	20074	3172	0.49027337854318747689674751200073
819	20148	3184	0.49005867843826966812059708900051
822	20222	3196	0.48985449380769024996240545988258
825	20295	3207	0.48965832954538707211256109985698
828	20369	3219	0.48947505010028652394638015721284
831	20443	3231	0.4892588302005751454970550184953
834	20517	3242	0.48907986469412523256039548869012
837	20591	3254	0.4889332284631656699858126557956
840	20664	3266	0.48870422250142059317212783753348
843	20738	3277	0.48849758533235426716245797251759
846	20812	3289	0.48834722039336736498782443050004
849	20886	3300	0.48817555272634149954313897978864
852	20960	3312	0.48799020971605822083461134752724
855	21033	3323	0.48781663902983346536856856801023
858	21107	3335	0.4876374925017299410967552830698
861	21181	3347	0.48742141881615713705500070318521
864	21255	3358	0.48723181979221646953348567876674
867	21329	3370	0.48705238746622459000690241737175
870	21402	3381	0.48685527870193839872214880415413
873	21476	3393	0.48666260419506834900005287636304
876	21550	3404	0.48647963214900125095141447673086
879	21624	3416	0.48628779524700582737040122083272
882	21698	3428	0.48609191408129104328139646895579
885	21771	3439	0.48587982780924499071062427901779
888	21845	3451	0.485682240200101866811621675879
891	21919	3462	0.48548412164185578143715815713222
894	21993	3474	0.48530492364244076641810465844173
897	22067	3486	0.48510824178534101003279488395492
900	22140	3498	0.48494695715074753739060042789788
