0	0	0	0.6931471805595997848215006342798
3	36	5	0.69034084485996782820649286804837
6	73	26	0.68760308698921879244636556904879
9	110	46	0.68518489439341778712844188703457
12	147	60	0.68189473036574665965048325233511
15	184	78	0.67844721133528251844069245635183
18	221	90	0.67586434159621933126516069023637
21	258	101	0.67387667546953622377259307540953
24	295	113	0.67104779785428936289548573768116
27	332	121	0.66813573349463173389750636488316
30	369	127	0.6656470155374466513009679147217
33	405	133	0.66337666129412897753070410544751
36	442	139	0.66083290223650614780837031503324
39	479	145	0.65753234100964197406113953547901
42	516	151	0.65511672270121978911561200220603
45	553	156	0.65297263986390519097113838142832
48	590	162	0.65110453138194201994082277451525
51	627	168	0.64922205015917366921485154307447
54	664	174	0.64688876263243433317740027632681
57	701	180	0.64411737244577449423843518161448
60	738	186	0.64170649705886995128878425020957
63	774	192	0.64000426921995579032653722606483
66	811	197	0.63773162879079237086443754378706
69	848	203	0.63553930790348067692008271478699
72	885	209	0.6329745885428915697090701542038
75	922	215	0.63084837688760520002517750981497
78	959	221	0.6287302317066724155480983426969
81	996	226	0.62696794867229066472447129854118
84	1033	232	0.62493312066543538207952224183828
87	1070	238	0.62296151440232505613892044493696
90	1107	244	0.6208171838542493325974191975547
93	1143	250	0.61888932263596840854802394460421
96	1180	256	0.61694785471496649265077394375112
99	1217	261	0.61540003697596801224278806330403
102	1254	267	0.61408541056838372718118534976384
105	1291	273	0.61270654028112114808379828900797
108	1328	279	0.61114205402090970853379303662223
111	1365	285	0.60932012960072401419608922878979
114	1402	291	0.60802011129280886247983062276035
117	1439	297	0.60648041078460013242334980532178
120	1476	303	0.60484172321338336431040261231828
123	1512	309	0.60343728340747393446008572936989
126	1549	315	0.60207334387559185984173382166773
129	1586	320	0.60057854341264516051523969508708
132	1623	326	0.59903527640076636995303260846413
135	1660	332	0.59782446591572635519185041630408
138	1697	338	0.59624078600994911969479517210857
141	1734	344	0.59479646316022105612120185469394
144	1771	350	0.59362348697028000099606970252353
147	1808	355	0.59217797362035273778246846632101
150	1845	361	0.59118976134893419516203039165703
153	1881	367	0.58996598157527324612914298995747
156	1918	373	0.58851189946070225911256557083107
159	1955	379	0.5872460333604611060209776951524
162	1992	385	0.58607901275108487126885847828817
165	2029	391	0.58470666739404975054128499323269
168	2066	397	0.58355105078888358516309153856128
171	2103	402	0.58270670622858644627228841272881
174	2140	408	0.58179189861052127419327462121146
177	2177	414	0.58054434949342004212979873045697
180	2214	420	0.57952539799698621347801008596434
183	2250	426	0.57826675377613356854311632559984
186	2287	431	0.57731930877082970887670398951741
189	2324	437	0.57657842756712407439323442304158
192	2361	444	0.57549615505061302300759962236043
195	2398	450	0.57476414843686807198963606424513
198	2435	456	0.57373336529660667881813651547418
201	2472	461	0.57297814730677787409263146400917
204	2509	467	0.57183097579810815425105374742998
207	2546	473	0.57112486147116658941058631171472
210	2583	479	0.57028000755766750096142914117081
213	2619	485	0.56941406884558154466446922015166
216	2656	490	0.56855035513717744333206383089419
219	2693	496	0.56777585398490859613929160332191
222	2730	502	0.5668485419143698411659215707914
225	2767	508	0.56590606141296251330174982285826
228	2804	513	0.56488644731469417337166305514984
231	2841	519	0.56401401759043101602486558476812
234	2878	525	0.56340933652734259684535800261074
237	2915	531	0.56262404593869197455546782293823
240	2952	537	0.56192431966231248807730480621103
243	2988	543	0.56123205592060543267507455311716
246	3025	550	0.56054144721024723452273974544369
249	3062	556	0.55949071755034029962416752823628
252	3099	564	0.55872834405017779424440504953964
255	3136	574	0.55808039173084844630778889040812
258	3173	581	0.5572678650978691861084257652692
261	3210	586	0.55638681586884397578529615202569
264	3247	592	0.55573093193847011850294848045451
267	3284	598	0.55490545277992120443144585806294
270	3321	604	0.55426975303456660348899731616257
273	3357	610	0.55368512295220040364540636801394
276	3394	616	0.55306566007015833807969329427578
279	3431	621	0.55224951818224377042554351646686
282	3468	627	0.55140059210173875126059783724486
285	3505	633	0.5506350074738275424124367418699
288	3542	639	0.54992059577315177687495406644302
291	3579	645	0.549325413254951211428078750032
294	3616	651	0.54873590322157483889498053031275
297	3653	656	0.54815290582912279404581568087451
300	3690	662	0.54740452703212050256098564204876
303	3726	668	0.54688529790000028896201911265962
306	3763	674	0.5464053989544100931041725743853
309	3800	680	0.5456610825700213274203065338952
312	3837	686	0.54496479104208794819186323366011
315	3874	692	0.54437450006578025352155236760154
318	3911	697	0.54395475847192231722004862604081
321	3948	703	0.54336789529205120619081981203635
324	3985	709	0.54272549658699675845241472416092
327	4022	715	0.54227420968441530924053495255066
330	4059	721	0.54190986755375969430303939589066
333	4095	726	0.54109521862709808459612759179436
336	4132	732	0.54062958321741316769504237527144
339	4169	738	0.53998060396371128089043622821919
342	4206	744	0.53942927633110460128307295235572
345	4243	750	0.53891495332713224009069108433323
348	4280	756	0.53848673816731673635871402439079
351	4317	761	0.53780713176438210698648845209391
354	4354	767	0.53725715845870636311332191326073
357	4391	773	0.53700687620606102345988119850517
360	4428	779	0.53656722859673833259108732818277
363	4464	785	0.53602634589457442970683587191161
366	4501	791	0.53550775485447377199932361691026
369	4538	797	0.53507408405049117217089360565296
372	4575	802	0.53464126655020294265341362915933
375	4612	808	0.53420214118147091308941298848367
378	4649	814	0.53369997601843388590481254141196
381	4686	820	0.5333579075146056558409668468812
384	4723	826	0.53293806020658329725137036803062
387	4760	831	0.53237748323900924152241032061283
390	4797	837	0.53185672279506013282457388413604
393	4833	843	0.53140149862579677542129275025218
396	4870	849	0.53092307302722718809206980949966
399	4907	855	0.53060428451999075427636398671893
402	4944	860	0.53019377424568703283114246005425
405	4981	866	0.5297733434793333584522656565241
408	5018	872	0.52924736383923443039378753383062
411	5055	878	0.5288759661937715295110251645383
414	5092	884	0.52835418596803485069557382303174
417	5129	890	0.52807071915410674911584010260412
420	5166	895	0.52767084307763378880906657286687
423	5202	901	0.5273716626455814404650368487637
426	5239	933	0.52690473279745575485577546714921
429	5276	940	0.52649115320706418863494491233723
432	5313	949	0.52596217191346783526029184940853
435	5350	960	0.52551456865091350501018041541101
438	5387	966	0.52512345274933514005510915012565
441	5424	976	0.52471155331615704220382667699596
444	5461	982	0.52418668042976812593281010776991
447	5498	988	0.52381550456660108672224396286765
450	5535	994	0.52346752953113906414728262461722
453	5571	1000	0.52305567351055515246116556227207
456	5608	1006	0.52263130871212692962757273562602
459	5645	1012	0.52223687790349548887292030485696
462	5682	1017	0.52192754122924667203875515042455
465	5719	1023	0.52159650581241201461324408228393
468	5756	1029	0.52126222243351560958757318076096
471	5793	1035	0.52092593478510207383180841134163
474	5830	1040	0.52049009706430204857952048769221
477	5867	1046	0.52016447364602858005611096814391
480	5904	1052	0.51976531895252497950110637248144
483	5940	1057	0.51942261426598934637155480231741
486	5977	1063	0.51897348089524109049364142265404
489	6014	1069	0.51861383916338221755637505339109
492	6051	1075	0.51826624825353706516040119822719
495	6088	1081	0.51797096779524043341780270566233
498	6125	1086	0.51765590581734188813101127379923
501	6162	1092	0.51730470426979691112023829191457
504	6199	1098	0.51698413147738009332243791504879
507	6236	1104	0.51662438623760620348690508762957
510	6273	1109	0.51635313662734827477862609157455
513	6309	1115	0.5160550147531114406618257817172
516	6346	1121	0.51575324005640887925494553201133
519	6383	1127	0.51544675709395226803621881117579
522	6420	1133	0.5151025830493680679467161098728
525	6457	1139	0.51476310167048033861192379845306
528	6494	1144	0.51451802861076834094689047560678
531	6531	1150	0.51423744924111014498180338705424
534	6568	1156	0.51391828196650235494047365136794
537	6605	1162	0.51356087122990368154518137089326
540	6642	1168	0.51327208983399008612735769929714
543	6678	1174	0.51297484827904060722403301042505
546	6715	1180	0.51262323764190242947336173529038
549	6752	1186	0.51229689649470389056773456104565
552	6789	1191	0.51200982908738956744798542786157
555	6826	1198	0.51171257323177132825264834536938
558	6863	1203	0.51143130423228166936411298593157
561	6900	1209	0.51110314111450771967781747662229
564	6937	1215	0.5108781078653331642058788020222
567	6974	1221	0.51055913342775016694474743417231
570	7011	1226	0.5103530512826865983555535422056
573	7047	1232	0.51004497211440846804464399610879
576	7084	1240	0.50969871801405908229298802325502
579	7121	1247	0.50939256794468368294559468267835
582	7158	1253	0.50909723872974887992626236155047
585	7195	1259	0.50878332583243202069667177056544
588	7232	1265	0.5085068537003484268055331085634
591	7269	1271	0.50822853886221919239574162929785
594	7306	1277	0.50789868090307510595238227324444
597	7343	1283	0.5076614588428776109196860488737
600	7380	1289	0.50737107236160539081026854546508
603	7417	1295	0.5070640770373442407503716822248
606	7454	1301	0.50690735982206169829566988482838
609	7491	1307	0.50660954571917948818793320242548
612	7528	1312	0.50632265545936383510650102834916
615	7564	1318	0.50601948663104667769374600538868
618	7601	1324	0.50578787468804808913347415000317
621	7638	1330	0.50548930595077856686714312672848
624	7675	1336	0.50519249867112148155712247898919
627	7712	1342	0.5049269012084133256834661551693
630	7749	1348	0.50469753086865043467668101584422
633	7786	1354	0.50449180388917935768944289520732
636	7823	1359	0.50427485849112874127797567780362
639	7860	1365	0.50401907995766237480239624346723
642	7897	1371	0.50383438253263268524761997468886
645	7933	1377	0.50363381996767742077025786784361
648	7970	1383	0.5034021453850978655708559017512
651	8007	1389	0.50316516920132059453862893860787
654	8044	1395	0.50285049621942323749834713453311
657	8081	1401	0.50255617295934063015749870828586
660	8118	1407	0.50231820721789333106244157534093
663	8155	1412	0.50206030954363545237839616675046
666	8192	1418	0.50177622070495730977057746713399
669	8229	1424	0.50150889998854819573637087160023
672	8266	1430	0.50122613717549657774696925116586
675	8302	1436	0.50096716118212636370543577868375
678	8340	1442	0.50074002224391056525831800172455
681	8377	1448	0.50044096888389100197258585467353
684	8414	1454	0.50021954470853280394493367566611
687	8451	1460	0.5000026894856890447016439793515
690	8487	1471	0.4997936812780384152610224646196
693	8524	1477	0.49954144404483269426009428570978
696	8561	1483	0.49931208526164172489814063737867
699	8598	1489	0.49910683465704236416726757852302
702	8635	1495	0.49881836781022037552446590780164
705	8672	1501	0.49854958945796923330817662645131
708	8709	1507	0.4983189984650001624899573471339
711	8746	1513	0.4980453391101615223668375165289
714	8783	1518	0.49782444555307492350948450621217
717	8820	1524	0.49760061860291354696173016236571
720	8856	1530	0.49741073376420469331904428145208
723	8893	1536	0.49715655881509762670233953940624
726	8930	1542	0.49690043194193944664505124819698
729	8967	1548	0.49663308678041628851929090160411
732	9004	1553	0.49639614113995883526442298716574
735	9041	1559	0.49611463203517552900123632753093
738	9078	1565	0.49589127068323357594437084117089
741	9115	1571	0.49569425945578482473052872592234
744	9152	1577	0.49550211550382866620978461469349
747	9189	1582	0.49530084413954567068572032439988
750	9225	1588	0.49509204013007640510224405261397
753	9262	1594	0.49493316672643095088801601377781
756	9299	1600	0.49472606959993425945754097483587
759	9336	1606	0.4944802207743232425052326561854
762	9373	1612	0.49426308855319089907709440012695
765	9410	1617	0.49407058378816226529295363434358
768	9447	1623	0.4938483863172713483891129726544
771	9484	1629	0.49369515124482726831089962615806
774	9521	1635	0.49346658213772043310996195941698
777	9558	1641	0.49330775332410387035153576107405
780	9594	1647	0.49308863132795827111110043006192
783	9631	1652	0.49288903650758486563177029893268
786	9668	1658	0.49271541702010268615197219332913
789	9705	1664	0.49248273392227120970332521210366
792	9742	1670	0.49231097382480715207719867976266
795	9779	1675	0.49211248550131037049482074507978
798	9816	1681	0.49192475426658188730755227879854
801	9853	1687	0.49167517623359063838606175522727
804	9890	1693	0.49145271675590423976487386426015
807	9927	1698	0.49125701058131365783765431842767
810	9963	1704	0.49099096572424011375446184501925
813	10000	1710	0.49076709517316097208805558693712
816	10037	1716	0.49057523456113311111081998205918
819	10074	1721	0.49035830428839033423571436287602
822	10111	1727	0.4901167305937183527042577679822
825	10148	1733	0.48990814444397257076957430399489
828	10185	1739	0.48966528996250702210346616993775
831	10222	1745	0.4894792955247841415022946875979
834	10259	1751	0.48923539969729074039506144799816
837	10296	1757	0.48902297945666411971288312088291
840	10332	1763	0.48883794859165252688626424060203
843	10369	1769	0.4886228764052397144368455883523
846	10406	1774	0.48842346263853297916313067617011
849	10443	1780	0.48824250033440724783062591995986
852	10480	1786	0.48805020014140637618638152162021
855	10517	1792	0.48785082914499933171015300104045
858	10554	1798	0.48769198071725139431720208449406
861	10591	1804	0.48748615488013213870033268904081
864	10628	1810	0.48729745172066568636992656138318
867	10665	1816	0.48710973078681613079865542204061
870	10701	1821	0.48693319824527364625410541520978
873	10738	1827	0.48670814098892806187635073911224
876	10775	1833	0.4865094134012323268123623165593
879	10812	1839	0.48638244897278187783840053270978
882	10849	1844	0.48619181729674343372948897012975
885	10886	1851	0.48600964487977715844380099952105
888	10923	1856	0.48583428365261255299500930959766
891	10960	1862	0.48565638338830308118332368394476
894	10997	1868	0.48546543505036576782174506661249
897	11034	1874	0.48528323486124586016998705417791
900	11070	1880	0.48506547458026710861744845715293
