0	0	0	0.69314718055900481630260401288979
3	18840	20	0.75334929608532497091744062345242
6	37681	37	0.6834098845204394923058544009109
9	56521	54	0.66058216674189274009165728784865
12	75362	74	0.59123585247092880212704812947777
15	94203	91	0.63653892342881757127059927370283
18	113043	112	0.53260484284298992285755502962274
21	131884	134	0.49512976544528275457679455939797
24	150724	152	0.53484845595592922506966715445742
27	169565	172	0.53228650456846016147949285368668
30	188406	189	0.52059376160462100813219876727089
33	207246	208	0.52892530550322336413415769129642
36	226087	224	0.54169639823600801431524587314925
39	244927	244	0.52149131075436261362199275026796
42	263768	261	0.51899065270236621749688765703468
45	282609	281	0.51175660184468840796512267843354
48	301449	309	0.52453505955147450290354527169256
51	320290	331	0.50230332141156108782809042168083
54	339130	350	0.49870967202350041658220902718313
57	357971	370	0.52236119853884932506815630404162
60	376812	387	0.5361540268619446880649093145621
63	395652	407	0.52271839538343933817543529585237
66	414493	426	0.55826009630380435400098804166191
69	433333	454	0.54542817411893507184572627011221
72	452174	473	0.57125320083036279505961374525214
75	471015	496	0.61059780539845520674901990787475
78	489855	522	0.62680659620391165898212193496875
81	508696	542	0.65617687315166339789840321827796
84	527536	559	0.70831047435404159706706650467822
87	546377	579	0.61734257087225197224711337184999
90	565218	595	0.62248445183605671804372150290874
93	584058	615	0.64528823621372288776854020397877
96	602899	639	0.58420750219069250697145889716921
99	621739	659	0.59735469412892860940900163768674
102	640580	682	0.59113561183119822661780062844628
105	659421	701	0.59703735266377100376899988987134
108	678261	724	0.59364858141284493342482164734975
111	697102	747	0.61369073861798206781514863905613
114	715942	775	0.59267137538964942411467973215622
117	734783	792	0.54157234917829089049234880803851
120	753624	808	0.55158604764712892976064040340134
123	772464	828	0.54601004683246501247850801519235
126	791305	850	0.54336185406823744870052905753255
129	810145	870	0.55993533806485373816030914895236
132	828986	893	0.57039439256074719875044820582843
135	847827	912	0.55256129528085418112226534503861
138	866667	940	0.5336781811104795991695937118493
141	885508	960	0.53750769682700771934236172455712
144	904348	987	0.5297215231188052708688474012888
147	923189	1007	0.50669289943315687363423194256029
150	942030	1025	0.51857654552814524961945608083624
153	960870	1045	0.52151953983422127958391456559184
156	979711	1071	0.51014593959510290410719335341128
159	998551	1094	0.51898438652767553413980294862995
162	1017392	1121	0.53069361595908148832023698560079
165	1036233	1143	0.5079698034664108519109504413791
168	1055073	1165	0.5166761308488867499022489937488
171	1073914	1188	0.51782566258795936775527479767334
174	1092754	1216	0.52779805895584630537342718525906
177	1111595	1235	0.50461139772715035700656471817638
180	1130436	1255	0.50693583541970632655448980585788
183	1149276	1274	0.50054027530552869240665359029663
186	1168117	1293	0.50146050009416875958834225457394
189	1186957	1321	0.49818784368831653397435843544372
192	1205798	1341	0.51190065092371261901149637196795
195	1224639	1363	0.50542040451454595118008228382678
198	1243479	1381	0.50153205002374412480037335626548
201	1262320	1400	0.49103241629827737435576295865758
204	1281160	1423	0.48928007638512654997597906003648
207	1300001	1451	0.4855632342515415755812568932015
210	1318842	1470	0.48860425653106026588901045215607
213	1337682	1490	0.49638388366295538300931866615429
216	1356523	1508	0.48595560784691865796602883165178
219	1375363	1528	0.47734898763194755222372123171226
222	1394204	1555	0.47174998560532788172139362359303
225	1413045	1572	0.46520873104456189617295081006887
228	1431885	1592	0.45816004710840907421243173303083
231	1450726	1609	0.45281567769424030389657787054603
234	1469566	1629	0.45221829235440319516570184532611
237	1488407	1646	0.45171233352117790005308961553965
240	1507248	1674	0.45836507919356622720030713935557
243	1526088	1696	0.47222803545244290690519051167939
246	1544929	1715	0.48769889947406469543622620221868
249	1563769	1733	0.48130901564031935979670606684522
252	1582610	1751	0.48572164800131778505942747869994
255	1601451	1770	0.48261992826786365151647828497516
258	1620291	1792	0.47505283863764224960846149770077
261	1639132	1819	0.49646128388755811355892433311965
264	1657972	1837	0.48365363078747986014249704567192
267	1676813	1854	0.48737636218753904726597170338209
270	1695654	1874	0.48289131730427314881382017119904
273	1714494	1903	0.49877577549802770695563935987593
276	1733335	1927	0.4968955996989927181850532633689
279	1752175	1944	0.48424257548295213116062996050459
282	1771016	1963	0.48857386990937529125389460205042
285	1789857	1987	0.48559795615900491760896784398938
288	1808697	2007	0.47718293025907843052380030712811
291	1827538	2025	0.46380406084853764703268552693771
294	1846378	2044	0.45066216017802818161186451106914
297	1865219	2064	0.45118253326628754429350465215975
300	1884060	2087	0.44561206281976323273497087029682
303	1902900	2107	0.44365600396848120512416357996699
306	1921741	2130	0.44889284700721659993050138837134
309	1940581	2158	0.45174499280044178028958867798792
312	1959422	2177	0.44898592664691949760680245162803
315	1978263	2195	0.45228337805825924444746988228871
318	1997103	2215	0.45663101988709431378055114691961
321	2015944	2239	0.45672207879892101622942846006481
324	2034784	2261	0.45691217180894805327540098005557
327	2053625	2281	0.45444881898717548462940385434194
330	2072466	2300	0.44873305136772262402544697579287
333	2091306	2323	0.44637968550710810378134851816867
336	2110147	2343	0.45152005551025836682654812648252
339	2128987	2365	0.4606413914447755053593880347762
342	2147828	2382	0.46153296581269726006624409819779
345	2166669	2401	0.45299531803405596042111369570193
348	2185509	2418	0.44335129632798370158397460727429
351	2204350	2442	0.44693804333638215142698868476145
354	2223190	2465	0.45039422955847280283236955256143
357	2242031	2484	0.44366465108958436092123633898154
360	2260872	2504	0.45794880038987695325403137758258
363	2279712	2531	0.46640113641582864323353874169698
366	2298553	2550	0.4704390466429778094870073346101
369	2317393	2568	0.47626986071324378668734311759181
372	2336234	2587	0.48340117915836516848671067236864
375	2355075	2604	0.48314913882795357258359558727534
378	2373915	2623	0.47804300194170223914369444173644
381	2392756	2642	0.47498128071978301667499522409344
384	2411596	2665	0.48016155606908689223999431305856
387	2430437	2693	0.4789212033540246049589939048019
390	2449278	2715	0.48567696298122708942202052639914
393	2468118	2736	0.48670918058775164416474012796243
396	2486959	2754	0.48724981172087777903101368792704
399	2505799	2774	0.48682939823098009268775854252453
402	2524640	2797	0.47586347980100007770687398078735
405	2543481	2817	0.48650303852356291400838017580099
408	2562321	2840	0.48479971860418508144974225615442
411	2581162	2859	0.47687579835463156374686377603211
414	2600002	2879	0.4726943098925042718860822787974
417	2618843	2899	0.47398755882427573427051470389415
420	2637684	2919	0.47707383330761404804931657963607
423	2656524	2938	0.47924298768511619517340704987873
426	2675365	2955	0.46679983907841571255659118833137
429	2694205	2974	0.46944025235602648837840433770907
432	2713046	2997	0.46201779170396933826836516345793
435	2731887	3020	0.46991136339004219157899910896958
438	2750727	3037	0.4758506798819810423850640290766
441	2769568	3053	0.48485226878566173303042319275846
444	2788408	3071	0.48756982564406586844185653717432
447	2807249	3091	0.4863462999369779771186017569562
450	2826090	3114	0.48975837330646193601424442931602
453	2844930	3131	0.49027938741519838661275798585848
456	2863771	3150	0.48607378482141122555404422200809
459	2882611	3168	0.49344254554733507633912381606933
462	2901452	3187	0.49171316022194921924182153816218
465	2920293	3211	0.49178781013342426353673886296747
468	2939133	3228	0.49136405211000838688661929154478
471	2957974	3245	0.4942434491985313593787054742279
474	2976814	3265	0.48871213428384319144015535130166
477	2995655	3287	0.48633085084135541098504518231493
480	3014496	3307	0.47780029596815659642672358131676
483	3033336	3331	0.47595888252474666257896274146333
486	3052177	3348	0.47556088239613747425948986347066
489	3071017	3367	0.4808809829736562790891696295148
492	3089858	3395	0.4759082757621294068606232485763
495	3108699	3415	0.48026196392852965599828962695028
498	3127539	3434	0.48429993766841655800092780737032
501	3146380	3455	0.48736510629304002906181381149509
504	3165220	3475	0.48724659879121645644772797822952
507	3184061	3493	0.48643860287048557022870909349876
510	3202902	3515	0.48489391590858671454711270598636
513	3221742	3534	0.48584279854983497548559512324573
516	3240583	3556	0.49141438975365470120948430121643
519	3259423	3573	0.49391129970356367762107652197301
522	3278264	3593	0.50044346328190614237030331423739
525	3297105	3610	0.5039166135984042282913719645876
528	3315945	3632	0.50003858281673185803839487562072
531	3334786	3659	0.50229644817864826933373478823341
534	3353626	3678	0.50030611661038704163217971654376
537	3372467	3697	0.49938385439336291371503762093198
540	3391308	3717	0.49489133583344924183222701685736
543	3410148	3740	0.49521118923944545953119700243406
546	3428989	3763	0.50075072724012203995158643010654
549	3447829	3790	0.49844882516856481302625070384238
552	3466670	3810	0.50765439225538666612180804804666
555	3485511	3830	0.51215905696316132988954450411256
558	3504351	3850	0.51703379700137175323249039138318
561	3523192	3868	0.51562850152737338405017908371519
564	3542032	3888	0.51870676010012173318131090127281
567	3560873	3910	0.51818914790506098722033812009613
570	3579714	3932	0.51560758748360002723387651712983
573	3598554	3955	0.52192564105847327748932684698957
576	3617395	3977	0.52332528071245609790906883063144
579	3636235	3997	0.52514835255010017256438459298806
582	3655076	4021	0.52758287746357279690556651985389
585	3673917	4048	0.51436165873155037520092491831747
588	3692757	4067	0.51807790712269286004243440402206
591	3711598	4086	0.51390290531644866600657906019478
594	3730438	4106	0.5123192946219534693597097430029
597	3749279	4124	0.51375667551486470241428605731926
600	3768120	4144	0.51226082351957302751799261386623
603	3786960	4161	0.51090260512282736904410285205813
606	3805801	4181	0.50684670152918065433311767264968
609	3824641	4200	0.50331192360517928996443970390828
612	3843482	4223	0.50335794607097383845939475577325
615	3862323	4244	0.50083751404852139277323885835358
618	3881163	4267	0.50206058584167023717270694760373
621	3900004	4284	0.50396859058814202914078350659111
624	3918844	4304	0.5072923532142294966718054638477
627	3937685	4324	0.5090786219880926166680978894874
630	3956526	4344	0.51308967394947824214312959156814
633	3975366	4364	0.51971004551263144666251037051552
636	3994207	4390	0.51851357859758917534520605840953
639	4013047	4410	0.51964623738839832434166510211071
642	4031888	4429	0.52632859742927751156571503088344
645	4050729	4447	0.53197555058407131056696925952565
648	4069569	4467	0.53412091694002816755215690136538
651	4088410	4484	0.53286101834272481259091591709876
654	4107250	4504	0.53123912495957925639089580727159
657	4126091	4527	0.53123154520049364890610377187841
660	4144932	4549	0.52861728115043438158693334116833
663	4163772	4571	0.52874938532000059776549960588454
666	4182613	4591	0.52244023108579618064339911143179
669	4201453	4613	0.53102475228965162479255468497286
672	4220294	4633	0.52797411050660525422273394724471
675	4239135	4653	0.52518826941662399843124831022578
678	4257975	4675	0.53399951066103878982715968959383
681	4276816	4703	0.53256407992083187874499117242522
684	4295656	4723	0.52801814356226473012867472789367
687	4314497	4750	0.53523856315510021097736625961261
690	4333338	4770	0.53339013226676490475597347540315
693	4352178	4790	0.5347783447814130619590855530987
696	4371019	4812	0.53827872287260969397237886369112
699	4389859	4831	0.5327125180153802208593560862937
702	4408700	4848	0.52744482059638453375072231210652
705	4427541	4868	0.53150948783085372184586958610453
708	4446381	4891	0.52771821723678669080470626795432
711	4465222	4910	0.53150141113198601239275831176201
714	4484062	4926	0.52580142785911365699291764030932
717	4502903	4954	0.53043133707430012435679600457661
720	4521744	4974	0.53709708906642694703492679764167
723	4540584	4993	0.54107273136830280613196464400971
726	4559425	5012	0.54341822331466305140423855846166
729	4578265	5030	0.54344470720827986465195635901182
732	4597106	5052	0.53908769384143373493145645625191
735	4615947	5075	0.54254276278334889749288549865014
738	4634787	5098	0.54117218922210263976069199998165
741	4653628	5121	0.53376320155500445174823198613012
744	4672468	5148	0.53633786880854616985203620060929
747	4691309	5170	0.53879947155377239109697029562085
750	4710150	5192	0.54323846167804368256781799573218
753	4728990	5212	0.53532679184218601164957362925634
756	4747831	5232	0.53794893551737765768905319418991
759	4766671	5255	0.53622879708466819614898213330889
762	4785512	5273	0.53293542513033609342443241985166
765	4804353	5292	0.53867157860908165822877435857663
768	4823193	5311	0.53693118820095486753984914685134
771	4842034	5331	0.54183378427310291414187304326333
774	4860874	5350	0.54706192213354942754932608295348
777	4879715	5369	0.55112252986529541853855107547133
780	4898556	5389	0.54884659405985358748836233644397
783	4917396	5408	0.55061228766535053047448400320718
786	4936237	5426	0.55138072818385674978003407886717
789	4955077	5442	0.54990946074750512995166218388476
792	4973918	5462	0.55284098572749362787703830690589
795	4992759	5485	0.55189585877334013108708177242079
798	5011599	5508	0.54869225058897441726912802550942
801	5030440	5527	0.54828091779906129588084695569705
804	5049280	5546	0.54248727835573418154524460987886
807	5068121	5565	0.546764012427747303490832564421
810	5086962	5585	0.54136943501652090571241160432692
813	5105802	5607	0.54114005894086736336845433470444
816	5124643	5628	0.5450111257586826019050363356655
819	5143483	5647	0.54579893168492144006620492291404
822	5162324	5667	0.54447574757198102801680761331227
825	5181165	5686	0.54721887013296299784315124270506
828	5200005	5705	0.55111450737516010089933615745394
831	5218846	5725	0.55865416803082357244392142092693
834	5237686	5745	0.55884131345784204825122287729755
837	5256527	5764	0.55229031166315711853798120500869
840	5275368	5786	0.54985204884800853442072821053443
843	5294208	5814	0.54958149399189271111509924594429
846	5313049	5833	0.54829757707965487423251715881634
849	5331889	5856	0.55245871680469915698807881199173
852	5350730	5879	0.55599573382447264879857584674028
855	5369571	5900	0.5502780617706257704213612669264
858	5388411	5922	0.55445874147069329485049138384056
861	5407252	5945	0.55151800449957255612076778561459
864	5426092	5965	0.55320093997944919106402039687964
867	5444933	5984	0.55009359508708655095432504822384
870	5463774	6007	0.55191512070794068733903259271756
873	5482614	6029	0.55535506195818862273938520957017
876	5501455	6046	0.55842091472951405073388286837144
879	5520295	6066	0.56087170583377066179764369735494
882	5539136	6083	0.55987938473707632436315861923504
885	5557977	6102	0.55977138151879579641700956926798
888	5576817	6130	0.56181593095807058624302499083569
891	5595658	6149	0.55975670100580610100138301277184
894	5614498	6169	0.56774891099513735692738691795967
897	5633339	6194	0.56835667854714666535898004440241
900	5652180	6220	0.57258868216430824915619268722367
