0	0	0	0.69314718055900481630260401288979
3	18843	58	0.69341661954455546812425836833427
6	37686	118	0.69285656237163184556493433774449
9	56529	175	0.69267078976970941628366063014255
12	75372	236	0.68839476137066513139473045157501
15	94215	293	0.68652198628234417654425669752527
18	113058	352	0.68513853739952246257871593115851
21	131901	416	0.68586494577274437212111024564365
24	150744	473	0.68515178804309029292340937900008
27	169587	531	0.68232910058518614349054587364662
30	188430	588	0.68155935239519416235509652324254
33	207273	646	0.6803491942811692450021610056865
36	226116	704	0.67740089974924944105083568501868
39	244959	760	0.67576167012323840044274447791395
42	263802	818	0.67313197764353294161310259369202
45	282645	876	0.67158094847717653141927485194174
48	301488	933	0.67050613188949781395820082252612
51	320331	990	0.67152548589529936773345752953901
54	339174	1047	0.67042598967647837326921944622882
57	358017	1104	0.66668802961098183601507116691209
60	376860	1161	0.66550297375622613493817425478483
63	395703	1219	0.66265160199877981561655815312406
66	414546	1276	0.66291645681787148003394349871087
69	433389	1333	0.66132449568765983016760401369538
72	452232	1390	0.65988091057280529039275052127778
75	471075	1447	0.65752735859139965768349611607846
78	489918	1504	0.65389709097720016828247935336549
81	508761	1561	0.65140237956964386345504181008437
84	527604	1618	0.64773258198561223242251116971602
87	546447	1675	0.64445272676717269000334908923833
90	565290	1731	0.64166969335859869172367098144605
93	584133	1788	0.64129238299481772234145182665088
96	602976	1845	0.63956252345033404171914526159526
99	621819	1902	0.63714001042022405663090012239991
102	640662	1959	0.63370685447165464587726546596969
105	659505	2016	0.632038520771598166803073581832
108	678348	2073	0.6282624201006500319621750350052
111	697191	2130	0.62657863428376980863276912714355
114	716034	2189	0.62362950099321656782791478690342
117	734877	2246	0.62092446241999998957084017092711
120	753720	2303	0.61979553601858750067066239353153
123	772563	2361	0.61724476203705003207744539395208
126	791406	2419	0.6135399532588889925932562618982
129	810249	2476	0.61294428456720850828531865772675
132	829092	2532	0.6141973282004240530795868835412
135	847935	2590	0.6142448250997467606993041044916
138	866778	2647	0.61364140156421487226623412425397
141	885621	2707	0.61017990425496460016319133501383
144	904464	2763	0.60887651314175861294586411531782
147	923307	2820	0.60566433828322552290757130322163
150	942150	2878	0.60409172179696180027264063028269
153	960993	2935	0.6008271138700744806726561364485
156	979836	2992	0.6006978367345576774738447056734
159	998679	3049	0.60114692097660005210002509556944
162	1017522	3114	0.6006064777067078308547820597596
165	1036365	3171	0.59807054656882430165865116578061
168	1055208	3227	0.59640291314876059391991702796076
171	1074051	3284	0.59495558776218526730872326879762
174	1092894	3341	0.59569775216421627650476011694991
177	1111737	3398	0.5918960720093550120779468670662
180	1130580	3455	0.58777931928665083649576672542025
183	1149423	3512	0.58571405779943475078397341349046
186	1168266	3570	0.58452809366321900608198802729021
189	1187109	3627	0.58295831363740269193129961422528
192	1205952	3684	0.58072186952325421938070348915062
195	1224795	3741	0.57980742747626023980700438187341
198	1243638	3798	0.57917958025449234327197700622492
201	1262481	3855	0.5779564492118208773874243888713
204	1281324	3912	0.57667179294297821190440345162642
207	1300167	3969	0.57562791074763586252061031700578
210	1319010	4026	0.5745798655745558702889752566989
213	1337853	4090	0.57395809697450062003554194234312
216	1356696	4148	0.57150914870616686958015861819149
219	1375539	4205	0.57124927805139757985841697518481
222	1394382	4263	0.57026912680592911630839125791681
225	1413225	4320	0.56861085077787298924789638476796
228	1432068	4378	0.56594268575187611780563656793674
231	1450911	4435	0.56570419418321793436632560769795
234	1469754	4492	0.5635745628647548244316567433998
237	1488597	4549	0.56259392396996898977334922165028
240	1507440	4606	0.56091841873781322913572466859478
243	1526283	4664	0.56098857249192168872298225323902
246	1545126	4721	0.55948519193383383640849615403567
249	1563969	4778	0.55845182162838702399909607265727
252	1582812	4835	0.55795825942248611362117571843555
255	1601655	4895	0.5557870712481977060193116813025
258	1620498	4953	0.55481599199144060463595451437868
261	1639341	5010	0.55238886956127630778468073913245
264	1658184	5067	0.55176313259757747697875629455666
267	1677027	5124	0.54914862664912977852083031393704
270	1695870	5180	0.54863739655616794443915296142222
273	1714713	5237	0.54698223600283180090286805352662
276	1733556	5294	0.54728155292502567164092397433706
279	1752399	5351	0.54506066764805272129024160676636
282	1771242	5408	0.54364717141766605301711479114601
285	1790085	5466	0.54305625145639646600415062493994
288	1808928	5530	0.54265101207827060036947841581423
291	1827771	5587	0.54196375422895914919507731610793
294	1846614	5644	0.54190670623259051819076148603926
297	1865457	5701	0.54232814398455819748789963341551
300	1884300	5758	0.54163679831127853336880662027397
303	1903143	5818	0.54060958716147666791584924794734
306	1921986	5875	0.53763768143987011871587355926749
309	1940829	5933	0.53709052646731292313120320613962
312	1959672	5990	0.53572228502893126655948208281188
315	1978515	6053	0.533156533729326587156549521751
318	1997358	6110	0.53178806644915566081976976420265
321	2016201	6167	0.5309844570413289055466066201916
324	2035044	6224	0.52895461730792958654490121261915
327	2053887	6283	0.52740905761815704000383675520425
330	2072730	6340	0.52487509490543826640163160845987
333	2091573	6397	0.524389506112714398611274191353
336	2110416	6455	0.52312735477210925427726806447026
339	2129259	6512	0.52148902331717872371541488973889
342	2148102	6569	0.52035672863615178851404152737814
345	2166945	6626	0.51898617765986021499458047401276
348	2185788	6683	0.51647350516945600418239337159321
351	2204631	6740	0.51570976876073237882280864141649
354	2223474	6797	0.51378654961719771865347183847916
357	2242317	6855	0.51265815934570702072647918612347
360	2261160	6912	0.51011586341954862078296173422132
363	2280003	6969	0.5099265651458120274241991864983
366	2298846	7027	0.50987847625892668279590225210995
369	2317689	7084	0.5074580732927896908890375016199
372	2336532	7141	0.50559207005929973632873952738009
375	2355375	7203	0.50427555099344889555368354194798
378	2374218	7260	0.50236100330927502266575856992858
381	2393061	7317	0.50087320052150696714221567162895
384	2411904	7378	0.50040220594476858551047371292952
387	2430747	7435	0.49817957546790164746752793689666
390	2449590	7493	0.49690566757994081292792998283403
393	2468433	7550	0.49527400943637517327644559372857
396	2487276	7607	0.49474406844268314920043394522509
399	2506119	7664	0.49507941105453928676283226195665
402	2524962	7721	0.49301264907772701651111901810509
405	2543805	7778	0.49354042679098714119234614372544
408	2562648	7835	0.49352694818607445448321868752828
411	2581491	7892	0.49292534168412932560343620025378
414	2600334	7949	0.49099441393803039401788623763423
417	2619177	8005	0.48863668160372086823883819306502
420	2638020	8062	0.48832913568000735349272645180463
423	2656863	8120	0.48678549940839010989890311975614
426	2675706	8177	0.48687945606639171369778296138975
429	2694549	8234	0.48570212617836683310912349043065
432	2713392	8291	0.48373766990413225030920330027584
435	2732235	8350	0.48333169892654914701068946669693
438	2751078	8407	0.48346461429173692714300614170497
441	2769921	8464	0.48239686358733629978345902600267
444	2788764	8521	0.48122798327240046134534168231767
447	2807607	8578	0.48055600584338098446579579103854
450	2826450	8635	0.48088816450445187600237773040135
453	2845293	8692	0.48084499909403388695494641069672
456	2864136	8750	0.47945250871497463451831322345242
459	2882979	8808	0.47809960905411591491898093408963
462	2901822	8867	0.47617851191031734803260633270838
465	2920665	8924	0.47576973686297185928140152100241
468	2939508	8984	0.47501315825513706903038269047101
471	2958351	9040	0.47393342613624328540922192587459
474	2977194	9104	0.4719959778947495077083829073672
477	2996037	9161	0.47100248285981116680432023713365
480	3014880	9218	0.4695906658375160191987163216254
483	3033723	9275	0.46863300240209432301341507809411
486	3052566	9332	0.46742599137790363794664472152363
489	3071409	9390	0.46748710556122990977812037272088
492	3090252	9447	0.4667000122189526867266806675616
495	3109095	9505	0.46508527926630172100175286686863
498	3127938	9562	0.46495384166257741620498222800961
501	3146781	9621	0.46533234382288185537746016962046
504	3165624	9685	0.46416691610719285066011252638418
507	3184467	9742	0.46288550401826078495304273019428
510	3203310	9799	0.46280312479837620864842051560117
513	3222153	9858	0.46108854710672014798333862017898
516	3240996	9915	0.46138988184309054352283396838175
519	3259839	9974	0.46184065150835007518281827287865
522	3278682	10031	0.46046257255610539838031058934575
525	3297525	10088	0.45960396141058657004663245970733
528	3316368	10145	0.45771614420286166335927191539668
531	3335211	10203	0.4567238987987726761552664811461
534	3354054	10260	0.45666745614419951282414444904134
537	3372897	10319	0.45597392174114387275452031644818
540	3391740	10376	0.45491118673266828231760428025154
543	3410583	10433	0.45316054295836277754361276493
546	3429426	10490	0.45292038396315559278804130372009
549	3448269	10546	0.45234949299030996483494959647942
552	3467112	10603	0.45161450070197550754613757817424
555	3485955	10660	0.45048659770711485528238426923053
558	3504798	10717	0.45013512259902305201464400852274
561	3523641	10774	0.4493850982684843287096043695783
564	3542484	10831	0.44932756708772902953796801739372
567	3561327	10889	0.44866134861411810508258213303634
570	3580170	10945	0.44865893598921097185083795011451
573	3599013	11002	0.44946877698619958074743863107869
576	3617856	11059	0.44892013582916290292956773555488
579	3636699	11117	0.44798869048998463116006973905314
582	3655542	11175	0.44549888259345704621949835200212
585	3674385	11232	0.44485040518081098159797193147824
588	3693228	11289	0.44272076216697198169924831745448
591	3712071	11346	0.44143165360262437424410109088058
594	3730914	11403	0.43932146936866550701594746897172
597	3749757	11460	0.43833878260066572174480370449601
600	3768600	11517	0.43703880824290908257978571782587
603	3787443	11574	0.4364473956621096606411924767599
606	3806286	11631	0.43733855542433741625529819430085
609	3825129	11689	0.43708854669163954564936602764647
612	3843972	11746	0.43618330151503781344501931016566
615	3862815	11803	0.43522008897197445032034579526226
618	3881658	11861	0.43370542457168942407363942947995
621	3900501	11918	0.43307046324836057094032071290712
624	3919344	11975	0.43249405884108815811828208097722
627	3938187	12039	0.43310350827146748553531097059022
630	3957030	12096	0.4322467042940839054843138455908
633	3975873	12159	0.43197765298484591678374044931843
636	3994716	12216	0.43130336501928578929465629698825
639	4013559	12273	0.43043397094937629887567709374707
642	4032402	12330	0.42915389667874970225369679610594
645	4051245	12387	0.4273385739765491742048197920667
648	4070088	12444	0.42659109474442724607712307260954
651	4088931	12501	0.4262664687066878843602069082408
654	4107774	12565	0.42614521378429481845984128085547
657	4126617	12622	0.42501563563122934930049723334378
660	4145460	12679	0.42366810154296169477206035480776
663	4164303	12736	0.42262203574809942274725926836254
666	4183146	12793	0.42243835716312216899126497082761
669	4201989	12853	0.42079045347320548353664548812958
672	4220832	12911	0.42022260913233777657183054543566
675	4239675	12968	0.4189921920830287915826772859873
678	4258518	13025	0.41753348212123442273480122821638
681	4277361	13082	0.4160725689188698450671211048757
684	4296204	13139	0.41471375455512510255218217025686
687	4315047	13196	0.41414662802354024195850001888175
690	4333890	13253	0.41396850655409916930338454221783
693	4352733	13310	0.41280111088611448622032185085118
696	4371576	13367	0.41211739809942116163909986426006
699	4390419	13424	0.41096159341532118025597242194635
702	4409262	13482	0.4103818044748238635932580109511
705	4428105	13539	0.41013189568209890145666918215284
708	4446948	13596	0.40953966463402685649342060969502
711	4465791	13662	0.40959821253006795105378046173428
714	4484634	13719	0.40912382243772876799781101908593
717	4503477	13777	0.4085085067990067431153988763981
720	4522320	13834	0.40738612880882130173887389901211
723	4541163	13891	0.406839641187717537818002710992
726	4560006	13948	0.40617147962848348941022891267494
729	4578849	14005	0.40539926413193461129935712961014
732	4597692	14062	0.40547474532932797908202360304131
735	4616535	14124	0.40417132960673307628951533843065
738	4635378	14184	0.40347145031689934935315022812574
741	4654221	14241	0.40213208481567697116787485356326
744	4673064	14298	0.40081065344316568754834406718146
747	4691907	14355	0.3999099223775142153414208223694
750	4710750	14411	0.39944616064971477653600118173927
753	4729593	14469	0.39886430224563762525491483756923
756	4748436	14533	0.39808799260326838131973659073992
759	4767279	14593	0.39797655056978553655966379665188
762	4786122	14650	0.39678388916363455107827462597925
765	4804965	14707	0.39610775170336526285197464858356
768	4823808	14764	0.39596856250739448368491935070779
771	4842651	14821	0.39519608113715243291608203435317
774	4861494	14878	0.39415085857950460379584001202602
777	4880337	14935	0.39407353144399426270183539600112
780	4899180	14992	0.39434222383537165246281119834748
783	4918023	15049	0.3940291352458175078155022674764
786	4936866	15108	0.39350768957905535305741295815096
789	4955709	15165	0.39308224597083890605730971401499
792	4974552	15222	0.39254789833486514183391591359396
795	4993395	15279	0.39201921932961292238672967869206
798	5012238	15336	0.39103047347926356280822801636532
801	5031081	15403	0.39114136687531936287243183869577
804	5049924	15460	0.39033017984807033551319932485058
807	5068767	15517	0.38781431434898705479241698412807
810	5087610	15574	0.38724768743503112933268539563869
813	5106453	15631	0.38716705898636699645365411015518
816	5125296	15695	0.38710812333418487263259066821774
819	5144139	15752	0.38569270603090655136213626974495
822	5162982	15809	0.38681647602596475055136693299573
825	5181825	15866	0.38595845147126217611344145552721
828	5200668	15924	0.38564438928407723805591444943275
831	5219511	15981	0.3854061449739817346582526624843
834	5238354	16038	0.38450641555997938647593059613428
837	5257197	16095	0.3832888244097672481025540491828
840	5276040	16153	0.38256208901556265633558950867155
843	5294883	16211	0.3818748304563740481043510044401
846	5313726	16268	0.38116050710231236253733300145541
849	5332569	16325	0.38005879281178917006300821412879
852	5351412	16382	0.37939570342832223959206316976633
855	5370255	16439	0.37932907139733806900494528235868
858	5389098	16496	0.3789848073648838244764647242846
861	5407941	16555	0.37788158919283570957858842120913
864	5426784	16613	0.3777908373686948428904486263491
867	5445627	16670	0.37764592854595407933615547335648
870	5464470	16728	0.37718220739255681195345459855162
873	5483313	16785	0.37626431725878611844748888870527
876	5502156	16842	0.37576894651816117320919374833466
879	5520999	16905	0.37519563988428061840352256695041
882	5539842	16962	0.37449343947776153607165383618849
885	5558685	17019	0.37350220688612345565360328691895
888	5577528	17075	0.37296459159908673663963440958469
891	5596371	17132	0.37256422332146621467785507775261
894	5615214	17189	0.37205277821017651573853868285369
897	5634057	17248	0.37167373452293145374980554151989
900	5652900	17306	0.37075583048213284209637663479953
