0	0	0	0.69314718055900481630260401288979
3	18843	84	7.4957629160382053257194456818979
6	37686	161	6.2465026264973744218877982348204
9	56529	265	5.9791701189457233667212676664349
12	75372	353	6.7224261479427287468979557161219
15	94215	429	7.5365156756224438439062396355439
18	113058	517	8.4226136354319489640829488052987
21	131901	592	8.856010365019866270586135215126
24	150744	678	9.6988394476405268562757555628195
27	169587	754	10.224847361376443899416699423455
30	188430	829	10.851102339484402392599804443307
33	207273	916	10.716657440244448551425193727482
36	226116	992	10.481638734082062924812817072961
39	244959	1078	12.19772537703442694123623368796
42	263802	1153	14.184635818190105993608085555024
45	282645	1241	13.894428860922737101191160036251
48	301488	1317	14.036282253417232013248394650873
51	320331	1405	14.517989891180148376292891043704
54	339174	1480	15.265983057005147571771885850467
57	358017	1557	15.760209748230094461973749275785
60	376860	1644	17.222726104400120306081589660607
63	395703	1725	17.401671078798891301175899570808
66	414546	1815	18.546099740597760785476566525176
69	433389	1891	19.668822783780797180952504277229
72	452232	1967	18.957490772434098857956996653229
75	471075	2042	18.853835295114730996601792867295
78	489918	2129	18.952885861607658313232604996301
81	508761	2205	19.939072712536454190512813511305
84	527604	2294	21.170100106392951033740246202797
87	546447	2381	23.113226549155704958593560149893
90	565290	2459	23.859935863739522687865246552974
93	584133	2549	24.024884065004791011688212165609
96	602976	2624	24.324059029954881339108396787196
99	621819	2700	25.77101610896585981436146539636
102	640662	2787	26.631367513102169652938755461946
105	659505	2867	27.286759942303195458634945680387
108	678348	2953	27.873964877108488025214683148079
111	697191	3029	28.68410033168193606911700044293
114	716034	3114	28.976253075997703945176908746362
117	734877	3189	28.824462610426081710102153010666
120	753720	3277	29.003079633880446408511488698423
123	772563	3355	28.752046487540766861457086633891
126	791406	3436	29.460322209542173510499196709134
129	810249	3519	29.405368233567919844517746241763
132	829092	3595	30.350763914792597830683007487096
135	847935	3684	30.937374438055663006252871127799
138	866778	3760	30.772910494992714802720001898706
141	885621	3846	31.649867000706962016920442692935
144	904464	3937	32.088073497249276044840371469036
147	923307	4012	32.962873280753818505672825267538
150	942150	4087	32.852836541297740780009917216375
