0	0	0	0.69314718055914625871594125783304
3	442	0	0.68143512682519924439361602708232
6	885	0	0.6682792941763444627412127374555
9	1327	1	0.65583128428348402838565789352288
12	1770	1	0.63868815238375487020050513820024
15	2212	1	0.62703401420329085702576321637025
18	2655	2	0.61751370087408863351896570748067
21	3097	2	0.60696265985916997287574758956907
24	3540	3	0.59695446773385452132743012043647
27	3982	3	0.5839822161828660540550117730163
30	4425	3	0.57468900190808713812629093808937
33	4868	4	0.56692540179888673002039922721451
36	5310	4	0.55843238015246010608194637825363
39	5753	4	0.55035467372986179857008437465993
42	6195	5	0.54047340446421576753976978579885
45	6638	5	0.5330409352144253043448429707496
48	7080	6	0.52663794654404672002101506222971
51	7523	6	0.51972957715484602303490646590944
54	7965	6	0.51312871127229220391541275603231
57	8408	7	0.50557880205179517307811920545646
60	8851	7	0.49955525536817524390187372773653
63	9293	8	0.49423448365763905654191034955147
66	9736	8	0.48858014298287810728282920536003
69	10178	8	0.48315481635050494535477128010825
72	10621	9	0.47730200850552334523868580618
75	11063	9	0.47237784605364863121934604350827
78	11506	9	0.46791126931390281118439133933862
81	11948	10	0.46323769998774561029719620819378
84	12391	10	0.45873029134977638676673450390808
87	12834	10	0.4541593689868963501510279456852
90	13276	11	0.45008530592342932408200795180164
93	13719	11	0.44631037831016573402820313276607
96	14161	11	0.44240514158405935818407783699513
99	14604	12	0.43862562943370109191931760506122
102	15046	12	0.43503014747107821014182604812959
105	15489	12	0.4316326847006971001441399948817
108	15931	13	0.42841362516236736190933243051404
111	16374	13	0.42512514682143337507724822899036
114	16816	13	0.42192472135958253298682052445656
117	17259	14	0.4190597840917852923148245736229
120	17702	14	0.41620884656663309497659497537825
123	18144	14	0.41344164807865552146992627058353
126	18587	15	0.41065119722160808857225333667884
129	19029	15	0.40791620080937607273341427571722
132	19472	16	0.40560984475790762271429912289022
135	19914	16	0.40318765919006527287393737424281
138	20357	16	0.40079136381872865202424804920156
141	20799	16	0.39840437314017373982011349653476
144	21242	17	0.39605349874643436258736528543523
147	21685	17	0.39417997471114418761573006122489
150	22127	18	0.39210886646039005976049907076231
153	22570	18	0.39001991937337193716572869561787
156	23012	18	0.38796290185500603708845801520511
159	23455	19	0.38592820592482302011205774761038
162	23897	19	0.38439495601359807697150472449721
165	24340	19	0.38261492919190637218562756061147
168	24782	20	0.38078491584320783847061875349027
171	25225	20	0.37900151037299856238149686760153
174	25668	20	0.37722612513358211305813938452047
177	26110	21	0.37596196950134935788057077843405
180	26553	21	0.37441854778078298426891024064389
183	26995	21	0.3728031407799889396237347227725
186	27438	22	0.3712462061388909217996001643769
189	27880	22	0.36969065130278550013187555123295
192	28323	22	0.36863983444862991056822920654668
195	28765	23	0.36729182165914614488499978506297
198	29208	23	0.36585981934067024479162455463666
201	29650	23	0.36449318063410757195796918495034
204	30093	24	0.3631177772984525153887602755276
207	30536	24	0.36223895043414233718692685215501
210	30978	24	0.36105623896583083354272503129323
213	31421	25	0.359781522866403247196132042518
216	31863	25	0.35857426397851266397509562011692
219	32306	25	0.35735434549865724429551505636482
222	32748	26	0.35661071878734956763778995991743
225	33191	26	0.35556960470802823071068132776418
228	33633	26	0.35442851069527220309041126711236
231	34076	27	0.35335758490313601276611166213115
234	34519	27	0.35226889658986382247718438520678
237	34961	27	0.35163652047884175200209710965282
240	35404	28	0.35071367374185724585800016939174
243	35846	28	0.3496881946852926081881207664992
246	36289	28	0.34873305859701081432788782876742
249	36731	29	0.34775611540977047209111105985357
252	37174	29	0.3472138293337467263022233510128
255	37616	29	0.34639138549074971473729078752513
258	38059	30	0.3454659125068326175345134743111
261	38502	30	0.34461014853943122693280542989669
264	38944	30	0.3437296936380830891799575965706
267	39387	31	0.34326107869076111223094471824879
270	39829	31	0.3425245255700290480938008386147
273	40272	31	0.34168521201903934159105347134755
276	40714	32	0.34091477851275103772010766078893
279	41157	32	0.34011675945780861507472536686691
282	41599	33	0.3397087610304712623765510670637
285	42042	33	0.33904717502290987463098304033338
288	42484	33	0.33828455898339121477036428586871
291	42927	34	0.33758813921327124329962998672272
294	43370	34	0.33686364469179042036017790451297
297	43812	34	0.33650549803453366770611410174752
300	44255	35	0.33591012128542729886504503156175
303	44697	35	0.33521578732422302460136620538833
306	45140	35	0.33458378532099292135271184633893
309	45582	35	0.33392242450831577382786008456605
312	46025	36	0.33360499756061540166385270822502
315	46467	36	0.33306444127359235984897622984136
318	46910	36	0.33242867889108890233629267640936
321	47353	37	0.33185438971363800941816180056776
324	47795	37	0.33124771270069258699564329617715
327	48238	37	0.3309645656644453204364708653884
330	48680	38	0.33047329619809112655204330621928
333	49123	38	0.32989015833213536366130824717402
336	49565	38	0.32936302964280222971282796606829
339	50008	39	0.32880526437914769921633251215098
342	50450	39	0.32855028335301006414681523892796
345	50893	39	0.32810194647539792089929733265308
348	51336	39	0.32756341028332758291696791275172
351	51778	40	0.3270799554683790910658558459545
354	52221	40	0.32656406152359829242470823373878
357	52663	40	0.32633274629898412211304048469174
360	53106	41	0.32592228946560208857619045375031
363	53548	41	0.32542524634356301271864708724024
366	53991	41	0.3249808459497048884756509323779
369	54433	42	0.32450276785198639561969002897968
372	54876	42	0.32429083106284417592490854076459
375	55319	42	0.32391336625147376659938913689984
378	55761	43	0.32345318237239761849366459500743
381	56204	43	0.32304126623039386423386076785391
384	56646	43	0.32259645531568553744605765132292
387	57089	44	0.32240099381574160997132594275172
390	57531	44	0.32205338369217417771039890794782
393	57974	44	0.32162614728792543461466379994818
396	58416	44	0.32124405121353949432716490264283
399	58859	45	0.3208293594914593538369729230908
402	59301	45	0.32064742210580465808789085713215
405	59744	45	0.32032583070330339358733340304752
408	60187	46	0.3199280499524539966849090433243
411	60629	46	0.31957271540994580671934954807512
414	61072	46	0.31918444298948867032805765120429
417	61514	47	0.31901386299928408130099910522404
420	61957	47	0.31871574424901083499861442760448
423	62399	47	0.31834479471921389714950123561721
426	62842	47	0.31801316179294708552660608802398
429	63284	48	0.31764829571005059882793375436449
432	63727	48	0.31748728371826984151482520246645
435	64170	48	0.31721032187128983537149906624109
438	64612	49	0.31686354915312453517373114664224
441	65055	49	0.31655317156761747510174132003158
444	65497	49	0.31620963209397534576794441818492
447	65940	50	0.31605736522446992164958601279068
450	66382	50	0.31579883503962408175524956277513
453	66825	50	0.31547390978425438046173212569556
456	67267	51	0.3151827287159273960348571108625
459	67710	51	0.31485840506073325961722275678767
462	68153	51	0.31471170572048201563575275940821
465	68595	51	0.3144701014223441615236254165211
468	69038	52	0.31416459704506000116808195343765
471	69480	52	0.31389038878726627235238311186549
474	69923	52	0.31358326761371230206876248303161
477	70365	53	0.31344195332753849170259741185873
480	70808	53	0.31321539627375211134463484086154
483	71250	53	0.31292818709901842888498890715709
486	71693	53	0.31266943448752015921598967906903
489	72135	54	0.31237778473909022514121147651167
492	72578	54	0.31224105688065678654297130378836
495	73021	54	0.31202843994621964895941346185282
498	73463	55	0.31175763083064356173679243511287
501	73906	55	0.31151285464988909268413408426568
504	74348	55	0.31123541087580564035164343295037
507	74791	56	0.31110210091643303309538737266848
510	75233	56	0.31090168005579610355226805040729
513	75676	56	0.31064579353432042463367679374642
516	76118	57	0.3104136527632030406742558170663
519	76561	57	0.31014891579092901396919046419498
522	77004	57	0.31001863725107375868716985678475
525	77446	58	0.30982955571053361065736453383579
528	77889	58	0.30958726466101160745836295973277
531	78331	58	0.30936642981623457826501066847413
534	78774	58	0.30911356802856360115328016036074
537	79216	59	0.30898575745945250359270062290307
540	79659	59	0.30880676855037764161338031954074
543	80101	59	0.30857703281343157319938086402544
546	80544	60	0.30836670829197132537302650234778
549	80987	60	0.30812453314110715973939136347326
552	81429	61	0.30799866127284802885810677253176
555	81872	61	0.30782900875014795882833595896955
558	82314	61	0.30761094546376799296893977953005
561	82757	61	0.30741006684567007134489813324763
564	83199	62	0.30717751245453500663629142763966
567	83642	62	0.30705315622062873126552062785777
570	84084	62	0.3068919030654863044915714453964
573	84527	63	0.30668423092361030146690836772905
576	84969	63	0.30649194641337335065500724340382
579	85412	63	0.30626833847205636729427169484552
582	85855	64	0.30614529592369671417984022809833
585	86297	64	0.30599190623372546360414503396896
588	86740	64	0.30579407613318426717441411710752
591	87182	65	0.30560964843377558253223469364457
594	87625	65	0.30539436509534878538829616445582
597	88067	65	0.30527227124479522357702876433905
600	88510	66	0.30512590512055204339247893585707
603	88952	66	0.30493706260979858146953347386443
606	89395	67	0.30475980948736164366508205603168
609	89838	67	0.3045519752257451195909254693106
612	90280	67	0.30443047774384729420305006897252
615	90723	68	0.3042907616628729994268098835164
618	91165	68	0.30411033337963255807068208014243
621	91608	68	0.303939806515498844863287786211
624	92050	69	0.30373877404143906355571402855276
627	92493	69	0.3036177903514959974806686204829
630	92935	69	0.30348407116625297774703540198971
633	93378	70	0.30331126745703251845753811721806
636	93821	70	0.30314677933805572740411093946022
639	94263	71	0.30295202760621992021938808647974
642	94706	71	0.30283132948445162790918061546108
645	95148	71	0.30270303866867737108137248469575
648	95591	72	0.30253736117836610430842370078608
651	96033	72	0.30237846018924535718142010409792
654	96476	72	0.30218952646181251875390216810047
657	96918	73	0.30206904963869385394303890279843
660	97361	73	0.30194583073884517787632830732036
663	97803	73	0.30178688612422854831152108090464
666	98246	74	0.30163310845423835226952746779716
669	98689	74	0.30144950392838226749248065061693
672	99131	74	0.30132914750985839713592895350303
675	99574	75	0.30121057764234510090162189044349
678	100016	75	0.30105775384715993681084000854753
681	100459	76	0.30090873303321213905192621496099
684	100901	76	0.30073038760060599727808039460797
687	101344	76	0.30061002112930929053291606578568
690	101786	76	0.30049578131744936193570083560189
693	102229	77	0.30034875045167674922907963264151
696	102672	77	0.30020415923918475353815438211313
699	103114	78	0.30003051620238074814750461882795
702	103557	78	0.29991011427320257709538964263629
705	103999	78	0.29979989449358585007487931761716
708	104442	79	0.29965808703267921009327778847364
711	104884	79	0.29951753660401120304968003438262
714	105327	79	0.29934823163180074301337185715965
717	105769	80	0.29922774631150306223759116619476
720	106212	80	0.29912115792071714004407567699673
723	106655	80	0.29898439626159950543993204519211
726	107097	81	0.298847599141968955915871219986
729	107540	81	0.29868229393251188863445122478879
732	107982	81	0.29856169088555317703281843932928
735	108425	82	0.29845853128522564778890568959469
738	108867	82	0.29832635725518052982607741796528
741	109310	83	0.29819307411877099545094438326487
744	109752	83	0.29803161949703238509101765885134
747	110195	83	0.29791076362313889669408695226593
750	110638	84	0.29781088912301051374598159782181
753	111080	84	0.29768311551581649876396795662004
756	111523	84	0.29755310280536628741998583791428
759	111965	85	0.29739505000231986064918032752757
762	112408	85	0.29727398975154001314891161200649
765	112850	85	0.29717707417284289217462855958729
768	113293	86	0.29705335078433153794819077120337
771	113735	86	0.29692640325064129092069720172731
774	114178	87	0.29677178194797293464546328323195
777	114620	87	0.29665056886783169876053989355569
780	115063	87	0.29655642841922669195042772116722
783	115506	88	0.29643655757683567975035998642852
786	115948	88	0.29631240509917106118464857900108
789	116391	88	0.29616089878259749257338739880652
792	116833	89	0.29603944949003957454181090724887
795	117276	89	0.29594785552580621379448189145478
798	117718	90	0.29583247519301986150352945514896
801	118161	90	0.29571096821000070198337539295608
804	118603	91	0.29556236971730637241861927577702
807	119046	91	0.29544065385365836373665615610662
810	119489	92	0.29535147438632747274311896035215
813	119931	92	0.29523859199311025536260899571062
816	120374	92	0.29511957709604830224492388879298
819	120816	93	0.29497373250490738216811337224499
822	121259	93	0.29485187618255598307470677355013
825	121701	94	0.29476488786877963477195407904219
828	122144	94	0.29465508536356915803011702337244
831	122586	95	0.29453841873406882978514431670192
834	123029	95	0.29439510028191639978700777646736
837	123472	96	0.29427298193450729391074105478765
840	123914	96	0.29418813729440140836146611036384
843	124357	97	0.29408138194383143249055478918308
846	124799	97	0.2939668668023812658773863404349
849	125242	98	0.29382610776448453426823448353389
852	125684	98	0.29370385467660670153478008614911
855	126127	99	0.29362107541399196097842150265933
858	126569	99	0.29351714871797657258056801765633
861	127012	100	0.29340471027980458140760333662911
864	127454	100	0.29326633826269643545714416177361
867	127897	100	0.29314387926555346419732472895703
870	128340	101	0.29306290512816307591847930780204
873	128782	101	0.29296165843395588490594150243851
876	129225	102	0.29285114811195178674552153097466
879	129667	103	0.29271498740858004072862286193413
882	130110	103	0.29259234481251283899183590619941
885	130552	104	0.29251310485776094161280980188167
888	130995	104	0.29241433581690456922075327383936
891	131437	105	0.2923056388208039035880858591554
894	131880	105	0.29217154421262453434238182126137
897	132323	105	0.29204882984016172775554309737345
900	132765	106	0.29197129510132230345575976571126
