0	0	0	0.69314718055914625871594125783304
3	4913	272	0.6787021590913933088984322239412
6	9883	551	0.66489802467652325823621595191071
9	14797	860	0.65175513973889409591322419146309
12	19710	1169	0.63918723378361885778531359392218
15	24624	1487	0.62719028615173566532092763736728
18	29594	1800	0.61576403981717331426182227005484
21	34508	2118	0.60483010866327413523890754731838
24	39478	2429	0.5944062812401172957166295418574
27	44391	2736	0.58444725443399891950946312135784
30	49362	3005	0.57495691773003154700916184083326
33	54275	3271	0.56587537791359865391171979354112
36	59189	3537	0.55720039498902829144810766592855
39	64102	3805	0.54889263156938272736340422852663
42	69016	4078	0.54094017508320879628058719390538
45	73986	4346	0.53333886890221804399914162786445
48	78899	4618	0.52605810509543560193890243681381
51	83870	4894	0.51907919452256756631669531998341
54	88783	5205	0.51240696251350481560393745894544
57	93697	5516	0.50600828637087169603603342693532
60	98610	5850	0.49986632745446457626314895605901
63	103694	6168	0.49397069311830149596076466878003
66	108665	6478	0.48831530390110278183612990687834
69	113578	6803	0.48290054198487891712332498173055
72	118605	7097	0.47769633281932971646810415222717
75	123519	7374	0.47268859417134584388620055506181
78	128546	7646	0.46787730737548255399715912972169
81	133516	7911	0.46325561766961625975724814452406
84	138430	8176	0.45880186276774886922069640604605
87	143343	8443	0.45451617753389850218326273534331
90	148257	8714	0.45039118224417079572319266844715
93	153227	8983	0.44641763414855950564685826975619
96	158140	9264	0.44259278338049617973481986155093
99	163168	9574	0.43890347377028038344803917425452
102	168081	9885	0.43534641010853647458134219050407
105	172995	10209	0.43191365014152710566364135047479
108	178022	10520	0.42860470237873571353048873788794
111	182935	10838	0.42541009564626119932029268966289
114	187906	11168	0.42232376558573120339801221234666
117	192990	11476	0.41934173184133027856290709678433
120	197960	11759	0.41646246142477139073889702558517
123	203044	12028	0.41367997656257199379226108248986
126	207957	12295	0.41098793327522081808567122607201
129	212871	12567	0.40838507133469470478104312860523
132	217841	12838	0.4058683831839449696055055483157
135	222812	13122	0.40343156176548949920501740962209
138	227896	13394	0.40107326377807966943933593029215
141	232866	13659	0.39878844958677373000455190776847
144	237779	13978	0.39657374440897746881162788668007
147	242750	14291	0.39442758697798041556126236173441
150	247663	14601	0.39234666826746450452034764566633
153	252577	14913	0.39032899628540207448423871028353
156	257490	15225	0.38837098883240223079482689172437
159	262404	15546	0.38647168619270172440494093279995
162	267431	15857	0.38462995129337118616064117304632
165	272344	16127	0.38284028624331351009502100168902
168	277315	16400	0.38110259156004766545322581805522
171	282285	16666	0.37941486078612568499934809551632
174	287198	16932	0.37777513343914115306887424594606
177	292112	17204	0.37618089053212272476756083960936
180	297082	17482	0.37463183396322596863114995358046
183	302109	17760	0.37312453420021768346614976508135
186	307137	18039	0.37165882421409707214721152013226
189	312164	18347	0.37023292138904889680972587484575
192	317077	18669	0.36884495623232443906047706150275
195	322104	18985	0.36749376855210003078866520809243
198	327075	19296	0.36617820573095655189987951416697
201	331988	19617	0.36489729043097995919708864676068
204	337015	19933	0.36364943435734781163048978669394
207	341986	20244	0.36243342230246650137459596408007
210	346899	20512	0.36124801258364092060304528786219
213	351813	20778	0.36009304802169206372042253860855
216	356726	21045	0.35896668466121928187106959740049
219	361640	21318	0.35786801973458903791680540962261
222	366610	21583	0.35679649502240989855650354911631
225	371523	21851	0.35575059237381972954139541798213
228	376437	22117	0.35472996083485974772031568136299
231	381350	22381	0.35373394840175231834678015729878
234	386264	22694	0.35276104226446713951759193150792
237	391177	23011	0.35181060171030947847370384806709
240	396148	23323	0.35088300056035498508677505924425
243	401061	23640	0.34997622775312120513291347378981
246	406032	23950	0.34909048271274001340458426057012
249	410945	24278	0.34822464254817203643810330504493
252	415972	24587	0.3473782054002991781516129776719
255	420886	24859	0.34655028838784768252523349474359
258	425799	25132	0.34574095157358647467660262009304
261	430769	25402	0.34494909839797049944110085561988
264	435740	25672	0.34417455427681326041167153562128
267	440710	25938	0.34341649230988030572220282010676
270	445624	26211	0.34267447700392827947268870047992
273	450594	26479	0.34194816463775079551368207830819
276	455507	26749	0.34123700393636058336710448202211
279	460421	27056	0.34054069366471334534551829165139
282	465334	27365	0.33985840646456338953740328179265
285	470248	27680	0.3391899859612118039997596952162
288	475218	28000	0.33853505833977548533653134654742
291	480188	28311	0.33789305664836610798573701686109
294	485102	28622	0.33726372652423702858115461822308
297	490015	28933	0.33664802347042865893200769278337
300	494929	29198	0.33604429679353875481950808534748
303	499842	29464	0.33545216480241746292989546418539
306	504756	29737	0.33487035912778184698623817894259
309	509726	30005	0.33429969713084783933254584553652
312	514640	30271	0.33373975254165533232963980481145
315	519553	30548	0.33319009533046189952543159051856
318	524580	30825	0.33265062132608552714074789946608
321	529608	31089	0.33212207167997376267010167794069
324	534521	31400	0.33160406292157768026740427558252
327	539434	31721	0.33109433925724418568137252805172
330	544405	32038	0.33059267661758817702377655223245
333	549375	32370	0.33010074384555981863442752910487
336	554289	32682	0.32961754278572702459015886233828
339	559202	33019	0.3291417180035188239095589324279
342	564343	33330	0.32867492860423569434047408321931
345	569256	33598	0.32821520098612222415823680421454
348	574170	33870	0.3277631547763117936256094253622
351	579140	34151	0.32731872354928281954045132806641
354	584167	34417	0.32688161199218712660297114780406
357	589081	34690	0.32645169659039657839016967955104
360	594051	34973	0.32602886255849117258520664108801
363	599135	35251	0.32561256191652115932200217685022
366	604162	35517	0.32520298041885037365616994975426
369	609076	35834	0.32480093292871625720863448805176
372	614046	36144	0.32440427502616531185708481643815
375	618960	36470	0.32401377735625819243026057847601
378	623987	36794	0.32362913446419794283315241045784
381	629014	37104	0.32325048323755123380607301442069
384	633928	37422	0.32287746649507653717847688312759
387	638898	37734	0.32250997140488957271031722484622
390	643811	38006	0.32214803119138496478868205485924
393	648782	38278	0.32179139182740579272490322182421
396	653752	38552	0.3214397907907696194662605648773
399	658722	38837	0.32109330531340996017775069049094
402	663806	39115	0.32075176204279592928614306401869
405	668834	39381	0.32041510838123088422690898369183
408	673747	39653	0.32008313995668730145283120691602
411	678717	39921	0.31975574167055115237801032890275
414	683631	40230	0.31943283892973217685806730514742
417	688544	40550	0.3191143834799919365430298512365
420	693515	40870	0.31880017027269369478403859829996
423	698485	41182	0.31849011521702880189721440729045
426	703398	41501	0.31818426103655866876707136725599
429	708369	41811	0.31788236311384976406912983293296
432	713282	42133	0.31758429758967759992671631152916
435	718253	42400	0.31729008531020974626102315596654
438	723166	42667	0.31699957875731843426336808988708
441	728080	42935	0.31671277306204026480429547518725
444	732993	43206	0.31643049708239129325093585975992
447	737907	43476	0.31615082172819269912267259314831
450	742877	43751	0.31587439864199440275882579953759
453	747847	44021	0.31560137924014236565639635045954
456	752761	44296	0.31533168322092097746178751549451
459	757731	44613	0.3150652474230840049962409921136
462	762701	44931	0.31480183659922034156153358708252
465	767672	45248	0.31454156120009169050888431229396
468	772642	45561	0.31428422672855738095876176885213
471	777555	45873	0.31402984820003121413378721626941
474	782469	46191	0.3137783224792282665838172306394
477	787439	46500	0.31352965137997917954848503541143
480	792353	46772	0.31328381508352548534546144765045
483	797323	47045	0.3130405845925735008883350474207
486	802293	47329	0.31280009006931236426041209597315
489	807377	47609	0.31256206954632770322888291048002
492	812405	47882	0.31232652653333203840446685717325
495	817375	48155	0.31209355104209690612293570666225
498	822345	48428	0.31186297564691395356462066956738
501	827316	48695	0.31163480455759484666344860670506
504	832229	49004	0.3114089282647493073241662386863
507	837143	49328	0.31118537123095474372647117888846
510	842170	49639	0.3109640238415072865940658175532
513	847083	49949	0.31074489758251472304451112904644
516	851997	50267	0.3105279115625993457960873911361
519	856967	50578	0.31031301921583365199808213219512
522	861880	50893	0.31010015831589399226686509791762
525	866794	51162	0.30988934365785936186910021206131
528	871707	51436	0.30968055194298027554822283491376
531	876678	51704	0.309473648557114733304018727722
534	881591	51971	0.3092686418277590942871313473006
537	886505	52244	0.30906554094055210812896916650061
540	891475	52511	0.30886422296254822938976758450735
543	896389	52780	0.3086647514620739496393753142911
546	901302	53053	0.30846703087237525853225861283136
549	906272	53358	0.30827105824054490401664452292607
552	911186	53675	0.30807676298265246339624923166411
555	916156	53987	0.30788408188904314854994481720496
558	921070	54300	0.30769310650237241544502353463031
561	925983	54618	0.30750365672959101281946914241416
564	930953	54931	0.30731582206539553858704039157601
567	935867	55250	0.30712955223833188211912670340098
570	940780	55525	0.30694474636313640036888727991027
573	945694	55792	0.30676146911549451168355062691262
576	950607	56076	0.30657965354859406659215892432258
579	955578	56348	0.30639929317524389196236711541133
582	960491	56614	0.30622031839789654039662991635851
585	965405	56892	0.30604276293099635930516910775623
588	970375	57164	0.30586649121682368823726960727072
591	975288	57431	0.30569164992568953476137494362774
594	980202	57740	0.30551805544372828693511223718815
597	985172	58063	0.30534573447387441946787589586165
600	990086	58380	0.30517473689440627326874277969182
603	994999	58703	0.30500498349019727895026221631269
606	999913	59020	0.30483638999943474257037223651423
609	1004826	59338	0.30466901907818794148496976958995
612	1009740	59663	0.30450281281884211681543206395872
615	1014710	59948	0.30433772344201559523213518332341
618	1019737	60217	0.30417379973004377013978682953166
621	1024651	60494	0.30401102047184935806001249147812
624	1029621	60763	0.30384932843229545129659641133912
627	1034534	61032	0.30368870399556441297406195189978
630	1039448	61306	0.30352910178169806298953403711494
633	1044418	61586	0.30337059342781347304196515324293
636	1049445	61854	0.30321308901969512561436204123311
639	1054359	62176	0.30305659239067128662981076558935
642	1059329	62498	0.30290107267826310577518711397715
645	1064300	62824	0.30274655837434927274642859629239
648	1069270	63145	0.30259303028770706545103053031198
651	1074240	63458	0.30244036456842543492129493643006
654	1079154	63783	0.30228867522319247118645080263377
657	1084124	64111	0.30213789081310860051843292239937
660	1089094	64384	0.30198796858548643262665223119257
663	1094008	64652	0.3018389749401423349794981731975
666	1098921	64927	0.30169083700140530979183495219331
669	1103835	65198	0.30154353241888431913508838988491
672	1108748	65477	0.301397086332243935302699355816
675	1113719	65756	0.30125146486699538872500170327839
678	1118689	66054	0.30110663802485720941248814597202
681	1123716	66349	0.30096264514233189713010574450891
684	1128686	66594	0.30081944877714611452645954159379
687	1133657	66836	0.30067699455556351484375454674591
690	1138570	67078	0.30053531587125753565814534340461
693	1143541	67315	0.3003943912520689596412637456524
696	1148454	67556	0.300254211768683554328873697159
699	1153368	67797	0.30011476112847729202925961544679
702	1158281	68040	0.29997603215390333808443301677471
705	1163195	68280	0.29983799723345277987718304757436
708	1168108	68520	0.2997006435121259970699725272425
711	1173021	68795	0.29956398731739092289316772621532
714	1177992	69069	0.29942801452527612049436811503256
717	1182905	69350	0.29929270899346716028333048598142
720	1187932	69620	0.29915802838947813668823982879985
723	1192846	69894	0.29902403771246865993305164010962
726	1197816	70163	0.29889066087014287687040337004873
729	1202730	70433	0.29875793485422369455406510496687
732	1207643	70714	0.29862582015270022761654900023132
735	1212614	71109	0.29849430466100684844477086699044
738	1217584	71496	0.29836337501078330491921519751486
741	1222554	71876	0.29823306096568802381341356522171
744	1227468	72253	0.29810333223860763229851045252872
747	1232381	72638	0.29797419065952912564654297966626
750	1237351	72979	0.29784559753814693339180053044402
753	1242265	73297	0.29771756962443601812751126090006
756	1247235	73613	0.29759007585339969370608059762162
759	1252149	73933	0.29746316628387781122455635340884
762	1257062	74249	0.29733679044888911002786358039884
765	1261976	74575	0.29721091514887382212251054625085
768	1266946	74897	0.29708556608292041589791665501252
771	1271916	75175	0.29696074450000747857458804901398
774	1276830	75446	0.29683641739510219226261256153521
777	1281743	75717	0.29671260744308036727545641042525
780	1286657	75992	0.29658929486924451301987915030622
783	1291627	76274	0.2964664538957306749722420136095
786	1296654	76578	0.2963440960774195165328137591132
789	1301625	76847	0.2962222020799423205517086898908
792	1306538	77139	0.29610081114997427453872091973608
795	1311565	77474	0.29597987652727514307215983535571
798	1316536	77787	0.29586037949211735353927110736549
801	1321449	78100	0.29574034222629641543989009733195
804	1326363	78423	0.29562075679322225019163283832313
807	1331333	78740	0.29550161578031974851654695157777
810	1336303	79106	0.29538287766680754176107370767568
813	1341217	79428	0.29526458997338672629595635044097
816	1346187	79696	0.29514670698283346217394296218117
819	1351101	79962	0.29502923546068393623187375851558
822	1356014	80230	0.29491220904691656246043862665829
825	1360928	80499	0.29479557906113162957240092509892
828	1365841	80772	0.29467934843714527204383557545952
831	1370811	81042	0.29456350894310179278079431242077
834	1375725	81312	0.29444808241591741149179028980143
837	1380638	81593	0.29433303731114301982074721308891
840	1385609	81919	0.29421836914184856803800016677997
843	1390636	82301	0.29410409151355043633202512864955
846	1395606	82642	0.29399018347127042760646986607753
849	1400576	83016	0.29387662267061065435314048954751
852	1405490	83343	0.29376344594698411416544558960595
855	1410517	83654	0.29365061739204639801315011027327
858	1415431	83972	0.29353814949733336714388087784755
861	1420344	84244	0.29342604896883645038130339344207
864	1425314	84519	0.29331429200248915201143518061144
867	1430285	84789	0.29320287697335167820256174309179
870	1435255	85063	0.29309179590928297054475137883855
873	1440225	85339	0.29298106981832383599595459600096
876	1445196	85613	0.29287066679664314206021913378208
879	1450166	85883	0.29276059960364331224980105616851
882	1455080	86161	0.29265085370044302548464543178852
885	1460050	86475	0.29254143125772302802545254962752
888	1464963	86788	0.29243232028224108720593221732997
891	1469877	87101	0.29232355280887040160919809750339
894	1474790	87420	0.29221509045898486078840505797416
897	1479761	87740	0.29210692066440846481611970375525
900	1484731	88060	0.29199906153362154004327067013946
