0	0	0	0.69314718055914625871594125783304
3	2202	0	0.67869112241670748186805894874851
6	4404	0	0.6648596472988631544964732711378
9	6606	0	0.65171571792378757415065138047794
12	8808	1	0.63914532531122703051806865914841
15	11011	1	0.62716060367367254535508891422069
18	13213	2	0.61572787125957051390656715739169
21	15415	2	0.60480720710862989619727159151807
24	17617	2	0.59438286761605751973291944523226
27	19819	3	0.58442313855992411575357436959166
30	22022	3	0.57491260201177551980578073198558
33	24224	3	0.56583414201075499239124155792524
36	26426	4	0.55714054940276369620733021292835
39	28628	4	0.54882202263675450293334279194823
42	30830	4	0.54090166690197960530639420539956
45	33033	5	0.53329108035210648353086071438156
48	35235	5	0.52602458147275021893563007324701
51	37437	6	0.51906232141072650154711709546973
54	39639	6	0.51239171576878705938185021295794
57	41841	6	0.50598322349314439616563277013483
60	44044	7	0.4998416839864332494869358924916
63	46246	7	0.49395646030736028997409903240623
66	48448	8	0.48830709355455281794888833246659
69	50650	8	0.48288976994586074731330427312059
72	52852	8	0.4776900534931595720955499473348
75	55055	9	0.47268845410119175731722407363122
78	57257	9	0.46788272171407935262621435867914
81	59459	10	0.46325373623961502156376468519738
84	61661	10	0.45880089346592078936026837254758
87	63863	10	0.45451480455910336919700398539135
90	66066	11	0.45039228955140309107463281179662
93	68268	11	0.44641781466525776167486583290156
96	70470	11	0.44259118560131399666701668138558
99	72672	12	0.43890090721594493539114978375437
102	74874	12	0.43534631257938755100056482660875
105	77077	13	0.431915104657712378699585542563
108	79279	13	0.42860728568656514259060941185453
111	81481	13	0.4254135965124573037776656292408
114	83683	13	0.42233018853153647675924275972648
117	85885	14	0.41935174152824822302321194911201
120	88088	14	0.41647146060235440412355956141255
123	90290	15	0.41368914687340141433935514214681
126	92492	15	0.41099814676125900891889841659577
129	94694	15	0.40839560219186760159360005673079
132	96896	16	0.4058762933951783891117770508572
135	99099	16	0.40343694634161281209472349473799
138	101301	16	0.40107767055600446193253105775511
141	103503	17	0.39879109639774590334582171635702
144	105705	17	0.3965764434383917680371212099999
147	107907	17	0.39442950357598388633206809572584
150	110110	18	0.39235011822133680770008368199342
153	112312	18	0.39033350944993722153597559554328
156	114514	18	0.38837492352105396076211718536797
159	116716	19	0.38647625146187936095998338714708
162	118918	19	0.38463411603457475784750840830384
165	121121	19	0.38284556379077561150126030042884
168	123323	20	0.38110805640475453603954747450189
171	125525	20	0.3794205478225864958119473158149
174	127727	21	0.37778006972549860176258107458125
177	129929	21	0.37618619790172691530472093290882
180	132132	21	0.37463578430414051778640782686125
183	134334	22	0.37312789704954929526081741641974
186	136536	22	0.37166126185707526463630756552448
189	138738	22	0.37023442706290998760465527084307
192	140940	23	0.36884720178241231502980213008414
195	143143	23	0.36749710498989474061204418831039
198	145345	23	0.36618105197026562525053350327653
201	147547	24	0.36489987377619342856505113559251
204	149749	24	0.36365167271191695119725295626267
207	151951	24	0.36243503100994228782738559857535
210	154154	25	0.36125033006281936920345287944656
213	156356	25	0.36009480233577983998571880874806
216	158558	25	0.35896819117465356141494225994393
219	160760	26	0.35786902760472383278056440758519
222	162962	26	0.35679735608315710226889905243297
225	165165	26	0.35575150020957452268177689802542
228	167367	27	0.35473048451046884643744760978734
231	169569	27	0.35373459704908860601335618412122
234	171771	28	0.35276177055407442750833979516756
237	173973	28	0.35181155352437010197519384746556
240	176176	28	0.35088363669929956145665528310928
243	178378	29	0.34997692383855949493920434179017
246	180580	29	0.34909107309839809696327961319184
249	182782	29	0.34822474729252467229301259976637
252	184984	30	0.34737839888715266178920160200505
255	187187	30	0.34655045691786101613729442760814
258	189389	31	0.34574052807024019395853997593804
261	191591	31	0.3449485292325578655869833255565
264	193793	31	0.34417412386743773122788070395472
267	195995	32	0.3434160511507933777330947577866
270	198198	32	0.34267425167646142769584116649639
273	200400	33	0.34194788134861497930216955865035
276	202602	33	0.34123674204507747909076442738296
279	204804	33	0.34054043873479411530524885165505
282	207006	34	0.3398582057772776554571692031459
285	209209	34	0.33919016982754035538505377189722
288	211411	34	0.3385350102818694972839352885785
291	213613	35	0.33789323929327264028898980541271
294	215815	35	0.3372641473721088578585636241769
297	218017	35	0.33664850878920804522209664355614
300	220220	36	0.33604483001795504293340854928829
303	222422	36	0.33545255986601935083157854933233
306	224624	36	0.3348708107982081294551335304277
309	226826	37	0.33429971901030869352311469810957
312	229028	37	0.33373957915950008823458006190776
315	231231	38	0.33318976690814794405781640307396
318	233433	38	0.3326513401361103627884574507334
321	235635	38	0.3321215119210784716408113581565
324	237837	39	0.33160343868463454386485977920529
327	240039	39	0.3310934278780260364705156916898
330	242242	39	0.3305916909992889785030456550885
333	244444	40	0.33009895393929783447006798269285
336	246646	40	0.32961683851398809741439777099004
339	248848	40	0.32914087580949713540690027002711
342	251050	41	0.32867441897977522913265602255706
345	253253	41	0.32821468581732321512234307192557
348	255455	42	0.32776261437224940564760800043587
351	257657	42	0.3273182078115801085793634683796
354	259859	42	0.32688097109932390260667034453945
357	262061	43	0.32645104792422763306802835359122
360	264264	43	0.32602806316283661214328049027245
363	266466	44	0.32561188969990934038989394139207
366	268668	44	0.32520222498857698223417855842854
369	270870	44	0.32480012604376234941483403417806
372	273072	45	0.32440330981244747121650107146706
375	275275	45	0.32401295654084183439636035473086
378	277477	46	0.32362822914911898442014148713497
381	279679	46	0.32324943778438081087855948680954
384	281881	46	0.32287630139135109486048236249189
387	284083	47	0.32250873665122536948501874576323
390	286286	47	0.32214684835678764063260359762353
393	288488	47	0.32179021121877482425333028004388
396	290690	48	0.32143871800094347968013153149514
399	292892	48	0.3210921531726054767297284797678
402	295094	48	0.32075066404987701007556211152405
405	297297	49	0.32041383784643279186710174144537
408	299499	49	0.32008183796532369003173812416208
411	301701	49	0.31975446872226465089283919951413
414	303903	50	0.31943160741243009637102545639209
417	306105	50	0.31911319716142949598491895812913
420	308308	50	0.31879906076734521036541991634294
423	310510	51	0.3184889631214721239516052264662
426	312712	51	0.31818311068901872218361859268043
429	314914	51	0.31788122785055372698792552910163
432	317116	52	0.31758320628539599139728011323314
435	319319	52	0.31728894671371293823014525514736
438	321521	52	0.31699854012043676698695549021068
441	323723	53	0.31671166535044920076202856762393
444	325925	53	0.31642936697374307586372310652223
447	328127	53	0.31614963637374915439437472741702
450	330330	54	0.31587350462375829440730967689888
453	332532	54	0.31560058597590284756861933601613
456	334734	55	0.31533100460531360287319557755836
459	336936	55	0.31506459765992633759168484175461
462	339138	55	0.31480110409239753233023861866968
465	341341	56	0.31454081739048878052500413105008
468	343543	56	0.31428347137150902668167873343918
471	345745	56	0.31402908218446723420669286497287
474	347947	57	0.3137775554896251595238254594733
477	350149	57	0.31352893983626045626422751411155
480	352352	58	0.31328305564504077551646332722157
483	354554	58	0.31303979253256120074411228415556
486	356756	58	0.31279923954889665704826029468677
489	358958	59	0.31256127378625170321058135414205
492	361160	59	0.31232578945395106373439375602175
495	363363	59	0.31209275228182886685601715726079
498	365565	60	0.3118621784124551710171147078654
501	367767	60	0.31163406522634190531917397493089
504	369969	60	0.31140821481550173821517546457471
507	372171	61	0.31118456314031012199805559248489
510	374374	61	0.31096324320070151125960933313763
513	376576	61	0.31074407164223111221801332249015
516	378778	62	0.31052704556270455116262496630952
519	380980	62	0.31031219415577548925710971161607
522	383182	62	0.31009932662896855237733007015777
525	385385	63	0.30988858845267569508408200817939
528	387587	63	0.3096798127542226830577476448525
531	389789	63	0.30947290252207432237341322434077
534	391991	64	0.30926796685212792903385548015649
537	394193	64	0.30906487926815950917358577498817
540	396396	64	0.30886368488257942566121982963523
543	398598	65	0.30866416556589859609971426834818
546	400800	65	0.30846641528011636834705200271856
549	403002	65	0.30827040667068983381682301114779
552	405204	65	0.30807604210928940524638619535835
555	407407	66	0.3078835032551843764458965324593
558	409609	66	0.30769259814676769293484426270879
561	411811	66	0.30750323641088039838820122895413
564	414013	67	0.30731535390138570162932296625513
567	416215	67	0.30712903309170247467818626319058
570	418418	67	0.3069441684915588663962182636169
573	420620	67	0.30676092046154634918053716319264
576	422822	68	0.30657910634532520299799784879724
579	425024	68	0.30639866727347153663174594839802
582	427226	68	0.30621968675468919096616104980058
585	429429	69	0.30604214695226250597670514252968
588	431631	69	0.30586590926936790824086642714974
591	433833	69	0.3056909454874536247181993076083
594	436035	70	0.30551743083088872543484626476129
597	438237	70	0.30534514619468211549246916547418
600	440440	70	0.30517410697164332189501578795898
603	442642	71	0.30500433671801485679964116570773
606	444844	71	0.30483578936378813439844748245378
609	447046	71	0.30466837982750610835935844988853
612	449248	71	0.30450220238472602840573699722881
615	451451	72	0.30433710530757845935667660342006
618	453653	72	0.30417313270523077539664313917456
621	455855	72	0.30401028713999350694408008166647
624	458057	73	0.30384858365338185404169735193136
627	460259	73	0.30368788476365382589250430100947
630	462462	73	0.30352829027025968189335003444285
633	464664	74	0.30336978246103396550381603447022
636	466866	74	0.30321228457641108411380059806106
639	469068	74	0.30305586938751799541691411832289
642	471270	75	0.30290037461523372508409579495492
645	473473	75	0.30274586423518762279272209525516
648	475675	76	0.30259224757992353449509437268716
651	477877	76	0.30243963885518004852670514992496
654	480079	76	0.3022879611559290413680400888552
657	482281	77	0.30213719333846905668039539705205
660	484484	77	0.30198727458222290875866633541591
663	486686	77	0.30183825538999958792985012223653
666	488888	77	0.30169012969379055411067724890017
669	491090	78	0.30154289338645456908238884352613
672	493292	78	0.30139643491009310283246236394916
675	495495	78	0.30125077852830894897806501830928
678	497697	79	0.30110601299222167215319245769933
681	499899	79	0.30096200737057754448500190846971
684	502101	79	0.30081877525934691552933486491384
687	504303	79	0.30067638170998861602001284154539
690	506506	80	0.30053466704569836709382002482016
693	508708	80	0.30039374178905903223224527209823
696	510910	80	0.30025355289795174762446094973711
699	513112	81	0.30011412022551192668728958778956
702	515314	81	0.29997537308089311514081032328249
705	517517	81	0.29983733415055185966835438193812
708	519719	81	0.29969999001469377342132816011144
711	521921	82	0.2995633642980022881552315539011
714	524123	82	0.29942741161706459829261461891292
717	526325	82	0.29929212040894886959208065491111
720	528528	83	0.2991574694620627306029803094134
723	530730	83	0.29902341173559371378942728370021
726	532932	83	0.29889002149511612049792574907769
729	535134	84	0.29875730627533159111663962903549
732	537336	84	0.29862516857756032928605804954714
735	539539	84	0.29849367435113055568862705513311
738	541741	85	0.29836276323964017187506669870345
741	543943	85	0.29823242651500075917070375908224
744	546145	85	0.29810268230439684877808304008795
747	548347	86	0.29797354883881577158888376288814
750	550550	86	0.29784495213402706337291192539851
753	552752	86	0.29771692430163065878900852112565
756	554954	87	0.29758945131705000219923817894596
759	557156	87	0.2974625158186700590867701521347
762	559358	87	0.29733609954189743618258034985047
765	561561	88	0.29721025991476784922085130347114
768	563763	88	0.29708489655552683395001167809824
771	565965	88	0.29696008810143897926892009309086
774	568167	89	0.29683575618920143845969050744316
777	570369	89	0.29671197563433693300538607218186
780	572572	90	0.29658862930189316964302292944922
783	574774	90	0.2964658275835957979005286233587
786	576976	91	0.29634345620012275679400204353442
789	579178	91	0.29622157959636979951412172340497
792	581380	92	0.29610014641238918686738657015667
795	583583	92	0.29597917076523344581673313768988
798	585785	93	0.29585970508725784045012119349849
801	587987	93	0.29573969091014118415472466949723
804	590189	94	0.29562008883201973397092388040619
807	592391	94	0.29550095513410168379664355597924
810	594594	94	0.29538223671042512785689382326382
813	596796	95	0.29526395026006846400434824317927
816	598998	95	0.29514607053181035611899574178096
819	601200	95	0.29502863867131712272140475761262
822	603402	96	0.29491160049161346812240935832961
825	605605	96	0.29479498405127052551577548911155
828	607807	96	0.29467875682507299606172068706655
831	610009	97	0.29456291577791199332025939838786
834	612211	97	0.29444745792512200255330867548764
837	614413	98	0.29433243399877101476036500571354
840	616616	98	0.2942178025975474287001532047725
843	618818	98	0.29410349766375143421015536659979
846	621020	99	0.29398959271474917054334241584002
849	623222	99	0.29387602835537729450976485168212
852	625424	99	0.29376285661851159192181626167439
855	627627	100	0.29365005553647177682918822938518
858	629829	100	0.29353762878348033105169179179939
861	632031	100	0.2934255500891137513619355559058
864	634233	101	0.29331378474057434591060200546053
867	636435	101	0.29320238174460694358103296508489
870	638638	101	0.29309130237511665795224757857795
873	640840	102	0.29298057133234628457429948866775
876	643042	102	0.29287015749198253011797987710452
879	645244	102	0.29276008066706327159778311397531
882	647446	103	0.29265033684015795412136640152312
885	649649	103	0.29254092625286026718711696048558
888	651851	103	0.29243182312456095228725416745874
891	654053	104	0.2923230521385553615232311130967
894	656255	104	0.29221456779191068431345001954469
897	658457	104	0.29210640755987576921981485611468
900	660660	105	0.29199855681162262266425955203886
