0	0	0	0.69314718055914625871594125783304
3	1791	155	0.68142823890692916233291498429026
6	3583	311	0.66828116892540223581420377740869
9	5374	469	0.65583281904353674107710503449198
12	7166	630	0.63861967277487940997104942653095
15	8986	788	0.62694073858905907670191481884103
18	10778	949	0.6174384041976016535002713681024
21	12598	1107	0.60691130009347160623178751848172
24	14418	1263	0.59690788042094267140669217042159
27	16210	1398	0.58391455771457467793794648969197
30	18001	1531	0.57463216233489011752766373319901
33	19793	1668	0.56685456277219137266598636415438
36	21613	1801	0.55836861381287339334278385649668
39	23405	1935	0.55027954344440632716839445492951
42	25197	2076	0.54044980151175703309007758434745
45	27046	2210	0.53301474105860413565949329495197
48	28837	2345	0.52660933294905876156377644292661
51	30629	2480	0.51971378018424529976471148984274
54	32420	2613	0.51311370178593562751956369538675
57	34212	2750	0.50555642009423795713018989772536
60	36032	2885	0.49951506099816289641069033677923
63	37824	3022	0.49419511426426798728073208621936
66	39644	3157	0.48854318094353604839952254224045
69	41436	3292	0.48311182196756935480763672785542
72	43227	3426	0.47725677116757764251175899516966
75	45019	3561	0.47232182108268233600156804641301
78	46810	3692	0.46785797506015458502304227295099
81	48602	3825	0.46318766757346346851775820141484
84	50394	3962	0.45868204007933582877498679408745
87	52214	4099	0.45411877319817733900109146816249
90	54005	4253	0.45004189350677392678079513643752
93	55797	4408	0.44626750657640934516479092053487
96	57589	4566	0.44236797320996323890085477614775
99	59409	4724	0.43858288493083319448118118089042
102	61201	4882	0.43498411998724118010528627564781
105	62992	5038	0.43159599764606715321946239782847
108	64784	5194	0.42837898915331756866109458314895
111	66575	5353	0.42509352552216694842712740864954
114	68367	5517	0.42189596294757408800890630118374
117	70216	5676	0.41903368875721597186512212829257
120	72036	5833	0.41618022135836291175436940648069
123	73828	5988	0.41341387665240325599569359837915
126	75619	6145	0.41062331421457010094400175148621
129	77411	6303	0.40789421940263370647272722635535
132	79202	6464	0.40559207548928005726551759835274
135	81051	6620	0.4031724578059454611178580307751
138	82843	6775	0.40077684918690026361076661487459
141	84635	6931	0.39839054704070936407944714119367
144	86426	7093	0.39604172137315885038333362899721
147	88247	7226	0.39417068963123819136384895500669
150	90038	7374	0.3921013872568419045272491985088
153	91887	7509	0.39001457912773274117057553667109
156	93679	7645	0.3879583711239203425158450500021
159	95470	7781	0.38592054104940670677947878175473
162	97262	7916	0.38439056527369164228957743034698
165	99053	8050	0.38260975753306797342290224150929
168	100845	8184	0.38077945313683142503080603091803
171	102637	8329	0.37899520991682666970490345192957
174	104457	8466	0.37722210068027367535492544448061
177	106249	8599	0.37596073733707430220007950083527
180	108040	8736	0.37441624888337210474986704866751
183	109832	8871	0.37280206283558958713086894931621
186	111652	9006	0.37124525273459113572371848022158
189	113444	9143	0.36968724700424709928014976867416
192	115264	9277	0.36863813622070989994838896564033
195	117055	9412	0.36729408599995422290973579038109
198	118847	9548	0.36586264023214204454959030954342
201	120667	9682	0.36449616628241943150356974001625
204	122459	9818	0.36312107211499261572029695344099
207	124250	9955	0.36224039296973614687757958563452
210	126071	10104	0.36106056653905782560798343183706
213	127862	10259	0.35978603500039824103495789131557
216	129654	10413	0.3585797533641292833550551222288
219	131446	10573	0.35735992374538322335908446802932
222	133266	10728	0.35661749833773243034684696795011
225	135057	10886	0.35557496229507534746261399050127
228	136849	11044	0.35443368210967479692286019599123
231	138669	11199	0.35336269555148563936697314602497
234	140461	11355	0.35227516060250535501197077792312
237	142252	11515	0.35164280109094980808492891810602
240	144073	11676	0.35072052255355290473204377121874
243	145864	11836	0.34969425947133631060737002371752
246	147685	11996	0.348739195188501716060613944137
249	149505	12154	0.34776186528230368377734293972026
252	151296	12313	0.34721967694351463240565180967678
255	153117	12476	0.3463985526462383113255327771185
258	154966	12630	0.34547317520397236023654841119424
261	156757	12791	0.34461728405592850776884006336331
264	158578	12953	0.3437358267518384469241254919325
267	160427	13089	0.34326737044816874044883547867357
270	162218	13225	0.34253176908842641879004986549262
273	164010	13359	0.34169301246534128368992355717637
276	165801	13494	0.34092269573560596285233259550296
279	167593	13631	0.34012566734731297657390314270742
282	169385	13765	0.33971724168181899328189388143073
285	171176	13900	0.3390565339741924977268183738488
288	172968	14036	0.33829425115500083576236534099735
291	174759	14169	0.33759766779129929403779897256754
294	176551	14305	0.33687289772073392146722881079768
297	178343	14441	0.33651430452144825977711661835201
300	180163	14581	0.33591855334598669236001455828955
303	181954	14722	0.33522380798450374106423055309278
306	183746	14859	0.3345917478343319317879434038332
309	185538	14995	0.33392890322811374925748850728269
312	187329	15130	0.33361140973374336926582373052952
315	189121	15266	0.33307114200023907324421656994673
318	190941	15400	0.33243525153898362267668176173174
321	192733	15532	0.33186111850407201684376445882663
324	194524	15671	0.33125567867117927667308663330914
327	196316	15813	0.33097195001045720541554828741937
330	198136	15965	0.33048078320540091867840715167404
333	199928	16127	0.32989744453408476054789844056359
336	201748	16282	0.32937059823738340513799016662233
339	203540	16440	0.32881293715586124015715085988631
342	205331	16602	0.32855785140926213605538919182436
345	207123	16763	0.32810928259765337333675461195526
348	208943	16919	0.32757065302680632434828567056684
351	210735	17078	0.327086959816831057690222905876
354	212526	17235	0.32657127696480808820567176553595
357	214318	17391	0.32633965388253760586678708932595
360	216109	17550	0.32592875154363765144438502829871
363	217901	17708	0.32543148961477130765018728197902
366	219693	17864	0.32498688478602216767043842082785
369	221484	18022	0.32450858523420150758553859304811
372	223276	18186	0.32429660698919005046292340921354
375	225067	18343	0.32391959632665906498871777330351
378	226859	18500	0.32345914803813857751890736835776
381	228651	18656	0.32304729491391825924040404061088
384	230442	18809	0.3226028617046781121757703658659
387	232234	18944	0.32240722538136706853961754859483
390	234025	19079	0.32205925582283978503284060934675
393	235817	19212	0.32163224523538175292358687329397
396	237608	19345	0.32125009984749736124953756188916
399	239400	19478	0.32083488143763122524276809599542
402	241192	19613	0.32065292315470900197382775331789
405	242983	19745	0.32033130794808056807099205798295
408	244775	19878	0.31993366447369181448934227773861
411	246566	20014	0.31957826719860632502800967813528
414	248387	20149	0.31918947097694033709913696839067
417	250207	20287	0.31901885392104045724437355602277
420	251999	20422	0.31872081019181131011919205775484
423	253819	20564	0.31834989556128634458076476221322
426	255639	20699	0.31801817360609813123417666247406
429	257431	20838	0.31765305550961087099892665719381
432	259222	20972	0.31749183296047689406549352497677
435	261014	21108	0.31721474453183262642852469070931
438	262806	21246	0.31686761638313892808227478781191
441	264626	21384	0.31655718101139435072255423619936
444	266446	21521	0.31621357017287993196319462185784
447	268266	21659	0.31606122584336271419402919491404
450	270058	21810	0.31580234834000436849876791711722
453	271850	21967	0.31547715598890840871248997245857
456	273641	22122	0.31518571324168759284489738092816
459	275433	22279	0.31486093438368345509559276251821
462	277224	22438	0.31471416061104673378423512986046
465	279016	22594	0.31447241199083336704589441978897
468	280808	22752	0.31416706951928835556131502926291
471	282599	22909	0.31389283091346581455738373733766
474	284391	23067	0.3135858281121218782416804060631
477	286182	23223	0.31344444244227598339591622789158
480	287974	23382	0.31321790583440478616950031209853
483	289765	23540	0.31293069572889387064407173966174
486	291557	23698	0.31267190684124190891424177607405
489	293349	23857	0.31238024224744870283032582847227
492	295169	24016	0.31224331668440352682836191888782
495	296961	24176	0.31203047820375712229079567805456
498	298752	24338	0.31175948886109144941869431022496
501	300544	24497	0.31151464862827243917919872728817
504	302335	24661	0.31123733745346149337507313248352
507	304156	24801	0.31110407705518794418964034775854
510	305976	24940	0.31090361127179905187389863385761
513	307796	25076	0.31064756746168586953871226796764
516	309588	25212	0.31041529202165152323544816681533
519	311379	25348	0.31015079842654880160068842087639
522	313171	25484	0.310020519886286038957479149758
525	314963	25617	0.3098314606824634775961158084101
528	316754	25751	0.30958934439433222207682661064609
531	318546	25887	0.30936851871615050901809240713192
534	320337	26027	0.30911564698864718581106103556522
537	322129	26166	0.30898780635146838591253981576301
540	323920	26306	0.30880896193769158397657292880467
543	325741	26453	0.30857927984002497812099363727611
546	327532	26598	0.30836882195476456036686840889161
549	329324	26742	0.30812657496843709470368821712327
552	331144	26880	0.30800067810571907234162836175528
555	332936	27022	0.30783116042007230284127672348404
558	334727	27157	0.30761293396086658580301786969358
561	336519	27300	0.3074119410318541523174928897788
564	338311	27436	0.30717951916250751942527585924836
567	340102	27573	0.30705517799528808664533130468044
570	341894	27734	0.30689401990672482423150313479709
573	343714	27893	0.30668634348006984513546058224165
576	345506	28048	0.30649399602665233777187836494704
579	347297	28206	0.3062703314974384305457988375565
582	349089	28368	0.30614720397456574030314868650748
585	350909	28531	0.30599380066971854086332882616261
588	352758	28702	0.30579598832931803586987484777637
591	354607	28864	0.30561155303100723257259119236551
594	356427	29020	0.30539612839366481189529167750152
597	358219	29183	0.30527394243238414883734321847442
600	360039	29339	0.30512772940747345806755674857413
603	361831	29498	0.30493895826923184122492216374667
606	363622	29657	0.30476174604916506094554051742307
609	365414	29814	0.30455375693400144054834299822687
612	367206	29975	0.3044322675467436289942213534232
615	369026	30131	0.30429243749723083878322427153762
618	370817	30294	0.30411196899610865029828232763975
621	372609	30455	0.30394133728922184678467033336347
624	374401	30597	0.30374021109169641041702902839461
627	376192	30736	0.3036192182342530854199935674842
630	378012	30876	0.30348532605134642681221635029942
633	379833	31013	0.3033125589379887521168654984649
636	381624	31157	0.30314801632895210792284501621907
639	383473	31299	0.30295335155657127090833569127426
642	385265	31442	0.30283270586726979134439829977055
645	387085	31582	0.30270438103928865025693539791973
648	388877	31721	0.30253867635231213029101127176546
651	390668	31859	0.30237972455599149146365789420088
654	392460	32000	0.30219090236164952711916953376203
657	394252	32136	0.30207046527541897562585404557467
660	396043	32273	0.3019471916774837949581922202924
663	397835	32411	0.30178822498996571432883229135768
666	399626	32546	0.30163443133532402695706764461647
669	401418	32683	0.30145086233001761044647537346464
672	403238	32819	0.30133052616411970525689412170323
675	405030	32956	0.30121188945235144451828546152683
678	406850	33090	0.3010590118095710643331130995648
681	408642	33224	0.30090999737054324736362787007238
684	410433	33361	0.30073156535514888876292616259889
687	412225	33504	0.30061123822941304695177677785978
690	414016	33664	0.30049697579948653203274488987518
693	415837	33821	0.30034997425224729816761737311026
696	417628	33979	0.30020533820659217605353319413553
699	419420	34135	0.3000315782795696106788341239735
702	421212	34302	0.29991119600482524232276659859053
705	423032	34464	0.29980092122426593714834552883985
708	424823	34626	0.29965912342942874202478265033278
711	426615	34794	0.29951853802179251307080676269834
714	428435	34961	0.29934917156159929207959180530452
717	430227	35123	0.29922868779593159160867799073458
720	432047	35290	0.29912208408191381936447328371287
723	433839	35498	0.29898530216684598981302656284242
726	435688	35657	0.29884848098611199729290888171818
729	437508	35826	0.29868318333058840874372208418208
732	439386	35982	0.2985625474123578260154943109228
735	441177	36141	0.29845943143932918140137644513743
738	442969	36299	0.29832726949488913570363024518883
741	444760	36453	0.29819397843575179418706966316677
744	446552	36589	0.29803247694487039476385348280019
747	448372	36721	0.29791165552786286196962350913964
750	450164	36856	0.29781170190831079969129291384888
753	451955	36990	0.2976838621874808299416770296375
756	453747	37128	0.29755382974421235031670107673563
759	455567	37266	0.29739587522052968182606491609477
762	457359	37401	0.29727486593221169597356379199482
765	459151	37535	0.29717791702861384717238024677499
768	460942	37672	0.29705423578596024114517604175489
771	462762	37806	0.29692726048815776263012367053307
774	464554	37939	0.29677265546931946849085193207429
777	466346	38074	0.29665142675822098183857633557636
780	468137	38208	0.29655722878358647953689342102734
783	469929	38342	0.29643732977497044833725681201031
786	471720	38479	0.2963131692005626649510929837561
789	473541	38618	0.2961615633326830088201120361191
792	475361	38755	0.29604010826025900504632204501831
795	477181	38892	0.29594850765042690632355970592471
798	479001	39031	0.29583322502750225568846076384943
801	480822	39166	0.29571170639866051210731257015141
804	482613	39301	0.29556318678531690036237478125258
807	484405	39447	0.29544153385623106444768382061739
810	486197	39603	0.29535231218748730919188005827891
813	487988	39761	0.29523939419191252975238626277132
816	489780	39918	0.29512035966351418680986284925893
819	491571	40078	0.29497452932605994213588473940035
822	493392	40233	0.29485264581004705375377739073883
825	495183	40391	0.29476571687417740808001553887152
828	496975	40551	0.29465596211945938032172875864489
831	498766	40711	0.29453927582772565507696072018007
834	500558	40869	0.2943960513538392831378587288782
837	502350	41028	0.29427397442657599047066696584807
840	504141	41188	0.29418914032624216003952710707381
843	505933	41347	0.29408235960458206648127088556066
846	507724	41507	0.29396786107290634459943134970672
849	509516	41670	0.29382708052481704141811746922031
852	511336	41829	0.29370480033211920911639936093707
855	513128	41986	0.29362196855311090137874430183729
858	514919	42143	0.29351802897503215250551988901861
861	516711	42300	0.29340557164926267530447034914687
864	518503	42435	0.29326720089541818969891551205365
867	520294	42575	0.29314474346005964244810115815199
870	522114	42710	0.29306374450351158067462620238075
873	523906	42847	0.29296247722789209300131574309489
876	525698	42981	0.29285197406171131762064874237694
879	527489	43119	0.29271577173093965562600260454929
882	529309	43259	0.2925931623848719298486287243577
885	531130	43401	0.29251393470474901237210474391759
888	532921	43540	0.29241518981136521704300434976176
891	534742	43683	0.29230649845514650175815063448681
894	536591	43822	0.29217239378884679590342443589179
897	538382	43955	0.29204964124492654997666818417201
900	540174	44089	0.29197207471662278699398029857548
