0	0	0	0.69314718055914625871594125783304
3	3153	274	0.68142317276479724696969242359046
6	6364	544	0.66827921195385442398873010461102
9	9518	821	0.65583476412777375053053674491821
12	12729	1099	0.6387487726855339831288915775076
15	15939	1400	0.62710751016387211720370942202862
18	19093	1722	0.6175951597818397642569721028849
21	22247	2050	0.607059749287798267047833178367
24	25401	2376	0.59706310535317863585902387058013
27	28555	2698	0.58408171828664756652926826063776
30	31708	3013	0.57480104485162597516278992770822
33	34862	3342	0.5670301419684635746421008661855
36	38130	3656	0.55854367278007055475086417573038
39	41284	3982	0.55044908501529310473898704003659
42	44551	4309	0.54058777879491248796739455428906
45	47819	4628	0.53312369502925704978224530350417
48	51029	4900	0.52672184504934227433636806381401
51	54183	5178	0.51982706470421224942413118697004
54	57394	5453	0.5132376048704723192628307515406
57	60604	5724	0.50567442427991549092070044935099
60	63758	6006	0.49963261497420902168542511390115
63	67026	6276	0.49431139695070119843833822415036
66	70180	6549	0.48865335366831852415003822898143
69	73390	6817	0.48322714011873824091480855713598
72	76544	7089	0.47737880464956233828033305144345
75	79698	7359	0.47245538323602365160525096143829
78	82852	7643	0.46799174021662637290575048609753
81	86119	7927	0.46331522377389017242066415747104
84	89330	8234	0.45879716283585747493845019562286
87	92484	8554	0.45423186150809463645927621655574
90	95695	8866	0.4501492668315148493185517963866
93	98848	9179	0.44637474266871329797723433330248
96	102002	9497	0.44247037352953216826634275093966
99	105213	9811	0.4386846538963385389031657268788
102	108367	10123	0.43508397359240413848624484671745
105	111521	10441	0.43168661206358877047151167971606
108	114731	10755	0.42846244510046865849872688158939
111	117885	11076	0.42517232623388756529436705022817
114	121039	11388	0.42196850373413669066380293770635
117	124193	11669	0.41909545299471978596628218838305
120	127460	11937	0.41624205499015332065937400329858
123	130614	12205	0.41347294619284191696806374238804
126	133768	12473	0.41068109463244745205301455825975
129	136922	12738	0.4079503233668129724698303562036
132	140076	13010	0.40564610009275503532677475959645
135	143286	13283	0.40322252233741368021568973745161
138	146497	13577	0.40082506597625983113530878654274
141	149878	13852	0.39843676531442301369523306675546
144	153032	14126	0.3960865863938825004453292422113
147	156243	14406	0.39421449580951600788480959636217
150	159453	14685	0.39213970402984726915107671629812
153	162664	14985	0.39005248817274729145054834589246
156	165818	15302	0.38799454225977308974293578103243
159	169029	15628	0.38595831016107834399164744354493
162	172296	15956	0.38442529383145507271279939232045
165	175507	16275	0.38264096995510510357263456171495
168	178717	16597	0.3808098204089693239460245877126
171	181928	16915	0.37902423059586604070503312868823
174	185082	17234	0.37724690138600069921892554702936
177	188236	17547	0.37598120506341364821523143291415
180	191390	17867	0.37443583006666825152564115342102
183	194600	18187	0.37281998460000648210055373965588
186	197811	18467	0.37126253937944619920585864747409
189	201022	18739	0.36970621578822349118098600229132
192	204176	19007	0.36865419109170577405265589732153
195	207329	19280	0.36730641876530312206483586123795
198	210483	19549	0.36587369062237762307177035836503
201	213637	19828	0.36450683506117675936053501573042
204	216905	20103	0.36313229087201737144141588942148
207	220115	20377	0.36225243540057661117970155828516
210	223326	20643	0.36107252757015639854643040962401
213	226480	20911	0.35979806611738213151241438936268
216	229634	21180	0.35859086524095001857759257291036
219	232787	21459	0.35737107633310027932083130508545
222	236055	21764	0.35662719612422633108650416033925
225	239322	22084	0.3555860167701683782759403129603
228	242533	22395	0.35444491941774808330123391897359
231	245687	22716	0.35337370657432132237119049023022
234	248841	23045	0.35228479036421495029784978214593
237	252108	23360	0.35165154751636162888672743065399
240	255262	23678	0.35072819042305453107744028784509
243	258473	23993	0.3497030964737939950914835662843
246	261627	24336	0.34874769169513225586243265752273
249	264837	24651	0.34776973100081176593079135273001
252	268048	24970	0.34722679986425741827105184711399
255	271259	25244	0.34640386049856974892691141576506
258	274469	25516	0.34547830548837527020467064176046
261	277680	25786	0.34462195467358780476274660031777
264	280834	26058	0.34374077221611132326728466068744
267	284045	26330	0.34327188539783470844213297823444
270	287255	26602	0.34253552893547511981608977293945
273	290409	26877	0.34169695850335490838745045039104
276	293563	27153	0.34092630713295363209525135061995
279	296774	27429	0.34012892705790132019672000751598
282	299927	27700	0.33972015312908221407184328199946
285	303081	27973	0.33905830325882269082882203292684
288	306292	28252	0.33829563210583185606239453591115
291	309446	28546	0.3375991389641790907383267494879
294	312600	28866	0.336875117664672429906858042159
297	315810	29190	0.33651647950117413721216053090757
300	319021	29502	0.33591963234897026513436912864563
303	322175	29818	0.33522502424225480988084768796398
306	325329	30148	0.33459284779485376493113335527596
309	328596	30461	0.33392993332830928077115117957874
312	331750	30773	0.3336121673911937035583719080023
315	334904	31084	0.33307187895683698641846604004968
318	338058	31405	0.33243629652425593645759249739058
321	341211	31723	0.33186206837558668292231800478476
324	344422	31994	0.33125585708107946336653526486771
327	347576	32266	0.3309722036377013010266523451719
330	350787	32539	0.33047939464626646666189913048584
333	353997	32818	0.32989664165697635267449072671297
336	357265	33086	0.32936942240380151503131855861284
339	360419	33354	0.32881193755095883268779743957566
342	363573	33623	0.32855685091145747644958419186878
345	366726	33897	0.32810817596548519370358576452418
348	369937	34171	0.32757024796378719777578680805163
351	373148	34446	0.32708647660219103414647179306485
354	376358	34731	0.32657013994262884537533864204306
357	379569	35007	0.32633848740050708236992704769364
360	382723	35303	0.32592747409278605141835782887938
363	385934	35616	0.3254302470618092302245827340812
366	389087	35937	0.32498534705742393446925575517525
369	392298	36256	0.32450739772286130158107653187471
372	395452	36567	0.3242953718398432494396388392488
375	398606	36882	0.32391785314820203955932242934068
378	401760	37216	0.32345774191043813461376998930064
381	404970	37546	0.32304579772137953508348573450348
384	408181	37865	0.32260055447980123810580721510632
387	411335	38179	0.32240470893381467654137395584257
390	414489	38494	0.32205691622579124544500928095658
393	417642	38767	0.32162952437964065222075760175358
396	420796	39036	0.32124759291791071813548796853865
399	423950	39303	0.32083276936390442424240632135479
402	427104	39579	0.32065066990267826474436674288881
405	430315	39850	0.32032892668296225613389083264337
408	433468	40119	0.31993129610796428030639049211459
411	436622	40407	0.31957603917292165540686710301088
414	439890	40681	0.31918775913231856034002476008027
417	443101	40954	0.31901706760993309153207064809976
420	446311	41226	0.31871887796642189849549708924314
423	449465	41492	0.31834826391246218157959901873255
426	452619	41771	0.3180165697049855411115970582614
429	455886	42033	0.31765173897723214535560032345529
432	459097	42275	0.31749047007518377272461407301307
435	462308	42511	0.31721298609533488122025346456212
438	465462	42751	0.3168659073461226882706398555456
441	468672	42988	0.31655537926085874911308337686933
444	471826	43237	0.31621153828103676364236207518843
447	474980	43491	0.31605917568750363511043133257772
450	478134	43735	0.31580057735795052931138116036891
453	481288	43978	0.31547558464825559143562827557616
456	484441	44216	0.31518421438348359631120843005192
459	487595	44452	0.3148599830775622998579876821168
462	490749	44688	0.31471310936993596163446795799246
465	493903	44925	0.31447157252222035506150632500066
468	497057	45163	0.31416628219704623159458378722775
471	500211	45413	0.31389200983494036645282676545321
474	503421	45687	0.31358474683941034433232175615558
477	506632	45961	0.3134433225751580565088261209894
480	509843	46234	0.31321675028416223751648317374929
483	512996	46506	0.31292962087964587558630569219531
486	516150	46781	0.31267084562475960796135154851072
489	519361	47050	0.31237936722055631433292433030147
492	522515	47320	0.31224240053712909448435652848275
495	525669	47585	0.31202946479294257908776444310206
498	528822	47855	0.31175865837246957701367477966414
501	531976	48134	0.31151385346160509470792021602392
504	535244	48408	0.3112366204410248471390332269948
507	538455	48677	0.3111033342659126899043542380241
510	541608	49051	0.31090284914997462495378499625076
513	544819	49425	0.31064683924660813074680731915578
516	547973	49799	0.31041462849791906508656325058837
519	551127	50184	0.31015019892428585812638175411848
522	554337	50556	0.31001990629582254488383341595181
525	557491	50951	0.3098307978582696686764563764882
528	560645	51368	0.3095885416123455025072530588659
531	563913	51765	0.30936775322678100597073580502183
534	567123	52144	0.30911501963261500680602011925657
537	570277	52465	0.30898715950357147352889342073468
540	573488	52787	0.308808282520125043646430640365
543	576698	53109	0.30857850307168327441686983547697
546	579909	53450	0.30836811118763168826362175423128
549	583177	53783	0.30812588594081846693484294519294
552	586387	54099	0.30799997952765972852873233023274
555	589541	54420	0.30783030319795351426037655073742
558	592752	54746	0.30761218450526467416139553279208
561	596019	55060	0.30741124237562911236665286196512
564	599173	55388	0.30717853758631719074401189573109
567	602441	55677	0.30705418042429521996439234499121
570	605595	55953	0.30689302919209027198377270906349
573	608805	56228	0.3066854972204849372197088541725
576	612016	56502	0.306493234874905928766253282447
579	615227	56770	0.30626954707426956581173271842999
582	618380	57044	0.3061464077291092822363793857221
585	621534	57323	0.30599307336402414847498221206479
588	624688	57591	0.305795320252844671227165918026
591	627842	57865	0.30561090154925119044548864621902
594	631053	58136	0.30539540262044401197627507826837
597	634206	58403	0.30527320365901111642870091600344
600	637360	58672	0.30512681391666540697826803807402
603	640514	58943	0.30493794044178712532300323800882
606	643668	59257	0.30476070933229942871989237573871
609	646822	59578	0.30455276067536379835942739191523
612	650032	59903	0.30443126715748403121608589572133
615	653243	60239	0.30429139645444341910618391011667
618	656454	60565	0.30411095314162378544509124367323
621	659608	60895	0.30394033909823092720614567951998
624	662818	61242	0.30373918751767864376844840990088
627	666143	61577	0.30361819526100397581558354431763
630	669297	61904	0.30348444633147309001941493988852
633	672507	62232	0.3033117003218713247925109044445
636	675775	62508	0.30314716948215153502488306003215
639	678929	62782	0.30295232186284493103300974325975
642	682139	63051	0.30283166401562139347092283969687
645	685293	63320	0.30270331225083552117993690444564
648	688447	63597	0.30253772438246634424174885680259
651	691658	63873	0.30237878801985940135921282490017
654	694868	64147	0.3021898366453028006439751607104
657	698079	64417	0.3020694052718470024032626497501
660	701233	64688	0.30194609551996987040212161446107
663	704387	64978	0.3017871683880311572956145482749
666	707711	65256	0.30163338049832127962801564535766
669	710922	65527	0.30144991705555418404216538874607
672	714076	65821	0.30132957079755801066411891042662
675	717286	66136	0.30121099519493671481384922117286
678	720440	66453	0.30105825432683991360605091358593
681	723594	66770	0.30090923574703831722132463255548
684	726748	67090	0.30073088872597381060458587853645
687	729958	67415	0.30061055302221789675698460087006
690	733169	67742	0.30049627996088834613885865110205
693	736380	68063	0.30034912605672636765063998609548
696	739590	68393	0.30020445765320896702732511585054
699	742858	68726	0.30003070294327488509722456910822
702	746125	69048	0.29991031750369584463200567370222
705	749336	69323	0.29980003327126641954336605522258
708	752490	69591	0.29965827229095798323044164135354
711	755644	69861	0.29951770224712992440885273026652
714	758798	70128	0.29934832280247536395734186953632
717	761951	70397	0.29922782660352525985203442360216
720	765105	70674	0.2991212655768592520999504813517
723	768316	70957	0.29898446155236579890868142683757
726	771584	71225	0.29884763508631023709583018899139
729	774737	71506	0.29868229626912556895490524766501
732	778005	71783	0.29856166510954595949556278355885
735	781216	72068	0.29845855656686653967213374016865
738	784483	72338	0.29832634361216947560535572847584
741	787637	72634	0.29819307954220669598655035770207
744	790848	72955	0.29803158207058783046861094589985
747	794058	73283	0.29791076151465678556462535198079
750	797326	73598	0.29781087290060559436000175992376
753	800480	73919	0.29768315352879404223074288893258
756	803690	74230	0.29755312728324784243838507791224
759	806844	74542	0.29739521233883092765637456977856
762	809998	74872	0.29727419619228795388821140477376
765	813265	75184	0.29717717068324261964207266828453
768	816419	75497	0.29705342145809859877303438224772
771	819573	75824	0.29692643437571553111098410226987
774	822727	76114	0.29677178067215231882514103745052
777	825881	76391	0.2966505542976980991376478868915
780	829035	76669	0.29655634290771515360063403932145
783	832188	76938	0.29643646430059272800505709710706
786	835342	77208	0.29631229343789750041437969230174
789	838496	77492	0.29616083251878277948776485573035
792	841821	77769	0.29603937560795623440412782656495
795	845031	78039	0.29594775473743129001746865469613
798	848185	78310	0.29583247617271712925912652281113
801	851339	78584	0.29571097921494643445683436766558
804	854550	78858	0.29556242423225059789970714518859
807	857760	79138	0.29544074722922875064767822550493
810	861028	79430	0.29535153399200209101138625555905
813	864238	79743	0.29523864095383872685474102581793
816	867392	80061	0.2951196243075514535902925672417
819	870603	80386	0.29497373375525420824416755749553
822	873814	80710	0.29485184901754002417817446257686
825	877081	81022	0.29476492564001083307445583159279
828	880235	81337	0.29465520326034799758474491682136
831	883389	81651	0.29453850753350813151953957458318
834	886543	81966	0.29439532060836820503979538443673
837	889696	82289	0.29427324554494621589029179631325
840	892907	82606	0.29418843649525011629819459813007
843	896118	82881	0.2940816487195148654087972772686
846	899272	83155	0.29396716522075877486841477548296
849	902482	83429	0.29382633586108503065403851906012
852	905693	83702	0.29370407064196119018006925216469
855	908904	83970	0.29362123217579455536352384115162
858	912058	84244	0.29351732913672079483546895062318
861	915268	84512	0.29340486580677993533328162811813
864	918422	84780	0.29326642855447593305484588199761
867	921576	85046	0.29314397185612750540428805834381
870	924730	85328	0.29306300164514298423057425679872
873	927997	85602	0.29296173885799686731346014312294
876	931208	85875	0.2928512301141590334907505166484
879	934362	86136	0.29271505140173476045006850654318
882	937516	86378	0.29259243337147483599025576950226
885	940669	86619	0.29251322365435988848147985663672
888	943823	86859	0.29241447636644413154982657943037
891	946977	87100	0.29230577719348938003918192407582
894	950188	87337	0.29217168699324941316675108282652
897	953342	87587	0.29204893156881794880064262542874
900	956609	87836	0.29197134664868246156643749600335
