0	0	0	0.69314718055895352399886633065762
3	39000	84	0.693146488902319113378780457424
6	78000	148	0.6931457596850637559171559587412
9	117000	232	0.69314503374227676157914856958087
12	156000	295	0.69314431105905971453040592678008
15	195000	359	0.69314359162021066396164314937778
18	234000	424	0.69314287541104857570672947986168
21	273000	487	0.69314216241685344677136981772492
24	312000	560	0.69314145262276394277023428003304
27	351000	632	0.69314074601417774434963803287246
30	390000	704	0.69314004257656824936617567800567
33	429000	788	0.69313934229553786359190326038515
36	468000	855	0.6931386451565538786567799434124
39	507000	927	0.69313795114510790007500418141717
42	546000	999	0.69313726024673216752347570945858
45	585000	1083	0.69313657244730719764191917420249
48	624000	1168	0.69313588773279244392711007094476
51	663000	1231	0.69313520608883194551452788800816
54	702000	1295	0.69313452750147896974652894641622
57	741000	1367	0.6931338519565591882454214101017
60	780000	1440	0.69313317944003161041877092429786
63	819000	1524	0.69313250993843322778076299073291
66	858000	1588	0.69313184343747658022749646988814
69	897000	1651	0.6931311799233786929974598933768
72	936000	1715	0.69313051938276870611588265091996
75	975000	1778	0.69312986180177826867065959959291
78	1014000	1862	0.69312920716696568845804904412944
81	1053000	1926	0.69312855546459117839219743473222
84	1092000	2026	0.69312790668134638405462055743556
87	1131000	2127	0.693127260803864775340343840071
90	1170000	2200	0.69312661781858453391436114543467
93	1209000	2272	0.69312597771239470301196661239373
96	1248000	2345	0.69312534047192098096701329268399
99	1287000	2417	0.69312470608395282400948644863092
102	1326000	2481	0.69312407453570057391800673940452
105	1365000	2544	0.69312344581382434594019059659331
108	1404000	2627	0.69312281990539248432980912184576
111	1443000	2728	0.69312219679762732127414892602246
114	1482000	2791	0.69312157647751115874257266114
117	1521000	2892	0.69312095893208691688158751276205
120	1560000	2964	0.69312034414888623601314066036139
123	1599000	3037	0.69311973211500543801122375953128
126	1638000	3101	0.69311912281778231825768443741254
129	1677000	3164	0.69311851624460962817408926639473
132	1716000	3228	0.69311791238325470843051334668417
135	1755000	3300	0.69311731122090303180982573394431
138	1794000	3372	0.69311671274536190701098803401692
141	1833000	3473	0.69311611694403152394983180784038
144	1872000	3546	0.69311552380466534550862434116425
147	1911000	3618	0.69311493331496476510977799989632
150	1950000	3690	0.69311434546288797076130094865221
153	1989000	3753	0.69311376023628867848458412481705
156	2028000	3837	0.69311317762297408595628667171695
159	2067000	3938	0.6931125976111036646187812948483
162	2106000	4011	0.69311202018839612737366451256094
165	2145000	4083	0.69311144534307167486275602641399
168	2184000	4156	0.69311087306333873936381451130728
171	2223000	4228	0.69311031272387801926981865108246
174	2262000	4301	0.69310974549473025607682075133198
177	2301000	4373	0.69310918079604955099881635760539
180	2340000	4457	0.69310861861615047363471830976778
183	2379000	4521	0.69310805894355576040055666453554
186	2418000	4606	0.69310750255374342643222007609438
189	2457000	4668	0.69310694785800563977318233810365
192	2496000	4732	0.69310639563492748571604806784308
195	2535000	4795	0.69310584599548330508866911259247
198	2574000	4868	0.6931052986834320694953248676029
201	2613000	4940	0.6931047539530604817414882745652
204	2652000	5024	0.69310421150646628341007726703538
207	2691000	5088	0.69310367147617657490599185621249
210	2730000	5171	0.69310313385103083927418765597395
213	2769000	5235	0.69310259862000045405494574879413
216	2808000	5307	0.69310206577191513233060504717287
219	2847000	5408	0.69310153529616180811956382967765
222	2886000	5480	0.69310100718139922015836873470107
225	2925000	5552	0.69310048141686808609307490769424
228	2964000	5625	0.69309995799171741914790345617803
231	3003000	5689	0.69309943689537500954855886448058
234	3042000	5752	0.6930989181167325208221541288367
237	3081000	5816	0.69309840164531621997667798495968
240	3120000	5900	0.69309788747070544268069625104545
243	3159000	5964	0.69309737558210526842117360502016
246	3198000	6027	0.69309686596881847631124173858552
249	3237000	6091	0.69309635862063478928263293710188
252	3276000	6154	0.69309585352691660542490126317716
255	3315000	6227	0.69309535067742134017976241011638
258	3354000	6299	0.69309485006189264222342671928345
261	3393000	6371	0.69309435166992927612739094911376
264	3432000	6455	0.69309385549114532754089168520295
267	3471000	6519	0.69309336471099636245440933635109
270	3510000	6603	0.69309287291289511934166966966586
273	3549000	6667	0.69309238329762046237902950451826
276	3588000	6768	0.69309189585536845612523393356241
279	3627000	6831	0.6930914105758939625090420122433
282	3666000	6932	0.69309092744927403018095901643392
285	3705000	7004	0.69309044646568840342126804898726
288	3744000	7076	0.69308996761522279062006646199734
291	3783000	7149	0.6930894908881681804047047990025
294	3822000	7222	0.6930890162744464122468457389914
297	3861000	7285	0.69308854376457396107014119479572
300	3900000	7357	0.69308807334878042016867993879714
303	3939000	7421	0.69308760501727384450987301534042
306	3978000	7521	0.69308713876059391267858700302895
309	4017000	7584	0.69308667456921402294511835862068
312	4056000	7685	0.69308621243367585229577798600076
315	4095000	7757	0.69308575234445957136131255538203
318	4134000	7830	0.69308529429219256634553403273458
321	4173000	7893	0.69308483826730438170926618113299
324	4212000	7964	0.69308438426065122062169621131034
327	4251000	8037	0.69308393226280973209441071958281
330	4290000	8109	0.693083482264666761452076571004
333	4329000	8181	0.69308303425683914777977179255686
336	4368000	8254	0.69308258823045010288410594512243
339	4407000	8326	0.6930821441761463308495194723946
342	4446000	8398	0.69308170208481889584817281502183
345	4485000	8482	0.69308126194763908234364180316334
348	4524000	8546	0.69308082375545809750150283434778
351	4563000	8610	0.69308038749930289679213046838413
354	4602000	8673	0.69307995317046244831971080202493
357	4641000	8737	0.6930795207599278473509230025229
360	4680000	8800	0.69307909025882330489309879339999
363	4719000	8864	0.6930786616584515558159296233498
366	4758000	8965	0.69307823495004194924717921821866
369	4797000	9029	0.69307781012485125682331954521942
372	4836000	9101	0.693077387174349635046155526652
375	4875000	9173	0.69307696608970692508933097997215
378	4914000	9245	0.69307654686247721631531248931424
381	4953000	9318	0.6930761294842845421371180236747
384	4992000	9381	0.69307571394626876770672652128269
387	5031000	9444	0.69307530024026564596795196848689
390	5070000	9515	0.69307488835764896606406182399951
393	5109000	9579	0.69307447858421611375234760998865
396	5148000	9642	0.69307407032251666656463839899516
399	5187000	9706	0.69307366385922974938438301251153
402	5226000	9769	0.69307325918632989303347358145402
405	5265000	9832	0.69307285629529158388351106623304
408	5304000	9933	0.6930724551781979325681959380745
411	5343000	10015	0.69307206570914603460664693557192
414	5382000	10087	0.69307166806791387081432276318083
417	5421000	10159	0.69307127217630226656552849817672
420	5460000	10231	0.69307087802630151784910594869871
423	5499000	10303	0.69307048561013406828834604311851
426	5538000	10367	0.69307009572101996308646221223171
429	5577000	10431	0.69306970674544265964556188919232
432	5616000	10531	0.69306931947983752007047542065266
435	5655000	10604	0.69306893391630608469711205543717
438	5694000	10667	0.69306855004715128831804804576677
441	5733000	10769	0.69306816786446878708716212713625
444	5772000	10841	0.69306778736033758381296365769231
447	5811000	10913	0.69306740852731185675850156258093
450	5850000	10985	0.69306703135776692725755765422946
453	5889000	11086	0.69306665584398308155300583166536
456	5928000	11158	0.69306628283743354490553656432894
459	5967000	11231	0.693065910609289459465287563944
462	6006000	11303	0.69306554001423303912332585241529
465	6045000	11367	0.69306517104477360913250549856457
468	6084000	11439	0.69306480369353851145319822535384
471	6123000	11511	0.6930644379530073173611981474096
474	6162000	11614	0.69306407381588774896385984902736
477	6201000	11686	0.69306371127480814742227721581003
480	6240000	11759	0.69306335032238564064499541927944
483	6279000	11831	0.69306299095142676058856068266323
486	6318000	11903	0.693062633154659102352468380559
489	6357000	11975	0.69306227692497390791004363563843
492	6396000	12049	0.69306192225504992254769831561134
495	6435000	12121	0.69306156913774041861131536279572
498	6474000	12194	0.69306121756596139604766904085409
501	6513000	12257	0.69306086753281559431627556477906
504	6552000	12330	0.69306051903105836409224593808176
507	6591000	12403	0.69306017384128382197161499789217
510	6630000	12475	0.69305982837283519604199000241351
513	6669000	12539	0.69305948441502362999955266786856
516	6708000	12623	0.69305914259392709109164343317389
519	6747000	12724	0.69305880163470989785423626017291
522	6786000	12796	0.69305846216533217862831861566519
525	6825000	12869	0.69305812417910650502506086922949
528	6864000	12942	0.69305778766920489442071584562655
531	6903000	13026	0.69305745262904216996702189135249
534	6942000	13099	0.69305711905180422682803964562481
537	6981000	13171	0.69305678693081074204229707902414
540	7020000	13234	0.6930564562593064525941599640646
543	7059000	13297	0.69305612703076935332546781864949
546	7098000	13361	0.69305579923866811320465330936713
549	7137000	13462	0.6930554728763964611459869047394
552	7176000	13534	0.69305514793727496236641627547215
555	7215000	13607	0.69305482441493337919524719836772
558	7254000	13691	0.69305450230279042056480420797016
561	7293000	13775	0.69305418159466702920923353303806
564	7332000	13839	0.69305386228404564086247319210088
567	7371000	13902	0.69305354436446031662910627346719
570	7410000	14003	0.69305322782958400651409647252876
573	7449000	14076	0.69305291267323654302856539288769
576	7488000	14148	0.6930525988890996469393712686724
579	7527000	14220	0.69305228647077588011171656035003
582	7566000	14291	0.69305197541224750068522553192452
585	7605000	14377	0.69305166570712872786685920800664
588	7644000	14440	0.69305135734919554035826649851515
591	7683000	14512	0.69305105033255698376848386033089
594	7722000	14575	0.69305074465092464386373194429325
597	7761000	14638	0.69305044029833517971184164707665
600	7800000	14703	0.69305013726869690859899719725945
603	7839000	14766	0.69304983555597132749426236841828
606	7878000	14829	0.69304953515419698284460991999367
609	7917000	14892	0.69304923605717883017263147849008
612	7956000	14956	0.69304893825934266171628905794933
615	7995000	15057	0.69304864175470382026134075204027
618	8034000	15120	0.69304834653718705439473524165805
621	8073000	15192	0.69304805260101742803158231254201
624	8112000	15264	0.69304775994036127428898907965049
627	8151000	15337	0.6930474685496174069854191657214
630	8190000	15409	0.69304717842275453953959640784888
633	8229000	15482	0.69304688955409998740719856868964
636	8268000	15550	0.69304660193791356448400620138273
639	8307000	15623	0.69304631556862750230152414587792
642	8346000	15695	0.69304603099405415189693258071202
645	8385000	15779	0.69304574709939004151237895712256
648	8424000	15863	0.69304546443466441552061496622628
651	8463000	15926	0.69304518299425599270335851542768
654	8502000	15989	0.69304490277265151654262353986269
657	8541000	16052	0.69304462376425790548495342591195
660	8580000	16116	0.69304434596371378152213083012612
663	8619000	16179	0.69304406936540985384453961160034
666	8658000	16251	0.69304379396386162071053149702493
669	8697000	16323	0.69304351975377331829264448970207
672	8736000	16395	0.69304324672966666209816821719869
675	8775000	16467	0.69304297488621668943409304119996
678	8814000	16539	0.69304270421794544887461597681977
681	8853000	16611	0.69304243471970705670059942349326
684	8892000	16684	0.69304216638604576594673289946513
687	8931000	16756	0.69304189921170900046121232662699
690	8970000	16839	0.69304163319158429423794132162584
693	9009000	16903	0.69304136832018270464317311052582
696	9048000	16966	0.69304110459259316012747831337037
699	9087000	17030	0.69304084200354643119368347470299
702	9126000	17092	0.69304058054782702313900699664373
705	9165000	17193	0.69304032022027961534860196479713
708	9204000	17294	0.69304006132819506724729308189126
711	9243000	17367	0.69303980324077418817552143082139
714	9282000	17439	0.6930395462662622962923819613934
717	9321000	17511	0.6930392903997599773902038577944
720	9360000	17595	0.69303903563617252903128473917604
723	9399000	17667	0.69303878197058577104172627514345
726	9438000	17739	0.69303852939807064625910015820409
729	9477000	17811	0.69303827791352246023848238110077
732	9516000	17895	0.69303802751205623167152225505561
735	9555000	17967	0.6930377781888750199357218662044
738	9594000	18052	0.69303752993926104331023907434428
741	9633000	18115	0.69303728275810461134653905901359
744	9672000	18179	0.69303703664069615797416190616786
747	9711000	18242	0.69303679158224285039580081502208
750	9750000	18315	0.69303654757793975438318057058495
753	9789000	18416	0.69303630462298582148861214591307
756	9828000	18488	0.69303606271276751993326570300269
759	9867000	18561	0.69303582184242407127072738148854
762	9906000	18634	0.69303558200741455230797782860463
765	9945000	18718	0.69303534320297921489384407323087
768	9984000	18802	0.69303510542446233877456052141497
771	10023000	18903	0.69303486866729990811819561713492
774	10062000	18975	0.69303463292697298214761758572422
777	10101000	19048	0.69303439819871537341811063015484
780	10140000	19132	0.69303416447797394628338452093885
783	10179000	19204	0.69303393176030814171184601946152
786	10218000	19276	0.6930337000412689629769147359184
789	10257000	19361	0.69303346931627740623582667467417
792	10296000	19425	0.6930332395808214140942027370329
795	10335000	19488	0.69303301083058044262941166380187
798	10374000	19552	0.69303278306093696325973496641382
801	10413000	19615	0.69303255661699303402656369144097
804	10452000	19716	0.693032330794442930077536857425
807	10491000	19779	0.69303210593939168493449187735678
810	10530000	19842	0.69303188204750698631073646538425
813	10569000	19915	0.69303165911456721115513346376247
816	10608000	19988	0.69303143713614245857712603537948
819	10647000	20060	0.69303121610814488740004435385345
822	10686000	20132	0.69303099602602757922653609057306
825	10725000	20206	0.69303077688580971837950528424699
828	10764000	20278	0.69303055899681642593179731193231
831	10803000	20362	0.69303034172623123598810934709036
834	10842000	20434	0.6930301253848756282138765527634
837	10881000	20519	0.69302990996850344362911755524692
840	10920000	20582	0.6930296954729004976769601853448
843	10959000	20666	0.69302948189398339007283311730134
846	10998000	20767	0.69302926922775243134822176216403
849	11037000	20840	0.69302905747005516534642310944037
852	11076000	20903	0.69302884661682606637356229839497
855	11115000	21004	0.69302863666396608000042078856495
858	11154000	21076	0.69302842760740124283813656802522
861	11193000	21148	0.69302821944319581426441345683997
864	11232000	21221	0.69302801554750392831749650213169
867	11271000	21284	0.69302780914027162229018586003804
870	11310000	21348	0.69302760361350623785625657546916
873	11349000	21412	0.69302739896324616619693870234187
876	11388000	21512	0.6930271951857092105342417198699
879	11427000	21576	0.69302699227694197769977790812845
882	11466000	21648	0.69302679023299174065897432228667
885	11505000	21720	0.69302658904999936417823391821003
888	11544000	21804	0.69302638872424138227756884589326
891	11583000	21868	0.69302618925179171327499716426246
894	11622000	21932	0.69302599064986691868028856333694
897	11661000	21996	0.69302579287256560469643318356248
900	11700000	22060	0.69302559593718870978307222685544
