0	0	0	0.69314718055895352399886633065762
3	40620	715	0.69314644824952065249590305029415
6	81240	1432	0.69314571922866907716098694436369
9	121860	2148	0.6931449934813168622937951113272
12	162480	2862	0.69314427099236786133928944764193
15	203100	3577	0.69314355175519937191097596951295
18	243720	4294	0.6931428357388410566031211601512
21	284340	5131	0.69314212293623600480430013703881
24	324960	5963	0.69314141355951652823108588563628
27	365580	6592	0.69314070714003972462080582772614
30	406200	7259	0.69314000389063923357468866015552
33	446820	7889	0.6931393038444610965598258189857
36	487440	8521	0.693138606904005749598240981868
39	528060	9151	0.69313791307753014336867636302486
42	568680	9779	0.69313722252658216405052371555939
45	609300	10457	0.69313653498136862385337053638068
48	649920	11088	0.69313585047096193392235363717191
51	690540	11719	0.69313516924280493824994664464612
54	731160	12346	0.69313449096807711047318889541202
57	771780	13179	0.69313381560045539409031789546134
60	812400	13810	0.69313314326070496473874982257257
63	853020	14439	0.69313247395032606679166065077879
66	893640	15148	0.69313180762422688108159718467505
69	934260	15778	0.69313114428434496883113524745568
72	974880	16408	0.69313048411769839773910462099593
75	1015500	17406	0.69312984579336456292253387800884
78	1056120	18041	0.69312919123717176006493900786154
81	1096740	18670	0.69312853961321407858520160516491
84	1137360	19297	0.69312789093141979890333459479734
87	1177980	20011	0.69312724523624491546058834501309
90	1218600	20962	0.69312660232777090207889614248415
93	1259220	21682	0.69312596256331249211513068075874
96	1299840	22581	0.69312532539790772112553440820193
99	1340460	23299	0.69312469108474272783126934882603
102	1381080	24015	0.69312405968858870064508437280892
105	1421700	24731	0.69312343104027784868037542764796
108	1462320	25446	0.69312280520509850223476178143756
111	1502940	26162	0.69312218217021059896154611124075
114	1543560	26880	0.69312156192260598874810284542036
117	1584180	27595	0.69312094456409745202307703948463
120	1624800	28315	0.69312032985205940249784362094942
123	1665420	29149	0.69311971788913229186590569952386
126	1706040	29835	0.69311910871182791371580833583721
129	1746660	30552	0.69311850220881732198563440761063
132	1787280	31265	0.69311789841717108551222281676019
135	1827900	31986	0.69311729732427607153510962234577
138	1868520	32702	0.69311669891756844119612424037769
141	1909140	33404	0.69311610321246130972383525659097
144	1949760	34119	0.6931155101718845523706136191322
147	1990380	34835	0.69311491992491458535852189015714
150	2031000	35555	0.69311433225602736563075723097427
153	2071620	36387	0.69311374709575124253291278364486
156	2112240	37104	0.69311316454831639610745241952827
159	2152860	37732	0.69311258460182112450809199799551
162	2193480	38359	0.69311200724414934182249226068961
165	2234100	38989	0.69311143253909979211613290317473
168	2274720	39619	0.6931108705230822897291886874882
171	2315340	40247	0.69311030081190760920861748672905
174	2355960	41245	0.69310973364268613217120673652971
177	2396580	41908	0.69310916900378916061242762225447
180	2437200	42536	0.69310860691688980228519767479156
183	2477820	43536	0.69310804732984354625813239181298
186	2518440	44164	0.6931074902636836787550578264927
189	2559060	44796	0.69310693562887093488456002887688
192	2599680	45618	0.69310638346648889562828799171257
195	2640300	46617	0.69310583376501255781221288998495
198	2680920	47468	0.69310528654291825301214657883975
201	2721540	48096	0.69310474172947600379757204791531
204	2762160	48724	0.69310419934326150670500510386773
207	2802780	49357	0.6931036593729011929809757930343
210	2843400	50356	0.69310312180741984189324966791901
213	2884020	51317	0.69310258663584456417794399385457
216	2924640	52030	0.69310205384713696741272315193783
219	2965260	52746	0.69310152348919029652307699507219
222	3005880	53460	0.69310099543279901634917905539623
225	3046500	54178	0.69310046972638006401723487215349
228	3087120	55175	0.69309994637211724821668212825898
231	3127740	55894	0.69309942544572844536077127486351
234	3168360	56611	0.69309890672389917742890474983142
237	3208980	57327	0.69309839242487403243586641110596
240	3249600	58043	0.69309787829614022403035278330208
243	3290220	58758	0.69309736657216547417448282430996
246	3330840	59472	0.69309685700411982622881623683497
249	3371460	60191	0.69309634970091582584217348994571
252	3412080	60905	0.69309584476671359798416460762382
255	3452700	61783	0.69309534196591482402283190822345
258	3493320	62501	0.69309484143697541735917866390082
261	3533940	63215	0.69309434326174612639448469053605
264	3574560	63915	0.69309384721320599354044134088326
267	3615180	64630	0.69309335331346988429146449561813
270	3655800	65437	0.69309286157658633875655596057186
273	3696420	66273	0.69309237201814777318276128426078
276	3737040	66901	0.69309188473138827468744693760527
279	3777660	67530	0.69309139950773801519545713745174
282	3818280	68161	0.69309091652737908617609718930908
285	3858900	69160	0.69309043579070750418225088651525
288	3899520	69789	0.69308995700632414216357801706181
291	3940140	70418	0.69308948033254180742801509040873
294	3980760	71048	0.69308900577209886506580005516298
297	4021380	71677	0.69308853331498287975165339958039
300	4062000	72310	0.6930880629518443303282992928871
303	4102620	73215	0.69308759476380943365114717380493
306	4143240	73846	0.69308712855885279413570287943003
309	4183860	74825	0.69308666454389422639792428526562
312	4224480	75454	0.69308620245916008340003600096679
315	4265100	76098	0.69308574242036447010661959211575
318	4305720	77096	0.69308528441823591403903037644341
321	4346340	77777	0.69308482844340768558311083324952
324	4386960	78779	0.69308437464124883486960015943623
327	4427580	79497	0.69308392269241125838163952721516
330	4468200	80125	0.69308347274306247864927854607231
333	4508820	80841	0.69308302478376793143155509824282
336	4549440	81555	0.69308257880549906104761248570867
339	4590060	82271	0.69308213479922720079429154793615
342	4630680	82992	0.69308169275561404276686516823247
345	4671300	83708	0.69308125286821420374394620012026
348	4711920	84424	0.69308081478853389434391374379629
351	4752540	85141	0.69308037857853133090202391031198
354	4793160	85857	0.69307994429547936654500972508686
357	4833780	86573	0.69307951198701545081348740495741
360	4874400	87289	0.69307908164337206358140974771231
363	4915020	88009	0.69307865308730975950624042525305
366	4955640	88701	0.69307822642310079608307660237188
369	4996260	89420	0.69307780164193522054461027437355
372	5036880	90137	0.69307737877466413234373021623469
375	5077500	90852	0.69307695773936861538544462746358
378	5118120	91567	0.69307653855526307751233616727404
381	5158740	92284	0.69307612121991390985442649252946
384	5199360	93001	0.69307570572468435443624912295491
387	5239980	93716	0.69307529206108231534244623617269
390	5280600	94432	0.69307488022081753520353686326416
393	5321220	95146	0.69307447030095603590638120294898
396	5361840	95863	0.69307406208178912176975927650346
399	5402460	96704	0.69307365566079837115864847874036
402	5443080	97420	0.6930732510298716064767177158501
405	5483700	98137	0.69307284818462988607024044540594
408	5524320	98852	0.69307244712468440983599293758743
411	5564940	99572	0.69307204781438414009642201563111
414	5605560	100286	0.6930716502615275054210997041082
417	5646180	101002	0.69307125445790662698897222071537
420	5686800	101720	0.69307086039546650368947666720487
423	5727420	102436	0.69307046818021667000664365332341
426	5768040	103070	0.69307007760555683351100242362008
429	5808660	103699	0.69306968871849949920260769431479
432	5849280	104330	0.6930693015409962187689529855561
435	5889900	105028	0.6930689160651151148329063289566
438	5930520	105746	0.693068532283143134975489374483
441	5971140	106387	0.69306815018727296884293309631175
444	6011760	107102	0.69306776976961192993087479408132
447	6052380	107821	0.69306739102266834429144637397258
450	6093000	108537	0.69306701393846581460422839882085
453	6133620	109252	0.69306663850980398944301441588323
456	6174240	109968	0.6930662647288498012798640957044
459	6214860	110686	0.69306589266212259570210107995081
462	6255480	111401	0.69306552215377215109270991888479
465	6296100	112116	0.69306515327065376652626582654193
468	6336720	112831	0.69306478600520993182954043732025
471	6377340	113546	0.6930644203564780836401837404992
474	6417960	114262	0.69306405640392487743639549080399
477	6458580	114981	0.69306369394692646235256461295648
480	6499200	115701	0.69306333307824818934506083678571
483	6539820	116417	0.69306297379063774855012525222264
486	6580440	117133	0.69306261607673569358212262159213
489	6621060	117967	0.69306225995443693221886860555969
492	6661680	118798	0.69306190548161428210960366413929
495	6702300	119425	0.69306155244546063798338764172513
498	6742920	120258	0.69306120095444967432740668300539
501	6783540	120886	0.69306085108620807400114927077084
504	6824160	121719	0.69306050270073249475188958967919
507	6864780	122721	0.69306015583040814220794345601462
510	6905400	123347	0.69305981049305964702966775803361
513	6946020	124021	0.69305946662924255985416266412358
516	6986640	124736	0.69305912426122773251080388945411
519	7027260	125434	0.69305878338959048257095219014445
522	7067880	126062	0.69305844610514033554693469341146
525	7108500	126693	0.69305810819568058889217354590073
528	7149120	127619	0.69305777184781525157575288176304
531	7189740	128249	0.69305743688338494745693196819047
534	7230360	128880	0.69305710338149517646399999648565
537	7270980	129596	0.69305677326047410158338379915222
540	7311600	130313	0.69305644265453358876527545362478
543	7352220	131027	0.69305611353409346531151413728367
546	7392840	131673	0.69305578585873717223364565143129
549	7433460	132391	0.69305545956078784541887216619216
552	7474080	133072	0.69305513468570367763277317862958
555	7514700	133700	0.69305481305935645597315897248336
558	7555320	134329	0.69305449100193872169484166079201
561	7595940	134955	0.69305417034819793986599734125775
564	7636560	135585	0.69305385109170036805892323172884
567	7677180	136270	0.69305353324709872975262214822578
570	7717800	136899	0.69305321684970455642371689464198
573	7758420	137525	0.69305290174630673760702848085202
576	7799040	138247	0.69305258801478342167712298760307
579	7839660	138876	0.69305227566320126708632187728654
582	7880280	139710	0.69305196474074248769170480954926
585	7920900	140338	0.6930516564580840865872346512333
588	7961520	140973	0.69305134948122659732661077214289
591	8002140	141806	0.69305104259204142191919117976795
594	8042760	142434	0.69305073694823648988716513485997
597	8083380	143146	0.69305043266106836075124419949134
600	8124000	143860	0.69305012971026080936809421473299
603	8164620	144575	0.6930498280346463202405971060216
606	8205240	145291	0.69304952779672945872846412385115
609	8245860	145932	0.69304922886734166009858881807304
612	8286480	146651	0.69304893110523424493152333525359
615	8327100	147365	0.69304863463588417538119301752886
618	8367720	148083	0.69304833945359189950607969876728
621	8408340	148795	0.6930480455525703797903247505019
624	8448960	149512	0.69304775296577780796525303230737
627	8489580	150228	0.69304746160960539747009079292184
630	8530200	150941	0.69304717161236928379963728730218
633	8570820	151660	0.69304688277769921356252780242357
636	8611440	152374	0.6930465951953571623889160946419
639	8652060	153090	0.69304630885967932751867692786618
642	8692680	153807	0.69304602376495216820018185899244
645	8733300	154524	0.6930457399054860134768318857823
648	8773920	155240	0.69304545727582322900417466371437
651	8814540	155959	0.6930451758703670694927723161527
654	8855160	156594	0.69304489568345262195947498184978
657	8895780	157226	0.69304461670967365538587046103203
660	8936400	157855	0.69304433898350803477939052754664
663	8977020	158483	0.69304406249153571728527367667994
666	9017640	159111	0.6930437871464775190233353896474
669	9058260	159740	0.69304351307151457195487864737515
672	9098880	160368	0.69304324008023565628633377855294
675	9139500	160997	0.69304296834084544443044251238462
678	9180120	161626	0.69304269770487836321848362786113
681	9220740	162255	0.6930424283082656788934627911658
684	9261360	162885	0.69304216000630958216532917504082
687	9301980	163515	0.6930418928635179165453905625327
690	9342600	164146	0.69304162687460280078965979555505
693	9383220	164775	0.69304136315807007839850939490134
696	9423840	165406	0.69304109951504500042318568375777
699	9464460	166048	0.69304083695138052334527856146451
702	9505080	166677	0.69304057552885245385709822585341
705	9545700	167352	0.69304031525628317922382848337293
708	9586320	167982	0.69304005607684815437607994681457
711	9626940	168612	0.69303979801521409243036941916216
714	9667560	169613	0.69303954109222987156613271508832
717	9708180	170243	0.69303928526609692717386224103393
720	9748800	171243	0.69303903052802051654168735694839
723	9789420	171871	0.69303877688769410791991276710178
726	9830040	172584	0.69303852434012980232580503070494
729	9870660	173297	0.69303827288050534605190478032455
732	9911280	174012	0.69303802262773128717299186973833
735	9951900	174729	0.69303777332897342766671044955729
738	9992520	175446	0.69303752510345872916985854317318
741	10033140	176162	0.69303727794628999792081458508619
744	10073760	176844	0.69303703185276177567430977433105
747	10114380	177561	0.69303678681804237182717542964383
750	10155000	178275	0.69303654283732696317343879854889
753	10195620	178989	0.69303629990601267607530644454528
756	10236240	179708	0.69303605801915679762714717071503
759	10276860	180425	0.69303581718456752636114970300696
762	10317480	181140	0.69303557743457810946807740037912
765	10358100	181855	0.6930353386530058168446544186736
768	10398720	182573	0.69303510095484399666787567184656
771	10439340	183289	0.6930348642201036302168404290569
774	10479960	184004	0.69303462850187835808668523895903
777	10520580	184633	0.69303439379578957169059094667318
780	10561200	185347	0.69303416009719820412016133559518
783	10601820	186176	0.69303392740155711493343915208243
786	10642440	186894	0.69303369570431327950643662916264
789	10683060	187610	0.69303346507448537749951356090605
792	10723680	188239	0.69303323536056105069746990920976
795	10764300	189239	0.69303300671498757612454255649936
798	10804920	189881	0.69303277898560733394361932369065
801	10845540	190510	0.69303255221304871369625288934913
804	10886160	191211	0.69303232641219536525056810205569
807	10926780	191838	0.69303210205562759682607065769844
810	10967400	192467	0.69303187818321376756358631610055
813	11008020	193103	0.69303165533229216244137660396518
816	11048640	193732	0.69303143337280559421742509584874
819	11089260	194360	0.69303121236359199741627890034579
822	11129880	194990	0.69303099236097476243401160900248
825	11170500	195623	0.69303077323909045848182586269104
828	11211120	196252	0.69303055505466237828926523434347
831	11251740	196881	0.69303033785342338379820148475119
834	11292360	197509	0.69303012153116649862738540832652
837	11332980	198137	0.69302990614067905283945947303437
840	11373600	198765	0.69302969180125872927789032473811
843	11414220	199482	0.69302947832332895128359950831509
846	11454840	200316	0.69302926569075240514905544841895
849	11495460	201007	0.69302905403305359310905942038517
852	11536080	201719	0.6930288436429337117772320198128
855	11576700	202353	0.69302863370521905483911950796028
858	11617320	202982	0.69302842469775460809700007303036
861	11657940	203820	0.6930282184677972745490137640445
864	11698560	204449	0.69302801123787982628954296160373
867	11739180	205328	0.69302780485214166006358027516399
870	11779800	205955	0.69302760001680063783879859329318
873	11820420	206938	0.69302739544522418135841235198313
876	11861040	207567	0.69302719170933280157242961649899
879	11901660	208194	0.69302698881821001020142603010754
882	11942280	209026	0.69302678679186369148368385140202
885	11982900	209655	0.69302658562635499617243795000832
888	12023520	210284	0.69302638536163096993902854592307
891	12064140	210914	0.69302618590634157413887805887498
894	12104760	211547	0.69302598730039199903529834045912
897	12145380	212175	0.69302578960906557892229784556548
900	12186000	212804	0.69302559269045038714551765224314
