0	0	0	0.69314718055900481630260401288979
3	51810	4864	0.65472144784391095306830266054021
6	103620	9694	0.62082060360232715900963285093894
9	155430	14640	0.59048280336659431100088113453239
12	207240	19681	0.56366342082026787974058379404596
15	259050	24625	0.53954974921429776912873421679251
18	310860	29478	0.51814005270499940980499786746805
21	362670	34794	0.49879347434474385902802850978333
24	414480	39625	0.48151696603735466561957423436979
27	466290	44623	0.46580667269188641421706620349141
30	518100	49715	0.45169791190905972388947020590422
33	569910	54858	0.4387827067290228089113668374921
36	621720	60996	0.42712568496966302200590348547848
39	673530	66063	0.41638944367615837727214511687635
42	725340	71271	0.40664186049137590606150638450345
45	777150	76532	0.39760918268204115122443909058347
48	828960	81405	0.38936155080234557956941898737568
51	880770	86735	0.38167366065075425396457831084263
54	932580	92685	0.37461771486140815756726851759595
57	984390	97701	0.3680049909942033625753765591071
60	1036200	102828	0.36190150412017574321765778222471
63	1088010	108130	0.35615303844058743276690393031458
66	1139820	113466	0.35082094744484865200817580443982
69	1191630	118780	0.34577168361576354760344997885113
72	1243440	124025	0.3410684464123646120192745456734
75	1295250	129102	0.33659784531711312016710735406377
78	1347060	134119	0.33241191385034918326368824637029
81	1398870	139001	0.32841565519210119683535253898299
84	1450680	143910	0.32465959928112736454508535643981
87	1502490	148969	0.32105903534624036232969501725165
90	1554300	154118	0.31766044263378423462285127243376
93	1606110	159427	0.31439188639247389600583915125753
96	1657920	164729	0.31129519593353288664516753669886
99	1709730	169749	0.30830645118785193758981222345028
102	1761540	174868	0.30546533929421831876638293579163
105	1813350	179140	0.30271606657420341290887222385209
108	1865160	184041	0.30009314965145417186676013443503
111	1916970	189013	0.29754865000432167976285313670815
114	1968780	194286	0.29511336509478214296109399583656
117	2020590	199334	0.29274459586752343831506095739314
120	2072400	205452	0.29047110310478901906705573310319
123	2124210	210321	0.28825628992827506680285409856879
126	2176020	215356	0.28612358737339510517116991650255
129	2227830	220313	0.28404165568949674147702921800374
132	2279640	225632	0.2820322445127847466039838764118
135	2331450	231026	0.28006742090807096312587987085863
138	2383260	236364	0.27816634910100362931828499313269
141	2435070	241500	0.27630476030688344568631009678938
144	2486880	246543	0.27449953342484256779698625905439
147	2538690	251423	0.27272954029481188964467719415552
150	2590500	256414	0.27100966350175048624748797010398
153	2642310	261614	0.26932157830824715594175700061896
156	2694120	266692	0.26767773838697589416923960925487
159	2745930	271568	0.26606277923850968347707635075494
162	2797740	276465	0.26448780136820138064734919680632
165	2849550	281552	0.2629392407677231813245555258618
168	2901360	286715	0.26142623838813483505560952835367
171	2953170	291893	0.25993769649650716457855992302939
174	3004980	297063	0.25848066451362283757475779566448
177	3056790	302370	0.25704618251577537879626333960914
180	3108600	307689	0.25564037862757410524139345397998
183	3160410	313045	0.25425596896007990332932990895642
186	3212220	318375	0.252897238768511278816930598623
189	3264030	324205	0.2515587502274169717786378441815
192	3315840	329117	0.25024329658882654703333514589758
195	3367650	334187	0.24894694547606341372691929336725
198	3419460	339322	0.24767147025038060981216858635889
201	3471270	344634	0.24641410399503582695501791022252
204	3523080	350030	0.24517566100594515021704467017116
207	3574890	355327	0.24395463313651885584043554899836
210	3626700	360573	0.24275073526526955158821863278718
213	3678510	365694	0.24156365740975133116208439787442
216	3730320	370694	0.24039205571347654899483359258738
219	3782130	375894	0.23923675893036450146311722164683
222	3833940	381207	0.23809535356089392421630179796921
225	3885750	386544	0.23696977556096263106688581956405
228	3937560	391435	0.23585686827520330188789898784307
231	3989370	396321	0.23475955995265032627550283450546
234	4041180	401293	0.23367378393012483428492487291805
237	4092990	406290	0.23260312278833880639261622036429
240	4144800	411343	0.23154277952896767933665955752076
243	4196610	416480	0.23049729074877864376524883027741
246	4248420	421758	0.22946128765961512629978358290828
249	4300230	427078	0.22843980891598322791047337432246
252	4352040	432415	0.22742701674529192112927944435796
255	4403850	437617	0.22642831803260030087976417689788
258	4455660	442757	0.22543752543340145333417012807331
261	4507470	447862	0.22446071010483623076048331768106
264	4559280	453008	0.22349109012547799246739543832518
267	4611090	458100	0.22253522629734856508321172441356
270	4662900	463603	0.22158576718627792656590713704645
273	4714710	468673	0.22064998277689640282517302694032
276	4766520	473766	0.21972003952660815184749765194283
279	4818330	479034	0.21880363813277192708284246691619
282	4870140	484339	0.21789237151123289071286137641437
285	4921950	489621	0.21699448615962468878137769934256
288	4973760	494901	0.21610132941145271390226412222546
291	5025570	500084	0.2152213999135756949954156880267
294	5077380	505177	0.21434564185021812154907649983215
297	5129190	510060	0.21348304796840197883334155903867
300	5181000	514949	0.21262419643823232684454183072376
303	5232810	519949	0.21177829829358535418393216787081
306	5284620	525241	0.2109357686564111433735746459206
309	5336430	530505	0.21010594641350863187589936842414
312	5388240	535450	0.20927918142052673311503951936174
315	5440050	540388	0.20846513911854513967369939564378
318	5491860	545717	0.20765372694785241836079592303577
321	5543670	551096	0.20685485981254359000303111315588
324	5595480	556130	0.20605830716881320952005296476273
327	5647290	561228	0.205274266389928378151452648126
330	5699100	566358	0.20449218696099336067817375806044
333	5750910	571448	0.20372264764175873619223011701251
336	5802720	576540	0.2029546350551044708865333632275
339	5854530	581797	0.2021990318235279970870976740116
342	5906340	586950	0.20144470257243854427464668788161
345	5958150	592038	0.20070270474718598929797508390038
348	6009960	597197	0.19996178904524580799417776688642
351	6061770	602307	0.19923292877723647320564737128734
354	6113580	607410	0.19850490502019862981697428949701
357	6165390	612647	0.19778893278002235289747545721184
360	6217200	617664	0.19707356336484346814863499730563
363	6269010	623014	0.19637023482020668496694781879341
366	6320820	628400	0.19566735675611515721250555088773
369	6372630	633582	0.19497618378233985692027374625468
372	6424440	638576	0.1942853864357901305659481749899
375	6476250	643550	0.19360609313970081335476436379395
378	6528060	648509	0.19292711058546124780477271087875
381	6579870	653665	0.19225963507387255901903699850664
384	6631680	658934	0.19159219731105400774673341857124
387	6683490	663972	0.19093617716288988073181087656849
390	6735300	669233	0.19027988180669436202308020256169
393	6787110	674570	0.1896348799238985471937724014424
396	6838920	679893	0.18898958095312431981760425969696
399	6890730	685276	0.1883555018483216159097537456546
402	6942540	691308	0.18772097361395925774196768998081
405	6994350	696695	0.18709745807536992678876686113654
408	7046160	702075	0.18647330689745131304668745997333
411	7097970	707095	0.18586022963288095777301123234793
414	7149780	712325	0.18524654606296594994141457846126
417	7201590	717627	0.18464359977709776661214391424437
420	7253400	722830	0.18403984290651423383344820194907
423	7305210	728111	0.18344677675739284872236112278188
426	7357020	733113	0.18285288860493237317328407698369
429	7408830	738379	0.1822696128183443342596348202278
432	7460640	743765	0.18168531798730927495633125090535
435	7512450	749155	0.18111159196956252981358659326361
438	7564260	754106	0.18053665417871608833699781371251
441	7616070	759035	0.17997215896559065617665851277707
444	7667880	764096	0.17940635326425036222275366526446
447	7719690	769270	0.17885093867965673464226483702078
450	7771500	774383	0.17829423146226242025136343727354
453	7823310	779604	0.1777477850144187909720017159998
456	7875120	784698	0.17719986261850881326118667402625
459	7926930	789771	0.17666205157325221009045890241396
462	7978740	795091	0.17612270264357993143633507315826
465	8030550	800430	0.17559338430807508446562792414625
468	8082360	805372	0.17506253783954722758053890174779
471	8134170	810347	0.17454157564911185196443454969994
474	8185980	815270	0.17401896832043950436030854689307
477	8237790	820219	0.17350618169155859749075432318932
480	8289600	825110	0.1729917189942085098408597332309
483	8341410	830483	0.1724868343520983282601832797809
486	8393220	835844	0.17198026115904507804543754900806
489	8445030	840782	0.17148328408284180257581397199829
492	8496840	845724	0.17098450944535031892357324068143
495	8548650	850394	0.17049527804207059711316674111004
498	8600460	855416	0.17000413526507654471409125562786
501	8652270	860752	0.16952237610324341621215182840388
504	8704080	865903	0.16903871473042078599213766665343
507	8755890	871223	0.16856429766569139272469612933492
510	8807700	876222	0.1680879379424402575438080020831
513	8859510	881622	0.16762068424597145743781823057361
516	8911320	886600	0.16715148104932248118714710471977
519	8963130	892785	0.16669129390023335046677743775945
522	9014940	898026	0.16622907815078746818215904568206
525	9066750	903274	0.16577576609728911227747971679491
528	9118560	908428	0.16532050365645015177484822288534
531	9170370	913336	0.16487403437490180668767436600319
534	9222180	918234	0.16442543743222787222535430373682
537	9273990	923281	0.16398560451158999962117945869977
540	9325800	928439	0.1635436995135617355145996043575
543	9377610	933756	0.16311032116452400808626066464058
546	9429420	939108	0.16267487699069840823007382368814
549	9481230	944378	0.16224789219090957059776769710879
552	9533040	949814	0.16181878229594143236980130495795
555	9584850	955137	0.16139802590268528814654303005227
558	9636660	960451	0.16097511080466045396697438718547
561	9688470	965697	0.16056055632958818324418359679839
564	9740280	970851	0.16014371012375300251662224582105
567	9792090	975769	0.15973513224588620218469259270933
570	9843900	980657	0.15932437090511974986384302610531
573	9895710	985643	0.15892163016732940850062050230918
576	9947520	990677	0.15851670923645888588993102530367
579	9999330	995877	0.15811974618054805419298247670667
582	10051140	1001111	0.15772056109035223481207310669561
585	10102950	1006521	0.15732924249736088273543543891719
588	10154760	1011845	0.15693566134599648553837880626816
591	10206570	1017077	0.15654990136351490392918606175954
594	10258380	1022199	0.15616186012651300796250097846496
597	10310190	1027107	0.15578157850391682881507904312457
600	10362000	1032009	0.15539894014995356275044002813956
603	10413810	1037067	0.15502398554862928392594767501578
606	10465620	1041542	0.15464668054528846186101986859285
609	10517430	1046485	0.15427691537744844807455990576273
612	10569240	1051372	0.1539048129658236174766017256843
615	10621050	1056395	0.15354021328272629554057004952483
618	10672860	1061452	0.15317326416810911338117762170441
621	10724670	1066533	0.15281370555156778556771257626679
624	10776480	1071758	0.15245178095861863787341405895859
627	10828290	1077097	0.15209719568614388229832457000157
630	10880100	1082417	0.15174015277850522176450454026053
633	10931910	1087697	0.15139034560866818091007246493973
636	10983720	1092989	0.15103819054517547693095025351795
639	11035530	1098105	0.15069318832525036011560359838768
642	11087340	1103126	0.15034577471937174419913674228155
645	11139150	1108031	0.15000541266925984662528037461016
648	11190960	1112979	0.1496626605337304238840800962862
651	11242770	1118101	0.1493268540118631027002749078747
654	11294580	1123183	0.14898865784750225937926870756201
657	11346390	1128180	0.14865732488968050328814740623784
660	11398200	1133307	0.14832369224659999740190130523843
663	11450010	1138706	0.1479967826652712203916451016994
666	11501820	1144047	0.14766749784255811528410617938789
669	11553630	1148950	0.14734491878555946997586545421655
672	11605440	1154317	0.14702001652543059129207847490761
675	11657250	1159709	0.14670171237068208025533522231854
678	11709060	1165042	0.14638100496634709468679602650809
681	11760870	1170392	0.14606685494922760915059711805952
684	11812680	1175652	0.14575032243291777267479858437582
687	11864490	1180929	0.14544025746416719413467433241749
690	11916300	1185978	0.14512782706539548160940000798291
693	11968110	1190431	0.14482179920370460979306415083556
696	12019920	1195700	0.14451338502048413636735801901523
699	12071730	1201075	0.14421123752380837768072296967148
702	12123540	1206169	0.14390674142405726620985717545409
705	12175350	1211496	0.14360849226011043744399842125858
708	12227160	1217537	0.14330788128128377212355815117917
711	12278970	1222609	0.14301342778300313307582314337196
714	12330780	1228638	0.14271663849419696790121747653757
717	12382590	1233645	0.14242588402568687189209128973744
720	12434400	1237956	0.14213279843707374294758949417883
723	12486210	1243244	0.14184574654345549760137146222405
726	12538020	1248322	0.14155632997857389709928099819081
729	12589830	1253395	0.14127289683909863282629260083922
732	12641640	1258831	0.14098711075824099658859722694615
735	12693450	1263787	0.14070722434110743970236967470555
738	12745260	1269070	0.14042499441320033248814524995396
741	12797070	1274248	0.1401485727439703843355545131999
744	12848880	1279531	0.13986978990274623324552294434397
747	12900690	1284976	0.13959675748503241887732428949676
750	12952500	1291005	0.1393214151911103537706537736085
753	13004310	1296089	0.13905175636821762163997107109026
756	13056120	1301346	0.13877978933413273598951320764172
759	13107930	1306698	0.1385134571635750766471772976729
762	13159740	1312046	0.13824478076611423915665000095032
765	13211550	1316957	0.13798165862813488447002896464255
768	13263360	1321934	0.13771626237818765381426544536225
771	13315170	1326999	0.13745633068703139167965332489985
774	13366980	1332132	0.13719408928725296270556555100484
777	13418790	1337361	0.1369373087762020269053664378589
780	13470600	1342636	0.13667820597018640049746807108022
783	13522410	1347933	0.13642448807206122851631846515374
786	13574220	1353252	0.13616845119480963655078653573582
789	13626030	1358598	0.13591774069836037863723277041572
792	13677840	1363544	0.13566475371142200367913233094441
795	13729650	1368450	0.13541702979992015221100132293941
798	13781460	1373842	0.1351669990869780180187120777191
801	13833270	1378820	0.13492218836988043029201378431026
804	13885080	1384225	0.13467512375905954513655160553753
807	13936890	1389437	0.13443320963407892620899986013683
810	13988700	1394645	0.13418899134646622428590490017086
813	14040510	1399626	0.1339498836951185656296559045586
816	14092320	1404559	0.13370850986903562440666348720697
819	14144130	1409485	0.13347217069226230412581912787573
822	14195940	1414599	0.13323354268025919266982270983135
825	14247750	1419865	0.13299993024182318879233832831233
828	14299560	1425138	0.13276408365401540234707056242769
831	14351370	1430461	0.13253317558367092021676114654838
834	14403180	1435779	0.13230000504552227869048408592789
837	14454990	1440825	0.13207172087290641737666874178103
840	14506800	1445798	0.13184119575411260005814995110995
843	14558610	1450735	0.13161551624024969697757114772685
846	14610420	1455801	0.13138764727403645649062013944786
849	14662230	1461113	0.13116453081599710461802033023559
852	14714040	1466453	0.1309391864648591363717855529103
855	14765850	1471690	0.1307185746848449348078702314524
858	14817660	1476832	0.13049578298886863048089423955389
861	14869470	1481729	0.13027765214975883800718747806968
864	14921280	1486743	0.1300573294078375685689508145515
867	14973090	1492069	0.12984165467575115027187848681933
870	15024900	1497329	0.12962377759870122306828932323697
873	15076710	1502231	0.12941045312164320413295115486108
876	15128520	1507250	0.12919496904734642517276199669141
879	15180330	1512575	0.12898403820961598653660473701166
882	15232140	1517825	0.12877094331912808389262181663071
885	15283950	1522733	0.128562302390496707715783486492
888	15335760	1527724	0.12835152932075929999022889660409
891	15387570	1533051	0.12814518242809516679336923061783
894	15439380	1538374	0.12793672069518713385605224175379
897	15491190	1543349	0.12773261606973243531548689588817
900	15543000	1548324	0.1275264089896609165375451766522
