0	0	0	0.69314718055900481630260401288979
3	98910	3862	0.65483174797365173436247687277501
6	197820	7614	0.62081218089286838157647707703291
9	296730	11422	0.59057753980951110950314841829822
12	395640	15299	0.56365214674645158776655762267183
15	494550	20364	0.53963296173490848950393683480797
18	593460	24585	0.51813392560077997650580527988495
21	692370	28379	0.49884262290967135156094514059077
24	791280	32137	0.48149055399239054642279711515584
27	890190	35875	0.46583539955629310602702730648161
30	989100	39618	0.45166848842314866185887467509019
33	1088010	43379	0.43880768805581082947497861823649
36	1186920	47722	0.42710328970475835985709522901743
39	1285830	51592	0.41641091082001679968271901088883
42	1384740	55757	0.40661749283704173851816676688031
45	1483650	59513	0.39762444515801986799630185487331
48	1582560	63756	0.38933641766822413288196003122721
51	1681470	68121	0.38168183557326951227395284149679
54	1780380	72206	0.37459395991750626953020741893852
57	1879290	75977	0.36800925464310951795710025180597
60	1978200	80265	0.36187882674583710107540923672786
63	2077110	84628	0.35615432067666025206520430401724
66	2176020	88604	0.35079791207119120910462584106426
69	2274930	92597	0.34577276882502083754644672808354
72	2373840	96490	0.34104947926914841449530513273203
75	2472750	100393	0.33659667245531860180207672783581
78	2571660	104226	0.33239243447241001438996477190813
81	2670570	108633	0.32841405768880960192035445288639
84	2769480	112602	0.32464079700198661404542121999839
87	2868390	116388	0.32105614111602204241435742915201
90	2967300	120523	0.31764381009845105152678002014
93	3066210	124344	0.31438912162181048559617124737997
96	3165120	128249	0.31127935498533393365860888479801
99	3264030	132229	0.30830338890713726573977737643872
102	3362940	136267	0.30545092990520450459968060386018
105	3461850	140229	0.30271271781069081230342021626711
108	3560760	144110	0.30007993055174725371969657317095
111	3659670	147911	0.29754485047871209735248498873261
114	3758580	151630	0.29510037950084566649167072682758
117	3857490	155396	0.29274076797908871183651058345276
120	3956400	159367	0.29045972323945279391921303613344
123	4055310	163204	0.28825201672251798967749891744461
126	4154220	167116	0.28611239398249516119321356200089
129	4253130	171109	0.28403728736851113767514220853627
132	4352040	175140	0.28202153731306628392516699932457
135	4450950	179096	0.28006261619983657817911648635345
138	4549860	182970	0.27815640513647765796889643752365
141	4648770	186886	0.27629970683083571181271054229001
144	4747680	191530	0.27448997363684207728695696459909
147	4846590	195299	0.27272458941054267267389832340996
150	4945500	199065	0.27100078701782287504684632040153
153	5044410	204200	0.26931671148256380865504411303846
156	5143320	208399	0.2676696339758838916189631618181
159	5242230	212217	0.26605830072503677818929190834751
162	5341140	216242	0.26448028897925002222990542577463
165	5440050	220256	0.26293457479626203276978912981576
168	5538960	224044	0.26141919427245308149565516941948
171	5637870	227935	0.25993264455788822608894861332374
174	5736780	231977	0.25847387286490175473119279558887
177	5835690	235959	0.25704145225689500886545602043043
180	5934600	240250	0.25563436915665105342299057156197
183	6033510	244705	0.25425136620381594276807390997419
186	6132420	248677	0.25289158131134314988486266884138
189	6231330	252745	0.25155391581663871791718634085555
192	6330240	256713	0.2502376457643330498470390921284
195	6429150	260597	0.24894188847644571627171217187424
198	6528060	264989	0.24766582208802195852470617865038
201	6626970	268993	0.24640902861438551685324682694045
204	6725880	273065	0.24517050932326758805324118384306
207	6824790	277018	0.24394968873096564698776944624115
210	6923700	281250	0.24274594489847906020330015053332
213	7022610	285441	0.24155870467064205486806827138935
216	7121520	289274	0.24038750242975384652233117321884
219	7220430	293238	0.23923183485337751186250443424797
222	7319340	298305	0.23809107377145896644599076807935
225	7418250	302145	0.23696497929780305224944925157615
228	7517160	307272	0.23585308403789717601739539531991
231	7616070	311148	0.2347549461262630199342993364553
234	7714980	315316	0.23367014165751903709278280985018
237	7813890	319435	0.23259843474417293829326069953822
240	7912800	324010	0.23153932715573541378795141554292
243	8011710	328175	0.23049252945986464791161552057019
246	8110620	333216	0.22945796595639397774668566398759
249	8209530	336948	0.22843518834941517470227267949667
252	8308440	340799	0.22742389864141218658311061062705
255	8407350	345024	0.2264237870601881197352156505076
258	8506260	349812	0.22543456787796692375458462720417
261	8605170	353630	0.2244562611956400777213360697715
264	8704080	357647	0.22348842046264560945445509787533
267	8802990	361441	0.22253078803955284037385808915133
270	8901900	366644	0.22158324003062673801522919347917
273	9000810	370459	0.22064558273799675380821838643897
276	9099720	374227	0.21971769400669119431945830456243
279	9198630	378289	0.21879926951661332612530941332807
282	9297540	382844	0.21789015383134505143836179286154
285	9396450	386742	0.21699043779696974842963186347333
288	9495360	390506	0.2160994836746445990627307764953
291	9594270	394198	0.21521739285322763479690877375106
294	9693180	397331	0.21434388777290686034504574308812
297	9792090	400460	0.21347883936539835403323195350822
300	9891000	404193	0.21262218252077946800682184402831
303	9989910	408098	0.21177386225587468970843474380672
306	10088820	412163	0.21093371438645758253471740317764
309	10187730	415978	0.2101016029217227520931032813678
312	10286640	420015	0.20927731200142080103532293833268
315	10385550	423771	0.20846070801697025309806576842675
318	10484460	427722	0.20765193101025825050953699246747
321	10583370	432195	0.206850570327002880599565060038
324	10682280	436229	0.20605675190387021111781962190435
327	10781190	440350	0.20527018310333502992826026911644
330	10880100	445498	0.20449078341777512934918092923908
333	10979010	450365	0.2037184935502849292277005588403
336	11077920	454134	0.20295320710681957754317750186601
339	11176830	458355	0.20219472925126963369635291201121
342	11275740	462390	0.20144311956498542337534729540494
345	11374650	466279	0.20069828353249685726211737346603
348	11473560	470019	0.1999601218135270697118244243029
351	11572470	474181	0.19922862883221623131468902556662
354	11671380	478453	0.19850353393752337427535792357958
357	11770290	483442	0.19778477793900994807785309603787
360	11869200	487186	0.19707240447773691216504232670559
363	11968110	490986	0.19636618363666377695686549031961
366	12067020	495546	0.19566607330282118071274055637332
369	12165930	500055	0.19497214516470728895569664018694
372	12264840	503855	0.19428416622102820388029442710831
375	12363750	507809	0.19360212272555113455219100160321
378	12462660	511756	0.19292605064771886635988096259098
381	12561570	516238	0.19225572431127399553041357194161
384	12660480	520763	0.19159118186390636240368223752739
387	12759390	524488	0.19093211172553764543025067723647
390	12858300	528260	0.19027877911763613205664569250075
393	12957210	532129	0.18963095148960160130080510043626
396	13056120	536534	0.188988699799546189250776251356
399	13155030	540353	0.18835172566619537426468866669893
402	13253940	544375	0.18772005300506824920780957199895
405	13352850	549063	0.18709372700114687559924675497314
408	13451760	553052	0.18647255727154030124914640964562
411	13550670	557088	0.18585657944467193214421740776743
414	13649580	561397	0.18524568444946912237902836295689
417	13748490	565247	0.18464001011144770547645066471887
420	13847400	569061	0.18403926950255355965424541864195
423	13946310	572824	0.18344339967780268207953042747249
426	14045220	576949	0.18285242774595480974575423260831
429	14144130	580937	0.18226620428581663535538837095373
432	14243040	584783	0.18168475957912233464952578287921
435	14341950	588663	0.18110809259075189014964735179092
438	14440860	592554	0.18053606193184773553994659778255
441	14539770	596556	0.17996858011303779045775286249409
444	14638680	600611	0.17940573075142007830606871721102
447	14737590	605231	0.17884736820924709843616540183575
450	14836500	609248	0.17829348374389866749289978997695
453	14935410	613099	0.17774418731891733491679019607545
456	15034320	616872	0.17719924020872657166592034627683
459	15133230	620694	0.17665855830525911684958373371046
462	15232140	624755	0.17612218162219978045968105107022
465	15331050	628806	0.17558999929771576531400967269292
468	15429960	633161	0.1750621155027067277210051088332
471	15528870	637883	0.1745382573339906429055190528743
474	15627780	641852	0.17401855684133687995895911626576
477	15726690	645705	0.17350291891960117895976623003662
480	15825600	649488	0.17299121434599770696927123481146
483	15924510	653269	0.17248360093560310968285875787842
486	16023420	657362	0.171979910543584357807134210816
489	16122330	661612	0.17148018192590117059204146698903
492	16221240	665525	0.17098427884075631522087235225627
495	16320150	669496	0.17049220729414896191578066009242
498	16419060	673530	0.17000385274623450171382899043238
501	16517970	677482	0.16951926061975913784252156801813
504	16616880	681349	0.16903834266920211848450605884864
507	16715790	685150	0.16856113764819480316248245799216
510	16814700	690115	0.16808747755218250707898164364451
513	16913610	695200	0.167617482263534400832583060037
516	17012520	699134	0.16715102117719896068770424335526
519	17111430	702899	0.16668812551233455621080281616742
522	17210340	706892	0.16622869180959007340270261465776
525	17309250	710891	0.16577271413946725875376841941033
528	17408160	714783	0.16532016658626635940976257188595
531	17507070	719297	0.16487098060537930255264882362098
534	17605980	723055	0.16442510267430021642098836309742
537	17704890	726997	0.16398254785239427255838506880536
540	17803800	731524	0.16354328222277464410794323157461
543	17902710	735572	0.16310729378813504375500542664668
546	18001620	740435	0.16267450781204123577694531377347
549	18100530	745017	0.16224489158475260963676589653915
552	18199440	749735	0.16181850563849212165656865636265
555	18298350	753486	0.16139517809860434716107135955099
558	18397260	757240	0.1609748938455763389576702593331
561	18496170	761101	0.16055765733394289362934159726137
564	18595080	765123	0.16014349181656406528873048955575
567	18693990	769321	0.15973223438156358700013015550212
570	18792900	773518	0.15932401297738510437262959840155
573	18891810	777715	0.15891873118234325912290216820111
576	18990720	782241	0.15851639295679104124658920227375
579	19089630	786776	0.158116906213512126155862347332
582	19188540	791184	0.1577202833266614923068971165776
585	19287450	795599	0.15732648659333098306589704407088
588	19386360	799922	0.15693547843937394326019330037525
591	19485270	804163	0.15654722574846510751989114851312
594	19584180	808307	0.15616168720177536766158254977199
597	19683090	812793	0.15577891728381670910508205452061
600	19782000	817926	0.15539882461385945422449594843783
603	19880910	822175	0.15502137727292283897462255026767
606	19979820	826406	0.15464659114208537116219588369859
609	20078730	830880	0.15427442966714516314752358994156
612	20177640	835228	0.15390487178725645311949676852237
615	20276550	839781	0.15353781392213208811803326625522
618	20375460	844381	0.15317326706002443170717697284999
621	20474370	849009	0.15281128341447558494081704338896
624	20573280	853636	0.15245179391651564326792822612333
627	20672190	857953	0.15209476738882668489516447607457
630	20771100	862286	0.15174012219443702709220644919696
633	20870010	866718	0.15138794498237345687030597218836
636	20968920	871160	0.15103819132521739687646800121001
639	21067830	875621	0.15069083382049025532367636515119
642	21166740	879765	0.15034579303092274193964783535193
645	21265650	883973	0.15000311902260424212762757179007
648	21364560	888251	0.14966273698601020858411914105091
651	21463470	892431	0.14932461291589821383851699465595
654	21562380	896833	0.14898879699550665600682464173588
657	21661290	901221	0.14865516740531772854616576751141
660	21760200	905692	0.1483238163768837158951185983824
663	21859110	910169	0.14799468041699698206414836931799
666	21958020	914439	0.14766772409835707269287752296805
669	22056930	918948	0.14734292456399641912945241983834
672	22155840	923402	0.14702019227476048612857084663119
675	22254750	927883	0.14669962014917037329553295421647
678	22353660	932281	0.14638113393338303414026313475915
681	22452570	936820	0.14606477020121946819308789144998
684	22551480	941160	0.14575046907839386833849459890189
687	22650390	945605	0.14543819620552056459672485289047
690	22749300	950326	0.14512793407903648579271305152361
693	22848210	954874	0.14481968057164404384273836967623
696	22947120	959347	0.14451342702773317672182429305394
699	23046030	963999	0.14420916562659266690893389295525
702	23144940	969296	0.1439068788739654436437120921255
705	23243850	973967	0.14360651248569269999855180230952
708	23342760	978425	0.14330803267814773427346608514199
711	23441670	983794	0.14301144246234309687082486561849
714	23540580	988156	0.14271673251992691988654371471057
717	23639490	992418	0.14242394890202397794709554545989
720	23738400	997847	0.1421330048501589504716946521512
723	23837310	1002216	0.14184386486230241009032226884301
726	23936220	1006896	0.1415565692177054579747874640816
729	24035130	1012872	0.14127102989909767760678960257792
732	24134040	1017261	0.14098731555314036878456818158156
735	24232950	1022423	0.14070539200432280457775391369069
738	24331860	1027343	0.14042520650739842569265647398424
741	24430770	1032476	0.14014674566161533508790171254077
744	24529680	1037041	0.13987000897429416323980433389806
747	24628590	1041454	0.13959498528095745650823289452092
750	24727500	1045979	0.13932164277276493091761722098454
753	24826410	1050585	0.13904998298672377465834415488644
756	24925320	1056742	0.13877998857898168894031698528124
759	25024230	1061362	0.13851162727399735086208920620265
762	25123140	1065679	0.13824493400299162071398484386009
765	25222050	1070122	0.13797984413312783247285153720441
768	25320960	1076286	0.1377163724378704101614090404837
771	25419870	1080613	0.13745445774588122000992029825284
774	25518780	1084885	0.13719414952933772777754484195611
777	25617690	1089699	0.1369354316430151652372870785257
780	25716600	1094702	0.13667824519195068133647907870909
783	25815510	1099279	0.13642259878201498657368517797295
786	25914420	1103645	0.13616846611457186777549566158996
789	26013330	1107975	0.13591585963997343533549155836226
792	26112240	1112487	0.13566474212976414870368557785696
795	26211150	1117835	0.1354151166333216194104238638829
798	26310060	1123474	0.13516696720255363950435878450662
801	26408970	1128752	0.134920292395918101080454221119
804	26507880	1133740	0.13467507342273152270983871403587
807	26606790	1139130	0.13443126791123857777243699729297
810	26705700	1143705	0.13418891256287479585296296136221
813	26804610	1149800	0.13394796745578158025935522346117
816	26903520	1154894	0.13370842020354631318745930457226
819	27002430	1161026	0.1334702609465369671504220150382
822	27101340	1166126	0.13323350083434684631988886849285
825	27200250	1171384	0.13299808575061577986531347050914
828	27299160	1176358	0.13276403254472451953560607762483
831	27398070	1181069	0.13253136486833824725373176534049
834	27496980	1186007	0.13229997589610681396621316707751
837	27595890	1191867	0.13206993505285594125986392555205
840	27694800	1197901	0.13184121113225893973108782120107
843	27793710	1203006	0.13161378705009618705901175417239
846	27892620	1207473	0.13138764065611077680451046489907
849	27991530	1212942	0.13116277223444355870540789510414
852	28090440	1217991	0.13093917866516879833227449125843
855	28189350	1223315	0.13071685557047066361668896661286
858	28288260	1228418	0.13049577290795510986498584315996
861	28387170	1233368	0.13027594527153016357168269223621
864	28486080	1238624	0.13005732259140709294875648538437
867	28584990	1243905	0.12983992682882070091032744585391
870	28683900	1248906	0.12962372095289928508599075485108
873	28782810	1253480	0.12940873069506264592121169698657
876	28881720	1259649	0.1291949356265541248856010270174
879	28980630	1264643	0.12898231292397616121192527316452
882	29079540	1270802	0.12877085907509153162031623196526
885	29178450	1275832	0.12856057127108316828767442530079
888	29277360	1280816	0.1283514515052645854620294585402
891	29376270	1286027	0.12814347698287409382800206003594
894	29475180	1291372	0.12793663542376032538072649913374
897	29574090	1296637	0.12773089990398842075158825082326
900	29673000	1301901	0.12752630164417705360691002169915
